UniqueCount	AmbigCount
0	0
0	0
0	0
0	0
0	0
0	0
0	0
0	0
0	0
0	0
0	0
0	0
0	0
0	0
0	0
0	0
0	0
0	0
0	0
0	0
0	0
0	0
0	0
0	0
0	0
0	0
0	0
0	0
0	0
0	0
0	0
0	0
0	0
0	0
0	0
0	0
0	0
0	0
0	0
0	0
0	0
0	0
0	0
0	0
0	0
0	0
0	0
0	0
0	0
0	0
0	0
0	0
0	0
0	0
0	0
0	0
0	0
0	0
0	0
0	0
0	0
0	0
0	0
0	0
0	0
0	0
0	0
0	0
0	0
0	0
0	0
0	0
0	0
0	0
9	0
0	0
0	0
0	0
0	0
0	0
0	0
0	0
0	0
0	0
0	0
0	0
0	0
0	0
0	0
0	0
0	0
0	0
0	0
0	0
0	0
0	0
0	0
0	0
0	0
0	0
0	0
0	0
0	0
0	0
0	0
0	0
0	0
0	0
0	0
0	0
0	0
0	0
0	0
0	0
0	0
0	0
0	0
0	0
0	0
0	0
0	0
0	0
0	0
0	0
0	0
0	0
0	0
0	0
0	0
0	0
0	0
0	0
0	0
0	0
0	0
0	0
0	0
0	0
0	0
0	0
0	0
0	0
0	0
0	0
0	0
0	0
0	0
0	0
0	0
2	0
0	0
0	0
0	0
0	0
0	0
0	0
0	0
0	0
0	0
0	0
0	0
0	0
0	0
0	0
0	0
0	0
0	0
0	0
0	0
0	0
0	0
0	0
0	0
0	0
0	0
0	0
0	0
0	0
0	0
0	0
0	0
0	0
0	0
0	0
0	0
0	0
0	0
0	0
0	0
0	0
0	0
0	0
0	0
0	0
1	0
1	0
0	0
0	0
0	0
0	0
0	0
0	0
0	0
0	0
0	0
0	0
0	0
0	0
0	0
0	0
0	0
0	0
0	0
0	0
0	0
0	0
0	0
0	0
0	0
0	0
0	0
0	0
3	0
0	0
1	0
0	0
0	0
0	0
0	0
0	0
0	0
0	0
0	0
0	0
0	0
0	0
4	0
0	36
0	27
0	20
0	30
0	31
0	11
0	0
0	6
0	26
0	26
0	0
0	8
0	8
0	0
0	0
0	0
0	0
0	0
0	187
0	187
0	0
0	0
0	0
0	0
0	1
0	1
0	1
0	0
7	18
0	0
0	0
0	5
0	2
0	0
0	0
0	3
1	0
0	0
0	0
0	0
0	0
0	0
0	0
0	0
0	0
0	0
0	0
0	0
0	0
0	9
0	0
0	0
61	25
0	11
19	8
0	11
0	0
1	411
0	806
0	760
0	0
0	0
0	0
0	0
0	0
0	0
0	0
0	0
0	0
0	0
0	0
0	0
0	0
0	0
0	0
0	0
0	0
0	0
0	6
0	5
0	2
0	0
0	0
0	3
0	0
0	0
0	0
0	0
0	0
0	0
0	1
0	0
0	1
0	0
0	0
0	0
0	1
0	0
0	0
0	0
0	0
0	0
0	0
0	0
0	0
0	0
0	0
0	0
0	0
0	38
0	40
0	1
0	6
0	27
0	34
0	0
0	0
281	1168
25	984
3	645
0	130
0	59
0	1067
0	22
0	36
0	38
0	19
0	1
0	6
0	25
0	32
0	5
0	1
0	5
0	0
0	0
0	0
78	52
2	39
0	107
0	99
16	10
36	77
1	0
8	35
0	29
18	20
1	4
0	29
0	1
0	5
0	5
0	0
0	5
0	6
0	23
0	37
0	39
0	19
0	1
0	6
0	26
0	33
0	0
0	0
0	0
0	0
0	0
0	0
0	0
0	0
0	0
0	0
0	0
0	0
0	0
0	0
0	0
0	0
0	0
0	0
123	1
13	1
0	0
0	0
0	0
0	0
0	0
0	0
0	0
0	0
0	0
0	0
0	0
0	0
0	0
0	0
0	0
0	0
0	0
0	0
0	0
0	0
0	0
0	0
0	0
0	0
0	0
0	0
0	0
0	0
0	2
0	2
0	0
0	0
0	0
0	0
0	0
0	0
0	0
0	0
0	0
0	0
0	0
0	0
0	2
0	2
0	0
0	0
0	0
9	0
0	0
0	0
0	0
0	0
0	2
0	2
0	0
0	0
0	0
0	0
0	0
0	0
0	0
0	0
0	0
0	0
0	0
0	0
0	0
0	0
0	0
0	0
0	0
0	0
0	0
0	0
0	0
0	0
0	0
0	0
0	0
0	0
0	0
0	0
0	0
0	0
0	0
0	0
0	0
0	0
0	0
0	0
0	0
0	0
0	0
0	0
0	0
0	0
0	0
0	0
0	0
1	0
0	0
0	0
0	0
0	0
0	0
0	0
0	0
0	0
0	0
0	0
0	0
0	0
0	0
0	0
0	0
0	0
0	0
0	0
0	0
0	0
0	0
0	0
0	0
0	0
0	0
0	0
0	0
0	0
0	0
0	0
0	0
0	0
0	0
0	0
0	0
0	0
0	0
0	0
0	0
0	0
0	0
0	0
0	0
0	0
0	0
0	0
0	0
0	0
0	0
0	0
0	0
0	0
0	0
0	0
0	0
0	0
0	0
0	0
0	0
0	0
0	0
0	0
0	0
0	0
0	0
0	0
0	0
0	0
0	0
0	0
0	0
0	0
0	0
0	0
0	0
0	0
0	0
0	0
0	0
0	0
0	0
0	0
0	0
0	0
0	0
0	0
0	0
0	0
0	0
0	0
0	0
0	0
0	0
0	0
0	0
0	0
0	0
0	0
0	0
0	0
0	0
0	0
0	0
0	0
0	0
0	0
0	0
0	0
0	0
0	0
0	0
0	0
0	0
0	0
0	0
0	0
0	0
0	0
0	0
0	0
0	0
0	0
0	0
0	0
0	0
0	0
0	0
0	0
0	0
0	0
42	0
0	0
0	0
0	0
0	0
0	0
0	0
0	0
0	0
0	0
0	0
0	0
0	0
0	0
0	0
0	0
0	0
0	0
0	0
0	0
0	0
0	0
0	0
0	0
0	0
0	0
0	0
0	0
0	0
0	0
0	0
0	0
0	0
0	0
0	0
5	0
0	0
0	0
0	0
0	0
0	0
0	0
0	0
0	0
0	0
0	0
0	0
0	0
0	0
0	0
0	0
0	0
0	0
0	0
0	0
0	0
0	0
0	0
0	0
0	0
0	0
0	0
0	0
0	0
0	0
0	0
0	0
0	0
0	0
0	0
0	0
0	0
0	0
0	0
0	0
0	0
0	0
0	0
0	0
0	0
0	0
0	0
0	0
0	0
0	0
0	0
1	0
0	0
0	0
0	0
0	0
0	0
0	0
0	0
0	0
0	0
0	0
0	0
0	0
0	0
0	0
0	0
0	0
0	0
0	0
0	0
0	0
0	0
0	0
0	0
0	0
0	0
0	0
0	0
0	0
0	0
0	0
0	0
0	0
0	0
0	0
0	0
0	0
0	0
0	0
0	0
0	0
0	0
0	0
0	0
0	0
0	0
0	0
0	0
0	0
0	0
0	0
0	0
0	0
0	0
0	0
0	0
0	0
0	0
0	0
0	0
0	0
0	0
0	0
0	0
0	0
0	0
0	0
0	0
0	0
0	0
0	1
1	0
1	0
0	0
0	1
0	5525
0	7138
1	5523
1	2
0	0
0	0
50	60
0	439
0	65
0	15
0	778
0	0
0	0
0	0
0	0
0	0
0	0
0	1337
0	737
0	1308
0	0
0	74
0	71
0	112
0	13794
0	7336
0	1408
0	1586
0	53
0	0
0	0
0	25
0	0
0	0
658	5
1109	170
8319	629
4201	1
35	0
577	9
5902	13
977	0
415	0
1237	1
0	549
2413	0
603	0
1674	0
0	35
0	343
0	50134
0	24158
0	33757
0	18828
0	41970
0	13459
0	20867
0	31279
0	1102
0	2807
0	2807
0	2726
0	641
0	1093
0	1130
0	343
0	888
0	683
0	604
0	12
0	12
0	12
0	7
0	7
0	0
0	0
0	0
0	0
0	1337
0	737
0	1308
0	0
0	1408
0	1586
0	2265
0	418
1	3
1	43
0	8
0	46
0	12
0	0
2913	121
3	121
1285	974
16	118
1	4
6	345
0	514
0	0
77	9
282	419
153	487
2	121
7	2
642	460
20	460
0	0
0	0
0	0
1	0
0	0
30	14
0	0
0	430
45	430
24	30
38	430
676	5770
194	5276
31	1922
47	317
10	1168
0	1460
178	942
38	2315
1267	4162
8	2197
12	1870
0	233
298	19
262	1468
8	631
0	816
0	212
6	309
0	270
6	218
3	261
17	339
0	177
2	25
51	84
0	123
0	115
26	120
0	120
0	194
50	217
13	165
28	35
147	296
0	21
0	23
1	68
0	10
0	260
0	26
0	37
5	48
2	30
0	3
0	13
0	2
0	0
0	0
0	0
0	0
0	0
0	0
0	0
2	6
17	38
0	5
0	0
1	1
13	0
4	0
17	436
8	35
0	286
5	18
7	8
11	32
14	19
4	22
0	436
4	1620
1	1851
128	1408
23	281
0	1360
4	219
0	910
25	240
1	206
0	0
0	0
0	0
0	0
0	0
0	0
0	0
0	0
0	0
0	0
0	0
0	0
0	0
4	6
0	40
0	234
0	37
44	402
2	248
0	15
0	17
2	38
53	31
22	57
1	25
1	8
1	60
5	232
0	417
0	14
0	13
0	366
13	399
42	11
0	42
11	18
1	79
98	1151
20	128
24	477
3	1060
72	755
1	0
0	0
0	0
0	1
0	0
0	1
0	1
0	1
6	3
2	4
0	27
0	27
1	0
0	7
0	1
299	1078
126	444
0	1060
0	594
4	91
75	155
8	119
0	14
0	82
11	153
0	22
0	35
7	61
7	11
7	23
5	0
1	45
0	34
2	17
1	8
4	21
0	45
0	32
0	0
0	10
0	43711
0	31076
0	20222
0	24869
0	17526
0	31432
0	1239
0	12360
0	1499
33	1234
6	1333
9	246
178	318
11	1266
1	1204
19	199
8	241
3	4
0	975
3	207
1	868
1	844
5	115
1	526
7	34
5	419
50	11
10	15
14	197
87	174
0	146
0	121
1	93
0	137
5	134
1	88
0	123
0	107
1	41
0	75
0	62
0	29
3	30
1	8
1	17
0	109
0	669
1	751
10	930
0	930
0	179
0	57
17	108
18	41
0	8
0	380
0	268
0	669
1	0
1	91
63	845
2	258
0	39
1	8
9	48
0	0
9	3
0	3
0	3
0	0
0	31
0	87
0	100
0	316
0	145
0	239
0	235
0	258
0	81
0	88
0	56
0	108
0	3
0	0
0	1
0	108
0	1853
0	2063
0	1468
0	230
0	305
0	56
0	43
0	147
0	64
0	560
0	382
19	1182
25	1765
9	830
15	826
0	538
2	396
27	1714
38	804
5	747
0	435
1	473
1	73
0	99
42	135
3	70
30	9
0	2440
2	2490
0	1927
0	2385
0	2339
0	325
45	210
4	242
0	390
5	265
58	204
54	99
0	92
0	0
5	31
0	0
62	55
0	30
2	1020
10	1057
0	53
5	124
27	399
43	780
0	33
6	40
0	39
3	1073
0	0
0	0
3	346
12	414
7	372
2	372
18	3
9	4
3	160
5	4340
2	1641
0	127
21	524
1	116
2	4181
0	0
46	52
0	0
0	0
0	0
95	1743
20	564
15	73
3	13
3	25
0	39
14	139
22	1628
0	0
0	0
0	0
0	0
0	0
0	0
0	0
1	4
1483	1240
0	1232
5	4
17	28
13	1506
145	1640
8	178
5	0
3	25
39	1
0	100
6	22
0	8
10	2
10	360
345	488
75	133
4	1033
0	0
461	6525
3	7519
0	6077
10	896
17	476
11	1910
10	271
0	463
1	413
4	5965
53	6143
0	5089
0	6079
3	244
0	758
8	521
0	897
0	667
2	188
0	71
3	321
134	1227
53	2531
40	8643
0	0
0	0
0	0
260	452
11	322
0	50
2	149
0	0
0	0
0	0
0	0
4	692
0	692
0	741
6	789
7	740
0	390
1	26
1	28
1	109
1	0
0	0
0	3
0	3
25	27
9	33
5	8
0	5
0	1
1	0
0	0
1331	528
6	64
10	265
1	199
8	1486
0	397
0	0
0	0
0	0
0	0
0	0
0	0
0	0
0	78
9	38
1	93
18	76
13	109
0	26
9	7
215	2838
4	609
2	17
0	8
3	135
498	2258
25	8
0	168
7	1010
5	2440
1	158
0	328
2	135
1	57
0	40
15	205
7	1
0	296
0	22
72	2764
3	772
0	311
2	97
2	31
0	2471
8	0
1	173
43	173
5	13
0	0
0	0
0	25
0	0
0	0
0	343
0	0
0	0
0	0
0	0
12	4
0	0
0	0
0	4
0	11
0	0
0	139
0	0
0	0
0	0
0	0
0	0
0	0
0	0
0	0
9	3448
0	0
0	3982
267	4534
0	3201
0	3654
10	13
26	0
0	0
0	0
0	0
0	0
43	2050
73	1463
12	980
29	1960
455	1566
0	908
54	493
0	1358
4087	5044
1	5021
55	1545
143	165
39	340
1	6
35	24
0	747
200	4252
29	4455
3567	8023
20	5825
0	4843
0	475
1	4311
0	5227
373	5227
3	2412
1	2
5	0
0	21
368	69
13	52
11	45
10	10
1	0
274	1030
0	725
0	733
0	715
117	200
3	638
0	270
115	1510
0	1446
0	1446
0	1434
0	1436
0	1436
0	1437
0	1445
1	1442
0	235
5	162
2	50
0	4084
0	2579
0	501
0	56
0	3574
41	31
0	26
1	29
225	47
0	16
0	12
0	12
2	0
0	0
0	9
0	0
0	0
0	0
0	0
1	3
0	0
0	9
0	0
0	0
0	0
0	5
0	7
0	8
0	0
1	4
0	3
1138	424
34	424
35	74
4	1047
12	1015
569	1495
1	1210
1	1297
0	1297
67	117
0	17
33	94
12	75
0	0
639	0
0	0
17	180
20	559
14	947
285	1844
0	488
23	385
8	684
0	356
37	243
0	176
1	354
0	287
5	919
3	1507
35	815
32	114
0	1070
0	1506
18	737
11	1070
79	1088
0	1058
7	1066
0	1264
15	677
0	1026
0	344
33	644
29	44
4	43
0	3
0	7
0	7
0	7
0	7
0	7
0	7
0	8
0	8
0	17
0	3
0	9
0	10
0	1
0	0
0	0
0	7
7	666
2	399
2	688
0	416
9	41
49	332
0	31
0	96
0	131
30	230
0	253
5	104
17	7
12	214
19	269
1	1045
30	135
2	291
43	136
16	126
10	119
3	1057
10	1971
38	1844
4	59
1	1817
10	288
25	1084
176	1206
0	695
99	967
0	174
50	93
0	135
0	222
14	255
4	152
34	751
578	1042
4	729
0	658
20	423
2	281
1	4
4	111
913	250
5	77
2	111
16	128
1	125
1330	1068
29	176
10	22
23	231
104	374
19	309
164	444
0	0
1	556
0	345
1	149
2	705
0	325
0	158
0	150
11	76
12	30
1	150
0	151
0	197
1	57
0	189
52	57
24	191
26	373
3	97
3	27
2	549
843	791
2	315
4	500
23	86
10	103
8	546
27	64
1	86
1	546
941	3747
7	1120
168	3630
14	744
0	0
13	187
0	176
8	222
1	1
1	84
0	39
5	0
46	2638
15	1941
213	3052
0	2806
1	121
0	213
12	38
13	11
0	624
0	29
1	44
2	452
24	335
5	99
11	118
3	10
2	0
2	1
0	21
0	8
0	1
0	307
0	0
0	4
0	8
0	0
0	3
0	0
0	0
1	14
12	9
0	8
0	13
0	12
0	12
0	13
0	9
16	97
406	362
33	42
29	310
0	172
52	30
50	667
11	1186
1	1314
3	356
6	994
10	33
19	48
0	29
24	226
3157	4390
219	1033
3	1467
196	479
142	3051
2	1350
0	65
2	0
0	57
3	7
2	7
6	50
14	8
0	7
77	398
175	542
2420	794
142	240
7	69
43	236
6	40
18	7
438	925
4	810
2	0
22	355
3	123
6	2
19	295
188	192
2	52
0	44
92	259
33	76
3	2
0	2
0	2
7	6
0	4
0	5
0	4
0	3
1	7
0	7
0	3
3	0
0	0
0	25
17	40
44	6
1535	0
0	0
307	1682
3	267
2	314
0	979
2	1508
27	11
33	414
3	191
104	201
0	185
0	187
0	181
7	196
31	2
4	114
0	114
4	35
3	18
3	1
0	0
0	497
6	168
1	4
0	8
0	3
0	0
0	238
0	0
0	176
6	8
6	3
0	468
192	306
10	222
10	87
0	0
11	48
0	0
0	0
0	0
0	0
0	0
0	0
0	0
0	0
9	48
0	172
2	229
88	164
24	5370
71	6
0	4152
360	355
9	624
7	5
0	16
0	107
0	3
0	1
0	38
6	21
0	5307
0	0
5	22
0	0
0	0
0	0
0	0
0	0
0	0
0	0
33	6315
0	7333
16	6531
7	5155
0	5926
5	3669
45	3229
29	801
10	262
96	1805
0	1157
104	1513
0	19
0	1546
34	277
0	246
24	41
10	495
0	115
5	110
15	169
9	54
1	599
0	544
54	211
0	459
19	452
3	210
3	471
0	530
2	461
0	423
0	179
14	2
8	17
0	205
0	217
0	5
1	47
0	177
0	46
0	219
0	25
17	4
135	4401
240	4401
70	590
3	2
43	2139
186	7676
0	5915
3	4947
2	1135
0	216
30	946
25	732
0	658
0	1585
19	985
0	558
7	1254
43	477
1	207
1	204
1	289
1	517
0	388
1	17
0	247
0	219
0	3000
0	5441
70	3220
71	353
85	3826
548	5469
0	3017
36	146
87	2977
205	270
84	239
5	2220
23	56
8	2055
376	18163
0	1148
113	461
3	1029
0	11177
452	15547
73	963
107	4221
0	304
0	1
0	1
0	1
0	0
0	0
0	0
0	1
0	0
0	0
0	0
87	20582
0	7465
17	22621
188	556
1	1659
0	1317
0	1311
0	1038
0	1015
3	1004
0	828
0	53
2	769
0	1911
0	0
0	0
43	804
35	273
2	8
1	0
3	2
0	804
0	0
0	0
0	0
0	0
0	0
0	0
2	395
0	402
0	405
0	405
3	570
0	564
11	97
0	561
472	635
3	616
0	0
0	0
0	54
0	54
0	0
0	0
0	0
0	0
0	0
0	0
0	54
0	0
0	0
0	0
0	4
0	0
0	0
0	0
0	0
0	1
0	7
0	1
0	0
0	6
0	0
0	0
0	0
0	0
0	0
1	407
3	72
1	76
11	69
43	264
0	207
72	187
0	120
0	52
13	24
3	97
0	23
0	176
17	327
2	320
0	87
0	269
6	283
0	91
0	85
0	88
19	22
0	3
1	50
2	33
0	37
0	24
0	11
0	29
7	0
4	0
0	109
0	32
0	0
0	109
0	214
715	470
11	278
7	377
11	79
0	0
0	0
0	0
0	20
0	20
0	0
0	20
0	0
0	0
6	1382
1	123
0	386
10	1201
5	48
5	1111
2	133
0	185
0	251
5	315
4	694
3	113
19	834
10	26
1	2
73	232
23	13
486	169
44	120
5	135
3	43
130	0
0	0
0	1116
2	1120
0	1072
0	12
13	36
0	11
8	14
8	23
58	46
2	2
0	9
0	10
0	810
25	1
3	21
14	4
3	24
42	403
10	0
1	170
11	96
65	78
0	745
0	740
27	687
0	13
0	39
2	0
0	0
0	0
0	0
13	776
1	922
26	733
10	904
82	1153
37	202
21	176
85	4
64	174
9	141
0	8
0	8
4	4
0	4
7	15
353	25
2	3
5	10
2122	1541
1	820
7	606
23	259
19	921
4	431
0	188
0	566
35	403
1	130
14	181
0	1368
40	415
0	1619
38	1690
0	0
0	0
0	0
0	0
0	4330
0	7529
0	5971
0	2222
0	1960
0	5912
0	5904
0	58
0	1261
0	19
0	1311
0	1361
0	5244
0	2341
0	1794
0	1916
0	1813
0	467
0	787
0	434
0	107
0	348
0	192
0	0
0	0
0	1
0	0
6	280
26	280
5	101
0	0
0	0
0	0
0	0
0	0
0	0
0	0
0	0
0	0
47	4
21	0
0	3
0	2
0	1
0	1
0	0
10	26
13	53
0	210
0	87
5	58
25	302
5	101
623	948
62	555
23	769
27	379
0	87
2	974
4	183
5	0
0	928
12	920
5	219
9	175
0	149
0	420
0	155
1	631
3	341
19	1946
1350	1946
3	20
0	2
0	0
0	18
1	632
0	86
0	70
22	7
1	455
24	1093
0	990
3	833
0	0
0	0
0	0
0	0
0	1
0	1
4	1
2	490
67	2890
76	237
0	582
2	2266
15	564
19	319
94	1700
0	0
0	0
0	0
0	3
0	0
0	1
0	0
0	3
0	3
0	0
0	1
0	0
0	3
3898	1373
11	0
41	1373
243	750
0	738
20	75
7	42
22	169
8	3
3	1
38	1411
25	9
11	35
6	8
18	8
2	45
5	94
0	106
0	175
5	0
11	260
103	1267
0	739
0	9
3055	3883
17	1882
22	1390
385	2262
375	2207
17	907
36	452
74	119
9	151
0	86
154	78
5	45
0	701
11	431
0	107
66	276
0	0
0	0
0	0
0	0
0	0
1	1
25	563
1	932
0	31
4	631
0	97
10	547
3	37
1	95
92	193
0	836
0	0
0	0
0	0
0	0
2	0
0	0
606	302
1	199
8	187
16	131
4	115
2	53
0	0
0	0
0	0
760	10747
129	2173
37	1868
24	9825
139	1382
8	988
12	0
9	155
8	396
20	17
10	426
7	140
0	1382
516	190
17	36
9	147
4	13
34	1
4	95
72	4
25	0
0	2822
0	2822
0	77
4	9
5	851
149	2815
0	2776
0	0
0	0
0	0
9	8
28	0
3753	43
6	35
10	8
0	0
0	1
0	0
0	0
12	20
0	548
4	525
17	210
13	524
147	22
7	338
485	309
0	0
0	0
22	5
0	2
0	2
0	0
0	0
0	0
0	0
0	2
0	0
0	2
0	0
0	0
0	16
0	1
0	17
0	0
0	0
0	0
0	0
0	4
0	0
0	0
0	0
0	0
1	0
0	0
0	0
0	0
0	0
0	0
0	0
17	647
0	295
6	252
1	153
4	9
8	9
0	629
0	0
2	0
0	0
4	4
0	0
0	0
7	0
0	0
0	0
0	0
0	0
0	1
0	0
0	0
0	6
0	6
0	1
0	1
0	0
15	29
36	1045
32	2082
72	2076
1	11429
15	13994
10	16
23	11350
16	4906
28	106
44	1175
58	3135
12	2109
2	15542
0	0
0	2
0	9
0	10
0	10
1	18
0	9
0	9
0	9
0	0
62	206
0	0
70	307
47	4
0	91
20	12
36	174
0	245
0	0
0	0
0	0
0	0
0	344
35	238
56	57
68	0
17	28
1	8
11	300
243	381
43	9
0	0
87	90
14	53
1	117
0	329
81	390
0	8
0	144
0	18
0	25
0	25
0	26
0	2220
0	2264
22	33
0	2204
3	1107
0	2033
10	147
0	134
0	1
0	81
1	101
52	329
3	195
0	238
0	85
2	487
0	612
5	532
3	55
0	44
8	19
7	1
3	490
0	1088
5	426
1100	1119
15	46
8	1028
7	1167
33	4139
15	1634
5	1363
1639	5199
393	26
0	0
0	0
0	0
0	0
0	0
0	0
0	0
0	0
0	0
14	15
0	0
0	0
0	0
0	0
0	15
0	27
0	27
1	27
9	125
8	0
2	193
8	20
21	249
0	261
0	9023
57	45
179	9108
2	7905
1	355
16	355
4	5003
1	9023
5	4863
19	0
7	32
12	1256
0	2103
12	147
0	4824
28	4973
23	4995
0	136
14	0
20	11
47	2923
4	217
3	0
5	3105
3	1882
0	1519
4	63
51	123
65	150
21	9
6	61
2	0
0	1375
0	1382
0	1759
0	13765
0	594
34	1554
0	2227
53	4827
67	1011
33	6511
44	10723
1129	15775
18	14510
0	247
0	112
0	55
3	67
647	101
1	7
12	65
0	7
0	51
1	2
0	2
0	31
0	55
1	1
1	0
1	4
1	55
1	30
0	30
0	42
160	137
0	54
7	122
1	55
0	80
5	9
0	1598
0	2826
0	2586
0	1642
0	785
0	371
0	760
0	97
0	555
0	362
0	535
0	394
0	149
0	940
0	46
0	300
0	670
0	86
0	380
0	121
0	166
0	359
0	454
0	0
13	37
1	37
1	0
1	23
410	1065
4	543
2	142
0	2
8	47
21	2
18	25
3	6
14	821
1425	1292
85	9
59	1053
19	143
0	861
26	39
59	27
14	30
0	0
0	0
0	294
1	214
20	85
24	2938
2	260
69	1005
123	1430
8	2789
3	611
4	260
7	2408
2	123
11	189
50	28
133	477
22	7
0	78
495	9266
64	861
34	848
16	7627
17	7060
7	22
5	3267
120	2376
0	7385
58	335
7	4990
4	4668
0	119
10	401
0	1035
69	459
9	60
3	158
1	186
17	369
9	47
1	109
25	413
0	191
82	75
0	128
29	361
7	6
729	371
2	237
13	136
0	93
5	0
0	343
9	189
0	212
0	194
0	43
221	332
0	145
0	172
0	154
0	56
0	70
1	6
1	210
0	207
2	59
0	68
0	108
0	35
2	1487
0	399
47	1459
0	1467
1	67
5	10
8	58
6	21
0	33
0	28
0	17
9	17
3	73
0	187
8	2
97	40
0	6
3	43
65	1980
51	4649
10	446
10	253
13	183
3	195
117	245
11	163
77	851
168	687
5	769
1	475
21	289
0	4751
8	299
60	1805
7	1140
1	1728
28	108
39	36
1	1
0	0
0	0
0	0
0	0
0	0
1358	3561
124	3041
2	3026
0	0
0	0
0	0
0	0
0	0
0	0
0	0
0	0
0	0
0	0
0	0
0	0
0	0
70	80
0	26
0	3
97	29
11	28
4	30
188	509
1	475
2	214
1	11
4	2397
5785	15642
12	5
19	13273
82	35
10	0
1	0
9	28
0	0
0	0
1	0
1	0
34	0
0	0
0	1
0	0
0	3
0	32
18	1
74	99
38	1069
43	579
8	4
5	870
12	28
0	0
2226	2493
95	2188
10	60
0	10
0	2183
0	2014
0	9
3	163
0	208
0	306
0	2078
0	1546
4	104
0	0
1	19
0	17
0	11
2	15
14	60
0	555
96	637
0	44
0	659
2	10
0	663
6	635
0	1125
1	1057
0	596
22	681
0	0
0	0
0	0
355	579
39	241
1	392
38	71
13	2
0	2
18	25
0	0
14	275
0	409
1	8292
0	7357
87	4444
13	375
0	6053
30	5221
20	71
20	67
16	412
14	8
1	6
23	2
35	191
0	607
18	0
10	14
29	220
2	1886
17	73
12	10
17	103
2	207
0	546
14	198
0	336
0	336
0	22
0	100
0	16
5	42
1	111
1	57
2	29
35	212
27	411
1	287
0	134
1	159
0	102
0	86
0	97
0	87
0	131
1	113
0	0
0	0
0	0
0	0
0	0
0	0
0	0
0	0
0	0
0	0
0	0
0	1
2	8
5	50
3	16
216	1068
0	898
4	213
15	171
1	69
3	103
0	4
0	0
0	0
550	2638
190	1952
1	504
30	297
6	118
0	6
1	8
0	0
0	8
2	3
0	0
0	0
0	0
0	0
0	0
0	0
42	780
4	796
1	11
1	32
3	117
6	0
6	58
7	89
0	0
0	0
304	44
2	64
1	64
0	0
0	0
0	0
0	0
0	0
2	5
0	6
0	6
0	6
4	4
7	0
1	3
0	243
0	26786
0	204
5	26725
1	74
0	106
0	140
0	133
0	147
0	2
7	2
0	45
1	9
0	224
0	222
6	160
3	184
0	185
2	164
4	192
6	74
0	89
6	1
0	16
2	9
0	12
0	7
1	7
1	8
0	1
1	0
4	185
2094	357
11	12
15	101
46	276
15	225
13	259
0	141
2	148
6	133
125	279
17	4
0	0
0	0
0	0
0	0
0	0
1	99
11	587
226	2358
0	944
0	312
0	1040
0	937
2	950
1	2142
1	403
13	553
4	445
0	1099
0	1482
0	763
95	287
0	1203
0	336
3	1170
0	270
0	1053
21	2133
0	52
9	304
1	654
14	18
0	20
0	191
56	188
7	513
0	9
0	193
0	511
1013	3560
65	3419
6	211
9	113
0	0
0	2794
0	236
0	120
27	20
67	16
16	5
0	7
87	3
2	7
0	79
0	177
0	23
0	19
0	128
0	157
0	55
0	87
0	58
12	18
0	5
40	21
0	10
0	38
0	178
0	150
0	116
0	111
527	469
0	359
168	464
3	140
0	8
0	20
95	20
9	2375
5	1159
16	1066
13	151
7	104
0	0
26	788
1	0
0	0
1	0
3	1453
0	157
0	266
0	0
0	2289
18	183
0	0
2	0
17	1627
0	689
0	513
4	489
4	109
34	80
0	37
1	565
0	153
43	1234
1	57
5	647
0	101
14	67
2	74
0	0
8	134
0	0
0	0
0	243
13	0
2	0
0	0
29	464
0	0
1	553
0	0
13	559
0	0
0	0
2	0
3	59
0	0
2	73
0	0
0	0
0	0
0	0
0	0
0	0
0	0
0	0
0	0
0	0
0	0
0	0
0	1
0	1
69	702
1	629
0	127
26	228
5	124
5	202
0	121
2	50
30	10
0	2733
0	205
0	229
3	3
3	51
0	2
9	67
1	55
0	51
0	49
0	0
0	0
0	0
3	560
0	654
21	484
4	445
22	457
1	12
2	76
0	16
0	603
0	520
5	54
6	69
0	55
0	53
0	53
0	53
2	53
0	52
1	24
0	1
202	4596
4	3651
26	532
602	3932
0	1388
7	1040
0	146
13	3049
11	173
2	635
8	2156
7	24
194	139
1	12
1	113
970	0
0	2904
1	1905
0	2159
1	2343
2	2509
1	2156
0	1738
0	2354
1	1908
91	2066
0	2187
0	2034
0	1903
0	2215
0	1906
0	1449
0	1781
0	1646
0	2259
0	2062
0	2215
0	2340
0	2284
0	2252
0	1736
1	2126
0	2568
0	1888
31	1344
0	736
0	575
0	1957
0	341
0	1843
0	1249
0	886
0	1708
0	773
0	872
0	163
0	1244
0	468
0	607
1	1045
0	1999
0	8
3	2138
0	1942
0	1840
0	1147
1	1624
0	2057
0	2104
0	2048
0	1151
3	1196
0	129
0	585
0	77
79	54
0	264
14	803
0	531
0	64
7	605
0	46
1	515
61	286
2	40
64	4
1	31
0	0
2326	0
21	1468
85	872
23	860
0	863
0	860
49	859
0	1
2	1
0	1
0	0
0	0
34	1
367	76
5	45
5	15
1	7
0	23
0	0
1	10
0	0
0	0
0	0
1	0
0	0
0	0
79	23
14	1014
6	42
0	20
6	25
6	871
4	26
18	246
53	959
0	150
10	640
3	18
1	253
48	29
0	540
7	3
2	555
1	195
7	9
0	11
430	9797
28	185
0	527
0	332
154	1650
0	4371
44	4125
1941	10789
0	673
4	1373
3	3
0	1899
4	12
0	1
1	1812
4	147
7	77
0	2033
0	1860
56	1897
0	143
0	2193
87	1899
7	1592
80	1817
20	1967
17	17
3	265
7	1966
0	1806
10	3057
5	3016
12	3
0	2059
6	1543
26	12
127	147
174	2172
111	2221
8	2158
12	253
6	518
0	475
5	186
1	2
39	622
11	72
18	31
0	1312
34	1560
2	171
0	140
9	240
1	511
21	350
3	312
8	409
3	123
24	42
1	0
0	0
1	0
2980	4151
0	32
73	4215
11	1692
405	40
0	40
3	5
4	786
25	969
0	957
3	959
6	331
0	71
3	74
10	53
10	10
0	3
1	2
3	971
0	445
0	335
0	380
0	303
0	29
0	9
0	166
0	245
0	4
0	89
0	47
0	135
0	71
0	17
0	172
0	40
0	34
0	61
0	63
0	27
0	63
0	14
0	33
0	50
0	33
0	74
0	43
0	40
0	39
0	25
0	6
0	9
0	0
33	270
11	255
4	209
0	73
81	124
16	34
221	686
8	144
12	650
1	8
4	146
0	133
0	0
1	1657
8	1605
2	1474
12	1197
2	1468
1	1408
25	1021
0	1343
0	172
0	1490
1	119
8	8
0	78
6	46
1	112
0	1
0	0
4	450
106	12
4	2
0	5
9	7
1	0
0	0
3	224
1	67
0	39
5	29
6	203
4	94
1	192
3	194
7	8
3	34
0	16
1	51
9	0
4	1
3957	755
17	197
21	261
18	173
5	28
4	208
9	237
2	153
3	5
36	43
99	761
0	0
0	0
0	0
0	0
9	0
0	0
0	0
0	0
0	0
0	0
0	0
0	0
4	137
402	202
0	144
35	220
11	6
1	9
108	90
21	1182
3	1005
71	1125
9	678
7	85
10	80
0	0
0	0
0	0
286	1174
5	1085
12	207
0	0
0	0
115	4650
0	5165
1	4747
3	758
67	4365
0	1944
78	67
16	299
147	2849
298	2676
111	1447
13	67
0	40
6	181
7	181
10	49
4630	0
0	0
0	1
0	1
0	1
0	1
17	173
3	179
0	37
7	1
14	19
6	32
0	19
0	0
0	0
0	0
0	0
0	2
0	2
0	2
0	2
0	0
0	0
0	0
0	0
0	0
2	0
0	0
27	7
6	3646
0	3576
2	1668
5	3121
0	225
3	1682
37	49
12	22
17	103
0	56
15	197
1	53
13	216
50	7
14	126
16	748
1738	457
6	63
27	94
8	12
3	290
0	305
0	146
0	21
0	27
45	81
0	27
0	35
0	27
0	22
0	25
0	16
4	0
0	0
1	0
0	3
1	6
0	8
0	1
0	3
0	6
2	4
0	3
6	1
1	0
0	0
0	0
0	0
0	0
0	0
0	0
0	0
0	0
0	0
0	109
624	21
57	30
21	10
64	799
21	808
29	829
1	102
11	428
0	90
6	10
0	65
49	1789
3	208
0	106
0	170
1	165
0	375
12	2
2	1460
0	1789
207	1490
1	983
14	627
10	334
80	284
35	40
7	365
0	0
0	0
0	0
0	0
0	0
5	215
19	215
15	217
1	3
0	4
5	0
0	1
12	0
1	0
879	20
0	0
0	8
0	8
0	0
0	0
0	8
0	5
0	0
0	0
0	0
2	74
0	0
0	0
0	6
0	4
0	6
0	2
1	16
0	10
0	12
0	2
2	0
0	0
0	3
48	687
10	576
0	575
34	426
0	141
1	92
0	72
8	31
2	21
40	0
7	555
121	556
0	125
0	1306
267	1337
0	1042
0	63
0	42
92	95
3	19
4	7
18	41
4	6
1	16
9	94
694	0
0	0
0	0
0	49
3	57
1	13
16	49
0	2
0	5
0	5
0	1
0	0
0	1
6	106
0	1
48	786
0	1677
58	1682
23	143
29	645
36	678
2	79
0	66
14	7
0	7
7	2
0	0
0	2
0	1
0	1
0	1
0	1
10	2
0	0
7	7
9	1
62	7
0	162
0	122
0	11
0	50
0	27
0	49
0	124
0	43
506	2992
50	2185
15	2739
0	0
20	173
13	2192
313	4558
37	1933
17	43
10	2021
32	531
3	948
9	1675
15	2673
75	3980
3494	11881
18	893
19	5
2	11066
11	6637
41	761
11	1836
27	1460
7	171
2	1606
576	506
18	335
19	202
2	170
0	0
3	8
0	0
0	4
7	8
0	0
2	8
0	1
0	0
0	5
0	22
0	0
2	22
0	1
0	2
0	0
1	3
0	0
0	1
15	194
1	12
9	204
0	2
0	155
0	84
0	6
1	7
0	132
0	50
2	30
1	167
0	28
831	9106
35	715
6	1130
99	8920
34	1142
14	249
39	369
3	4
0	0
36	15
0	0
0	0
0	0
0	0
0	0
0	0
0	0
0	0
0	0
0	0
20	10
1	3
0	0
0	0
0	0
0	7
9	1
25	1837
53	1704
0	1693
59	1361
1	970
1	183
0	165
10	868
1	517
1	481
0	412
0	77
10	13
34	16
3	18
0	0
0	0
1	1787
0	0
0	23
0	2
0	2
0	1
0	0
0	0
0	0
0	0
2	14
299	68
3	67
0	13
12	11
18	2503
10	430
212	2380
0	210
23	2625
1	2511
189	2490
63	2495
59	7
0	0
0	0
0	0
0	0
0	0
46	2183
1	2172
57	1127
16	1005
5	2
0	192
3	250
13	135
0	88
0	49
1	2
12	0
534	415
21	7
0	62
35	408
82	199
1	112
21	1
16	26
0	2
1	0
4	73
43	479
1	344
1	91
1	26
2	40
6	66
6	51
3	232
0	0
14	324
8	120
0	15
0	10
0	120
3	1129
3	469
127	330
0	3
32	44
1	1086
2	2
0	2
0	15
0	0
0	15
0	16
0	16
0	16
0	15
0	16
0	0
0	0
0	74
0	71
0	1258
0	1270
0	343
1	372
0	112
0	957
0	936
0	501
0	105
6	159
0	0
0	0
0	0
0	0
224	168
107	40
2	210
1303	199
1	201
6	218
0	225
562	6428
694	7148
128	7151
238	57
115	629
101	897
51	32
1	3555
32	1586
270	31
24	4221
3	3870
32	289
37	3336
12	284
21	683
6	21
18	90
0	873
16	446
0	7
2	726
46	90
76	760
23	914
7	886
9	1101
15	0
1	822
72	1044
1	101
1	3722
2	1078
0	1045
9	80
66	258
26	172
9	486
9	186
3	9
3	2
32	670
10	718
51	1260
2	937
78	1003
0	1228
1	397
9	67
58	222
3	227
8	271
2	19
0	75
4	60
0	31
80	31
9	11
0	83
2	25
0	489
0	805
370	2193
24	272
521	1935
6	17
1	310
0	218
30	205
9	30
11	236
1	2
55	549
28	550
9	550
183	558
23	171
59	172
2	144
0	81
11	54
16	2
46	1
0	555
3	8
0	2
100	4250
0	3852
4	4136
15	3687
0	2940
28	2648
26	954
3	65
6	142
0	851
0	858
1	756
0	855
0	483
0	542
3	872
0	890
0	481
0	417
0	505
0	396
0	485
0	192
2	549
2	343
0	271
1	83
0	319
4	412
2	310
1	215
0	134
0	139
0	6
0	79
0	73
0	49
2	41
0	48
0	64
0	41
0	26
12	14
0	0
0	0
1	0
0	0
36	784
17	1372
34	3085
5	84
58	567
143	3538
129	4670
0	3620
47	2970
17	1586
198	56
2	1521
0	793
8	3708
2	3795
36	1851
5	2580
0	318
16	1829
5	2101
1	1716
2	2
3	381
0	943
0	232
1	346
11	639
1	54
0	62
0	67
1	32
9	169
1	0
3	12
1	14
7	647
0	1
5	152
1	837
1	629
28	1088
7	119
1	248
0	773
1	879
5	250
14	111
0	1
0	0
0	0
0	0
0	1
0	0
0	0
24	125
156	317
0	241
2	55
5	20
254	336
30	105
4	304
0	0
0	0
1	21
0	22
0	13
0	18
2	17
0	12
0	17
2	1
8	30
0	4
6	3
9	17
0	62
0	11
0	11
2	10
51	85
0	0
3	0
0	174
0	174
0	0
0	0
0	0
0	0
0	0
5417	1299
44	221
3	263
12	11
4	727
8	586
11	1377
0	1366
578	537
16	519
74	2
0	1377
4	1
0	0
0	0
2	19
54	65
0	46
2	77
22	51
0	82
0	18
1	5
82	94
4	2
0	67
0	29
40	54
1	61
0	13
3	53
0	32
0	10
0	0
36	1989
0	440
0	107
31	0
26	1090
0	2077
1	2009
0	0
0	45
0	45
0	45
0	0
0	0
0	0
0	0
0	0
0	45
25	157
10	175
0	128
2	172
0	63
151	135
58	545
293	314
1	31
0	545
1	1
5	30
0	42
24	28
1	66
0	425
4	30
3	90
8	0
0	176
2	4
2	228
7	47
8	1
6	20
20	37
0	19
5	32
77	215
18	0
24	0
1456	0
0	0
0	0
0	0
0	0
0	0
0	0
0	4
0	0
25	45
0	1212
0	916
1	4
0	7
0	1
1	1
0	288
0	1
0	4
2	288
1	13
0	2
3	18
0	61
0	109
0	1
2	13
0	141
2124	240
5	240
87	31
2	16
7	988
0	1147
2	52
37	189
0	853
0	820
1	851
0	818
0	832
3	860
0	919
0	839
0	674
0	680
1	739
0	913
0	1141
0	210
1	1068
0	816
0	691
5	146
6	875
0	685
12	16
2	694
0	986
240	0
0	592
94	33
12	21
0	0
0	0
0	0
31	385
4	72
0	48
3	363
11	142
0	21
14	0
9	20
0	56
2	63
0	74
1773	759
0	20
1	16
21	5
21	50
37	0
12	682
59	350
15	16
283	238
1	64
20	38
39	2
2	0
8	1
2	737
43	1399
3	1045
4	231
72	1413
8	1178
2	40
22	112
21	205
38	258
12	114
0	0
0	0
0	0
0	0
241	1016
7	66
1	1016
0	40
0	54
0	40
0	0
1	34
1	106
0	113
0	87
1	10
0	7
0	8
1	0
0	15
0	31
0	11
0	23
0	8
0	11
1	2
0	3
0	11
0	3
0	10
0	21
0	570
0	93
5	16
20	673
30	10
37	645
72	400
4	1
7	1
6	77
5	83
60	5449
9	5041
21	1986
182	4597
42	5623
3	136
248	510
0	642
21	40
291	221
39	642
0	0
0	0
0	0
0	0
0	0
0	0
0	0
80	1023
29	578
21	1023
0	0
7	32
0	0
0	0
17	35
0	0
0	0
0	0
0	0
0	0
0	0
0	0
0	0
0	0
0	0
0	0
21	237
175	1365
5	1144
7	1368
7	88
4	47
6	1188
2	3
56	493
0	543
11	49
9	397
35	20
0	397
0	19
3110	1906
11	1906
2	24
0	0
0	214
160	13652
45	1838
225	7201
0	1051
37	0
78	12702
3	12
0	0
57	90
2	4
20	35
0	1
0	0
7	599
711	632
33	94
0	0
0	0
9	4
0	0
0	0
0	0
12	148
0	182
2	182
4	182
2	182
25	181
0	177
0	2
2	19
951	0
13	219
0	0
0	0
0	0
0	0
0	0
1	600
1	56
1	49
0	50
0	7
0	600
41	8675
328	8701
14	1156
0	8365
1	3
4	2
0	2
0	1
0	9507
0	9217
0	9633
0	4865
0	7254
0	1692
0	33
0	988
0	356
0	388
0	303
0	116
4	3916
0	16
0	566
0	229
2	232
0	114
2	189
0	95
0	40
0	5
0	43
0	0
0	0
0	0
0	0
0	0
0	0
0	0
0	0
10881	5326
192	110
109	5205
18	5269
41	5189
0	0
0	0
0	0
174	303
0	300
3	294
45	293
178	305
0	15
0	9
0	0
0	294
0	11681
0	5599
0	106
0	740
0	2353
0	692
0	2260
0	1458
0	2153
0	2372
0	76
0	60
0	445
0	21
0	685
11	580
5	509
2	508
3	509
0	475
2	475
30	640
0	263
1	0
0	640
4	1318
21	2962
40	5320
23	2522
0	227
6	126
1	156
54	293
40	1
7	1051
14	324
1	5406
0	558
0	2856
2	111
28	850
86	760
11	230
0	673
0	607
3	635
4	755
255	197
0	724
0	149
2	170
0	466
8	35
0	5
70	5
18	103
5	90
101	138
0	49
0	839
0	631
0	736
288	918
47	936
47	845
11	56
13	42
42	26
86	4
0	0
0	43
32	28
168	534
0	431
2	609
9	556
2	672
0	33
0	462
3	596
0	480
6	0
0	0
0	70
25	160
0	198
4	156
0	2
0	52
3	229
0	137
26	51
0	28
0	0
31	97
1	66
7	59
0	0
0	0
0	204
0	108
3	3
0	7
0	8
0	2
0	0
0	0
0	2
1	203
11	43
0	28
1	7
0	0
0	8
0	8
5	8
0	5
1	2
0	6
0	2
0	0
0	0
0	0
0	0
0	0
0	0
0	0
0	6
0	6
0	0
0	0
29	941
194	768
144	1010
4	95
0	1119
0	180
5	68
4	1008
18	128
104	242
16	15
9	192
3	45
13	11
4	31
0	3
84	19
0	197
117	2479
14	4564
2	826
4	1239
0	1765
10	490
0	163
0	3272
0	2282
3519	5839
1028	4035
122	1177
4	0
0	0
0	0
22	71
0	0
0	0
0	0
1155	110
0	0
22	33
5610	4
6	4
18	604
119	1665
80	2812
2	2030
9	226
16	665
3	581
0	359
0	203
9	578
0	203
2	294
7	427
6	57
435	0
0	686
0	708
0	115
0	0
0	0
0	0
9	109
520	1159
13	1113
1	173
0	0
0	0
0	0
0	53
0	25
0	41
0	36
0	30
0	56
0	1
0	3
0	53
0	118
557	2771
0	372
0	352
0	416
0	392
0	123
0	83
0	31
0	23
0	49
0	34
0	368
22	2
0	2
10	14
6	610
0	250
34	210
6	3
2	146
3	2369
5	87
1	2226
0	25
41	1517
7	3
18	2243
8	2
1	14
0	5
16	4
1	0
0	10
3	0
21	1686
0	576
6	10
17	1275
0	39
61	180
0	31
2	226
1	121
1	236
0	27
2	20
0	4
5	212
1	212
20	150
1	84
7	52
33	42
3	11
0	92
0	206
5	104
52	241
0	93
0	93
7	298
0	339
2	106
0	12
0	72
18	118
0	45
3	0
0	66
0	0
0	0
0	0
0	0
358	341
43	96
1	265
0	26733
0	22600
0	22641
0	22712
0	1
0	1
1	1
3	44
0	1
4	1
0	0
0	0
2	0
0	1
0	44
536	544
62	596
0	442
25	0
2	57
7	1
5	19
3	90
0	96
0	81
0	26
13	9
209	81
8	13
1	18
101	74
6	4
2431	4475
61	4404
1	343
705	5
0	28
0	16
0	16
0	15
2	2
4	0
1	3
0	0
0	0
2	3
0	26
4	7
0	2
0	0
0	0
0	0
0	0
0	0
0	0
0	0
0	0
0	0
0	0
0	0
0	0
0	0
0	0
0	0
0	0
0	0
0	0
0	0
1	0
0	0
0	1
0	1
4	84
61	84
9	775
2	728
25	11
1	595
0	33
0	41
0	0
0	0
10	317
2	213
0	185
30	173
2	293
0	13
2	7
1	8
13	0
0	11
2	0
0	0
0	0
0	0
0	0
0	0
0	0
1	0
0	544
0	552
1	1305
0	1064
0	1238
0	1337
0	707
5	202
7	1030
0	1048
29	416
102	219
0	6
0	10
0	3
0	2
0	2
0	40
0	0
0	0
0	2
0	3
0	3
0	3
0	2
1	0
0	0
0	0
0	0
0	0
21	374
0	451
4	70
0	331
0	395
1	19
1	417
0	124
0	6
0	25
0	277
0	138
1	16
22	224
13	278
2	0
2	2
0	417
0	323
6	362
0	197
0	270
0	216
0	171
0	206
0	210
0	261
0	292
0	285
0	0
0	0
347	38593
390	25699
18	3569
7	33604
0	24945
0	7322
71	107
102	9205
18	968
0	16583
3	10727
54	12623
0	10652
53	10673
0	985
9	720
7	7
0	39
0	39
0	0
0	26
1	4
0	0
0	0
0	1
17	41
3	0
53	88
0	83
898	821
6	656
5	62
3	21
1	738
0	4
1	0
0	0
2	4
0	0
0	3
81	289
6	98
13	151
12	8
13	45
13	110
34	34
40	112
6	116
17	72
21	87
30	17
29	20
24	12
11	334
39	18
25	1288
2	1297
0	1714
7	1256
14	640
79	24
29	1714
20	25
1	654
1	1153
5	338
11	177
54	55
1	130
36	4
0	12
0	7
0	12
0	7
0	7
0	12
0	2
0	7
0	7
0	12
0	12
0	0
0	0
0	0
6170	1166
131	961
200	81
39	197
0	82
158	190
4	63
0	123
1	0
0	0
534	1220
1	1054
0	1014
24	77
0	47
17	46
0	0
143	2051
21	2052
7	1410
1	190
8	68
5	38
1580	47
1	47
3	137
0	160
25	145
0	119
0	137
0	135
1	60
0	133
0	58
1	0
0	6
0	19
0	14
19	11
0	0
0	0
0	0
0	0
0	0
0	0
0	0
0	0
0	0
0	0
0	0
0	0
0	0
1	18
0	612
3	700
2	618
0	583
0	52
0	0
8	409
0	666
2	72
0	1
0	5
4	79
0	116
21	635
0	11
0	1
0	225
0	443
1	75
0	100
0	155
6	43
0	47
0	97
2	129
0	703
0	0
0	38
1579	73
0	51
7	525
2	481
16	689
2	730
420	693
0	575
3	227
0	209
1	99
6	4
16	2
9	21
87	6
38	567
0	555
0	657
6	580
0	603
1	68
3	12
0	653
7	2
5	11
0	656
0	1
0	516
10	89
215	89
12	1090
5	119
2	39
0	87
2	13
21	1
4	24
26	1102
5	2485
25	1676
130	2523
34	1501
47	46
15	25
0	658
0	219
40	32
15	81
0	2591
0	2671
16	2105
7	2300
35	141
37	141
28	164
0	2133
15	61
45	67
19	755
10	214
36	277
15	18
1	14
0	0
0	0
0	0
0	0
0	0
2	1
5	29
0	29
0	4
3	1
0	113
0	11
0	7
4	7
2	6
4	109
0	115
0	112
2	240
0	252
1	236
8	5
0	0
5	2
2	8
0	28
0	13
0	26
0	12
2	5
0	0
1	0
0	241
0	113
8	382
2	70
9	2
1	393
19	1
0	24
12	4
0	45
0	26
1	55
2	398
1	393
0	62
0	406
3	380
4622	580
140	578
37	158
5	158
1	8
2	0
1	0
0	0
0	0
1482	12127
10	5890
20	1311
29	219
2	734
20	246
0	515
5	847
14	356
0	403
0	2
6	64
10	57
1	2
1	7
16	11
0	5
2	408
42	124
0	57
3	257
4	365
1	325
2	124
0	279
0	292
8	28
0	277
6	25
1	20
2	20
0	23
0	5
2	19
1	0
0	390
9	34
0	0
6	1
4	1
3	4
0	17
0	17
0	4
0	2
1	0
35	43
96	697
20	689
54	236
6	339
25	81
55	312
49	31
4	123
7	0
0	510
401	1063
42	877
0	381
7	897
0	0
137	1066
84	360
2	322
0	313
1	7
0	36
0	31
2	19
1	4
1	6
3	381
105	891
4	67
0	382
1	91
6	166
104	949
4	24
32	32
6	47
6	28
0	26
2	7
0	0
0	0
0	0
0	0
12	1
0	0
0	0
20	7
9	3
0	27
16	235
22	115
0	6
0	187
0	189
1	179
0	69
0	114
1	109
0	182
0	238
734	5845
0	5351
163	2338
23	263
56	2346
106	285
120	798
1	271
234	127
3	1017
500	1436
0	751
4	142
0	169
0	30
1	457
0	0
3	33
5	5
21	19
0	0
0	0
0	0
0	5
0	5
0	5
0	1
0	3
1	3
0	0
0	0
0	557
35	852
2	836
9	319
30	271
2	27
0	82
37	0
0	208
0	254
0	68
0	182
0	268
24	52
0	0
18	1558
17	1357
0	859
1	252
30	371
7	124
0	66
20	34
47	729
0	59
3	36
0	736
0	730
0	0
0	0
0	0
0	0
0	0
0	0
0	0
0	0
0	0
5	10
0	0
0	0
0	0
11478	13588
623	13588
60	972
8	62
27	0
19	821
17	972
3	3
2	101
4	60
1	37
3	103
53	3505
34	3278
16	3335
27	1386
3	2220
265	1802
153	3614
0	3368
1	3283
3	284
0	602
0	1535
2	338
10	1831
0	345
24	12
11	412
0	230
4	11
74	138
0	0
0	0
0	0
105	0
130	792
4	13
1	261
2	336
0	817
93	475
5	2
73	10
3	60
17	124
0	113
29	172
68	297
0	126
0	123
0	31
0	0
0	0
2	413
1	410
0	510
1	465
0	1220
7	1495
2	4
284	1787
298	445
8	167
1	37
56	385
8	400
0	515
5	512
0	4
0	2
0	0
0	1
0	0
0	0
0	0
0	0
0	0
0	0
0	0
0	0
0	0
0	0
0	0
5462	592
51	321
21	56
0	187
0	1
0	0
0	0
0	0
0	0
0	0
0	0
0	0
0	0
0	0
0	0
0	0
11	31
0	0
0	0
0	0
8	19
1	11
25	72
17	97
19	8
1	14
0	0
0	0
0	0
70	44
0	44
1	22
1	77
0	60
0	188
0	185
0	212
0	180
0	184
0	13
0	12
0	183
0	187
7	10
108	3396
1785	10258
118	938
2	8095
0	2467
7	2128
0	3088
38	2342
9	188
20	19
0	0
0	0
0	0
217	1779
49	565
5	1078
1	1625
0	1270
31	16
31	113
20	6
2	11
0	2
0	76
37	1095
0	1
0	1828
0	3108
0	832
0	341
0	848
0	630
0	51
0	695
0	616
0	270
0	421
0	63
0	2
0	3
0	6
0	7
0	5
0	1
0	6
0	6
1	0
0	0
0	4
0	0
0	1081
0	145
0	58
0	30
0	4
0	68
0	38
0	81
0	71
195	583
0	70
15	164
13	288
9	83
0	562
8	30
16	3
86	235
16	1916
20	1919
0	245
18	1972
2	129
1	1576
2	1554
92	282
42	690
5	1178
0	225
0	501
1	234
1	291
5	11
3	244
1	472
13	480
0	49
7	158
36	264
30	15
3	129
17	184
1	166
3	114
7	108
0	39
0	35
2	22
0	14
3	0
1	0
13	27
0	22
0	997
131	998
401	2378
0	341
18	167
0	317
23	472
0	38
0	0
2	15
1	79
0	79
5	45
3	47
0	64
98	900
1	15
0	879
0	398
0	505
0	347
4	187
0	334
13	56
0	12
0	2
4	0
0	880
0	706
0	197
0	270
0	216
0	171
0	206
0	210
0	261
0	292
0	285
2223	2
0	342
0	1
0	1
1	9
0	0
0	0
0	0
6	67
0	38
1	3
0	30
5	49
0	2
65	795
2	112
8	210
35	3
1	120
5	55
6	108
2	107
6	82
7	7
0	1
1	87
7	5
0	45
0	45
0	3
4	4
1	5
1365	52
0	9
1	40
97	1421
8	1394
0	1327
5	82
12	3
7	30
2	88
12	66
0	65
78	104
5	56
0	34
8	39
2	10
0	4
0	0
30	1902
0	993
0	0
7	75
2	177
4	116
1	115
5	0
2	21
2	18
1	31
1	7
7	4
12	0
0	0
0	0
1004	3814
0	2587
4	2483
0	2570
6	499
25	463
0	131
0	11
47	10
0	40
0	45
0	0
0	49
0	44
0	4
0	3
0	1
0	4
2	8
3	5
0	12
1	3
0	9
0	9
0	12
0	4
0	7
1	36
2	0
2	3
0	5
0	0
2	0
120	0
5	8
0	6
0	3
0	2
2	4
17	0
7	56
239	2025
6	1722
0	175
1	72
0	1985
3	31
6	73
2	1578
0	3
15	14
1	89
0	62
0	900
6	192
1	1
0	97
0	0
0	0
0	0
0	0
5	44
5	5
15	79
3	53
1	11
270	0
0	0
0	0
0	0
0	0
0	0
0	170
0	36
0	17
0	188
0	17
0	16
0	133
0	82
0	20
0	4
0	6
0	18
0	6
1	950
2	928
172	1793
5	841
5	0
2	988
1	613
21	84
906	6203
210	5219
68	54
26	4009
184	679
252	1133
0	1
0	0
0	1
7	2
0	0
53	52
0	120
0	99
3	87
5	44
0	23
2	30
10	58
3	31
11	5
0	120
0	481
0	585
0	467
0	76
0	170
44	7
3	0
1046	101
1	27
33	74
11	169
40	14
9	807
23	622
19	639
0	469
6	578
20	139
0	1
3	80
0	39
5	69
2	28
1	45
0	833
21	138
1	267
0	217
0	50
0	203
0	181
0	126
0	165
0	203
0	196
0	228
0	161
0	160
0	202
0	114
0	122
0	178
0	141
0	116
0	103
0	187
0	162
0	160
4	134
0	117
1	39
0	9
0	115
0	37
0	134
27	16
8	114
31	1477
2	1443
1	1386
0	1421
2	643
4	1424
0	1364
1	433
1	542
0	1212
0	486
0	613
0	71
38	2349
4	2390
0	10
6	685
2	2272
1	2034
0	0
16	5
0	2325
7	2292
4	12
3	348
0	10
0	2
32	3
0	1
0	0
20	252
0	117
3	26
6	118
1	42
0	25
88	4
0	2
1	33
4	31
8	493
0	1343
7	103
3	26
2	1325
18	2774
108	2443
24	2708
16	2750
0	4236
0	4261
3	2846
11	3076
0	759
17	41
0	648
13	132
10	80
12	186
6	90
51	215
40	15
1	97
13	2
53	11
3	12
21	87
151	4150
0	1325
1	281
0	1183
3	772
26	665
0	616
0	282
0	181
0	1156
1	1196
32	832
1	558
0	433
0	68
1	96
0	18
14	24
5	630
0	247
0	194
1	98
53	37
2	29
3	733
0	0
0	0
0	0
0	0
2	150
0	0
2	252
881	439
11	1
0	289
15	0
0	0
0	0
6	20
0	0
0	0
0	0
0	0
0	0
13	51
1334	795
9	708
4	286
12	32
0	58
1	21
6	151
0	66
0	113
28	67
12	34
0	78
33	89
3	38
0	75
0	4
0	8
37	3912
69	3912
12	3893
14	3
0	0
444	1960
1	45
5	169
2	1514
1	127
3	237
1	42
0	1579
0	0
11	25
0	0
0	0
0	1
0	0
0	0
0	0
4	230
2687	371
8	28
106	351
0	0
43	0
21	601
142	598
10	34
9	64
0	51
2	27
19	271
0	1771
0	247
7	218
1	316
3	1694
3	316
1	20
0	17
0	8
2	9
22	40
0	1
1	8
4	0
0	0
0	0
2	26
0	31
1116	130
16	58
0	43
15	223
0	1
0	1
10	3
1	0
0	0
0	0
0	0
0	0
0	0
0	0
0	0
14	21
11	1040
43	130
0	14
6	3
4	0
8	18
4	74
0	2
1	2
4	1
1	0
2	0
5	62
1	0
0	0
1	0
2	4
12	57
5	5
5	15
2	11
0	23
0	62
9	308
190	707
5	87
0	29
7	27
8	61
33	588
8	1
0	1
10	211
0	80
1	404
19	54
0	315
1	82
0	26
1	48
0	80
0	27
8	46
0	30
0	326
1	31
6	43
73	172
107	11
0	3
0	10
345	3707
6	272
8	58
11	430
0	6
2	3642
28	2
20	410
3	8
0	18
0	18
22	87
0	93
19	34
447	5682
4	1077
0	859
68	1238
31	1104
64	1129
0	774
10	335
2	451
3	1685
4	5722
0	59
0	59
0	3
2	3
0	49
0	8
0	0
0	0
0	15
0	0
0	0
0	0
0	0
8	30
538	358
13	207
8	0
11	0
8	115
33	22
3	42
75	46
0	3
0	34
0	0
0	0
0	0
0	2
5	35
9	15
11	1
5	0
0	91
0	3060
0	4
0	1368
0	2322
0	2799
0	856
0	121
0	107
0	964
0	28
0	708
0	593
0	2554
0	0
0	0
0	0
0	18
0	7
0	6
0	4
0	6
1	6
0	4
0	0
0	0
0	0
0	2
0	2
0	2
0	2
0	2
0	2
0	6
0	4
0	0
0	0
0	0
0	9
0	2
2	16
156	909
19	769
0	867
2	235
13	73
4	76
184	10
2	14
0	13
0	10
0	0
0	0
775	1641
139	1509
12	7
22	0
1	0
0	0
0	0
0	0
0	0
0	0
0	0
0	0
0	0
0	0
0	0
0	0
0	0
0	0
0	0
0	0
0	0
56	1229
1	38
29	1
9	87
7	1201
14	1137
0	0
0	0
0	3
1	2
0	2
0	2
0	8
0	0
1	4
0	3
0	6
0	4
0	2
0	8
0	0
0	0
0	2
0	2
0	0
0	0
0	0
0	11
0	3
0	4
0	4
8	5
0	0
0	5
0	5
0	0
0	0
0	0
0	0
0	0
1	0
0	0
3	1034
0	0
0	3
0	0
0	0
0	0
0	1
0	3
2	7
0	0
0	0
0	0
0	0
0	0
0	1
0	0
0	0
0	0
11	2336
0	328
0	270
18	120
0	594
22	1701
1	425
1	146
31	369
15	230
0	2336
8	2066
9	82
0	128
49	1279
5	92
17	116
9	90
7	25
40	803
13	969
0	28
64	545
39	100
9	13
58	127
0	29
0	0
1	0
0	0
0	0
0	0
0	0
0	0
0	74
0	71
0	144
0	17
0	2
0	2
0	10
0	888
0	683
0	604
0	0
0	0
0	1337
0	737
0	1308
1	423
0	180
0	180
1767	4164
1	751
0	4142
30	2610
24	10
28	746
8	787
9	353
15	4
3	525
0	1750
14	1180
57	244
12	1213
1	52
2	266
1	349
1	135
0	0
0	11
0	330
35	50
0	40
2	66
28	11
7	10
0	54
2	1193
0	0
37	615
0	40
0	6
0	498
5	470
5	5
53	286
2	55
0	3
0	0
0	0
0	0
41	139
0	59
0	130
0	122
0	119
0	85
1	69
0	7
0	6
0	0
0	1
2	54
0	1
0	30
0	25
0	23
0	20
0	26
1	0
0	51
0	48
12	4
0	7
28	72
0	20
16	19
0	293
4	253
0	45
1	5
11	33
7	11
0	43
17	55
257	630
5	530
0	223
1	38
9	414
0	0
1	0
2	0
271	3015
15	2715
0	632
20	483
3	114
157	62882
0	84052
614	22516
0	59661
9	41409
80	40438
27	39005
216	214
71	39308
3	95
175	48
49	15190
48	7571
26	4160
15	9372
35	8981
11	7560
91	11635
17	849
0	57
1	67478
46	63512
53	64622
13	36819
562	28522
0	2
0	3
0	3
0	2
0	0
0	1
0	1
0	0
0	0
0	2
0	14
5	3
2183	13
884	53
18	518
24	518
0	3
0	437
0	0
0	2
0	2
0	0
0	0
0	0
758	878
3	726
1	377
0	75
0	271
0	258
13	0
0	30
201	143
2	124
1	223
1	362
7	304
22	53
5	154
28	1
0	0
0	0
0	0
0	0
0	0
0	0
1	1
0	1
0	0
2026	1061
18	1061
44	23
0	0
0	0
0	0
12	0
0	0
0	0
0	0
0	0
1119	244
250	4474
24	337
0	4443
11	3873
0	3383
0	1
0	1
2	16
0	16
0	5
0	1
0	1
0	0
0	0
0	0
0	0
0	23
1	1
0	11
0	0
0	0
0	181
0	179
0	25
0	349
0	27
0	80
38	33
0	9
0	2
593	938
0	25
6	118
2	89
0	750
4	399
56	0
28	128
40	135
54	10
0	0
0	4315
500	4229
11	788
8	664
65	20
22	27
49	289
7	1
18	3018
84	185
0	174
81	173
0	135
14	135
0	82
0	72
0	8
0	24
2	8
0	9
0	0
2	5
0	0
0	0
0	0
0	0
1	9
17	22
1	8
0	1
0	0
0	0
0	1
73	4210
3	1688
26	1323
4	36
3	97
0	18
0	4198
6	4228
1	34
1	36
0	18
0	1
0	2
0	0
0	0
0	1
0	3
0	1
0	0
0	0
26	1154
18	1123
7	939
2	916
3	955
0	0
16	2626
103	2775
32	274
0	420
3	229
958	332
0	789
6	546
1	407
2	247
28	7
75	242
10	166
137	89
184	377
2	197
18	13
18	50
29	60
9	30
68	33
1	5
50	956
13	956
201	1196
2	933
197	107
115	900
732	984
2	861
118	171
0	41
0	306
0	87
59	1
0	165
40	28
0	6
0	0
0	0
0	0
0	6
6	9
0	10
0	9
16	24
0	0
0	8
0	0
0	1
0	4
0	0
0	0
1	0
1	0
0	0
38	1463
24	1463
0	449
1187	461
45	310
7	111
130	1408
48	1035
3	453
2	213
28	124
0	0
0	5
0	0
1	7
0	0
0	5
0	0
1262	176
3	174
388	510
2	449
4	28
12	69
7	38
6	40
68	668
16	583
4	99
0	0
0	177
0	177
0	0
0	0
0	3
0	1
0	2
0	0
0	0
0	3
0	4
98	71
2	60
1	13
7	9
0	1458
145	1966
50	62
3	44
0	24
5	126
2	118
2	93
39	620
0	0
0	8
0	0
0	0
0	1
4	2
2	2
2	3
0	3
270	3
27	94
33	32
9	348
8	45
4	265
0	1241
1	443
1033	2051
0	11
0	11
1	10
3	10
0	4
1	1
0	10
535	62
14	71
0	11
125	127
0	55
0	163
8	67
15	248
7	67
0	236
7	69
3	126
0	157
8	201
6	51
0	0
0	0
0	0
0	0
0	0
0	1
0	0
0	15296
1	23014
25	22616
5	116
6	115
22	125
4	201
26	38
3	149
5	6
0	7
8	69
1	25
1	56
1	3
0	20
0	0
0	32
4	38
11	9
1	34
1	7
319	393
5	35
4	327
0	34
0	120
22	70
0	60
46	138
16	58
20	5
0	0
0	0
0	0
38	4
0	0
0	608
0	2
1050	1145
14	1144
0	0
0	0
0	0
0	0
0	2
0	2
0	2
0	2
0	0
1	1
0	2
0	2
1	1
2	1
0	1
0	0
0	0
0	0
0	26
0	37
0	43
0	33
0	29
0	121
0	73
0	24
0	35
0	34
0	93
0	101
0	5
0	29
0	0
0	12
1050	1230
20	1225
21	1210
659	1976
42	60
0	631
53	303
34	1118
1	1173
0	0
0	0
0	0
20	75
3	1
0	2
0	3
0	2
0	1
0	3
0	3
1	3
0	3
0	3
0	0
2	1
0	21
0	21
4	0
0	0
0	0
0	0
0	2
0	1
0	0
0	0
0	2
0	0
0	0
0	0
0	0
2140	2174
3	781
12	174
10	835
3	616
14	1383
2	337
0	24
0	9
14	155
0	7
0	228
0	231
0	399
0	401
0	394
0	19
1	47
0	9
0	576
0	510
0	247
0	421
0	225
0	788
0	228
0	225
11	13
18	2
0	127
0	205
0	40
0	436
0	629
3	354
18	4136
32	1014
1	58
0	276
10	15
302	3437
0	1693
23	1903
90	1799
0	1683
5	1244
41	1672
8	212
1	76
27	165
12	23
1	327
5	58
0	113
4	425
5	1420
61	1583
1	1651
85	1650
9	1643
0	537
4	399
0	154
28	4
30	162
1	114
3	100
2	101
4	97
1	74
0	45
0	21
0	925
0	972
8	845
0	926
0	23
1	20
0	82
4	0
1	0
11	245
2	28
1	9
0	55
0	1
2	0
3695	60
0	59
53	1458
7	479
7	1658
33	1495
12	1056
0	1225
4	873
4	1153
29	18
18	158
86	516
416	945
6	945
0	633
0	611
0	522
0	421
1	749
0	536
5	208
76	64
0	921
42	40
1	109
0	25
29	2
0	64
14	4
9	7
1	31
7	4
0	119
13	13
26	936
63	37
170	927
5	878
0	0
0	0
0	0
0	0
2	0
9	0
0	0
0	0
16	418
1	542
1	6
28	357
1	27
94	708
37	699
35	560
1	232
0	164
0	259
305	9
0	713
37	23
3	204
0	251
1	815
3	768
0	16
4	0
0	1
0	595
101	123
1	123
0	9
0	28
0	4
10	161
0	137
0	172
0	80
0	984
0	1044
0	156
0	24
0	619
0	620
0	508
0	291
0	32
0	87
0	43
0	37
0	60
0	8
0	7
0	10
0	1010
47	57
2	2
1	34
11	50
0	53
0	0
0	0
1	31
0	1
0	1
10	2328
0	7868
0	7402
1	6383
79	335
54	4
14	405
21	95
80	741
8	396
25	976
1	414
10	6507
3	7372
2569	0
0	0
0	0
0	0
7	15
0	0
0	0
1003	6497
27	54
3	719
0	9
17	428
1	150
152	71
13	349
4	250
9	115
10	69
14	2
120	73
3	5257
0	0
0	0
0	0
0	0
0	0
0	0
0	10
0	0
0	0
0	0
0	0
0	0
0	0
0	0
0	0
0	0
0	0
0	0
0	0
0	10
0	0
140	0
16	0
5	520
5021	1296
30	437
58	26
38	677
3	726
14	368
0	362
47	496
0	275
31	436
0	459
3	176
0	178
0	147
0	146
16	76
0	29
0	16
0	15
0	329
0	16
0	18
0	8
1	6
0	7
1	2
2	3
0	7
0	5
0	0
51	2024
7	1629
0	280
10	1477
0	2424
18	1384
90	407
7	2617
3	1616
101	1114
33	1523
0	1013
24	1214
0	994
15	210
171	51
42	15
21	36
58	41
0	0
0	0
11	29
0	0
0	0
0	0
159	5183
594	4446
116	3495
15	1379
18	738
276	1372
618	3166
0	3334
13	1488
0	184
19	899
0	217
0	208
2	79
81	170
0	72
0	0
0	0
0	0
0	0
0	0
0	6
4	6
1	4
1	3
0	3
0	6
0	2798
0	763
0	33
0	44
0	417
412	1624
6	863
57	1624
13	327
149	166
0	166
0	25
0	3
1	0
0	0
0	0
0	18
1	21
2	187
0	20
0	107
0	118
0	169
0	149
0	154
0	122
0	152
0	173
0	22
0	42
0	133
0	136
0	117
0	145
0	158
0	34
0	166
2	40
0	123
0	172
0	138
1	134
0	134
0	118
0	151
0	148
2	9
45	13
0	142
0	101
0	3
18	42
0	3
16	143
12	95
0	139
0	140
26	147
0	119
0	108
0	121
78	55
0	8
0	1
0	28
0	7
0	17
0	7
0	20
0	19
0	0
0	12
0	43
0	59
0	41
0	66
0	43
0	125
0	111
0	103
0	139
0	116
0	88
0	19
0	1
0	93
0	90
1	94
1	115
0	18
0	49
1	25
0	11
13	1
0	23
5	10
0	106
0	133
0	121
0	114
0	123
0	0
0	21
0	0
0	0
0	0
0	0
17	5
0	0
4	0
0	0
24	10914
15	6301
0	10842
19	10860
6	15296
105	17275
153	16435
1077	19855
1	11715
0	9034
44	10481
6	26
14	10242
0	9934
0	3606
5	17255
2264	1463
21	925
11	620
4	3
55	496
3	496
67	1260
7	1120
151	245
10	6
18	183
49	194
102	143
0	701
40	22
1321	369
37	369
8	35
0	0
0	4434
127	3266
0	491
0	4535
47	3338
340	614
0	1414
22	154
50	18
0	3775
21	3917
48	3876
0	2651
1	34
43	156
0	1
2	150
22	12
0	39
6	2
0	26
3	0
2	2
8	3
12	15
0	0
0	1
0	0
0	0
0	0
0	0
0	0
0	1
0	0
57	132
981	572
30	564
11	560
15	148
19	445
89	318
4	305
4	18
7	6
2	21
0	102
0	29
8	26
1	10
0	0
0	0
0	0
3	0
0	0
1155	158
16	158
0	0
0	0
0	44
0	123
0	814
0	1282
0	1092
0	968
0	927
0	19
0	44
0	106
0	345
0	167
0	101
0	85
0	146
0	110
0	131
0	112
0	27
0	1306
0	1153
0	1247
0	1564
0	1466
0	1434
0	1418
0	1662
0	1685
0	164
0	50
0	170
0	108
0	34
0	34
0	27
0	34
0	29
2	8
1	7
0	31
383	2458
0	194
124	2438
0	453
19	496
2	313
2	36
23	163
10	160
3	406
2	247
33	80
3	6
6	11
12	282
0	106
0	306
1	370
2	284
22	5
151	2142
77	2205
16	548
5	6
0	0
0	0
0	0
0	0
0	0
0	0
0	0
0	0
0	0
0	0
0	0
0	0
14	13
19	136
83	116
786	180
0	28
0	40
0	0
0	0
0	0
0	168
0	0
0	0
0	1314
0	43
0	447
0	299
0	41
0	0
0	0
0	0
0	0
113	462
2	512
0	522
1	81
177	192
0	67
0	105
15	114
75	175
13	62
1	58
2	180
3	2
17	1
13	448
140	234
1	211
4	30
2	22
19	3
0	0
4	431
6	5
1	92
0	0
17	433
0	124
2	433
0	431
55	136
0	17
0	0
1	57
3	113
0	11
1	0
55	51
22	1
2	397
1790	396
78	15
51	316
0	8
0	20
13	310
0	299
0	309
1	316
0	0
0	0
0	0
0	325
2	326
30	240
0	4
0	2
0	64
0	326
3	180
0	209
0	208
0	45
0	46
0	5
0	5
0	4
1	374
0	2095
6	1774
6	520
0	2215
4	11
2	47
7	27
3	33
7	313
5	0
22	44
15	2
0	1888
236	1242
8	3
12	1189
41	1192
0	793
32	224
21	174
1	569
0	214
10	18
19	604
2	5
12	0
2	38
3	0
0	0
3	5
26	48
0	45
99	1555
270	268
146	1281
0	651
23	1461
9	66
9	667
20	594
0	383
13	138
1	132
0	169
0	5010
0	697
0	290
0	3767
0	26
0	438
0	532
0	576
0	664
0	514
0	270
0	564
0	539
0	176
0	1
0	0
14	545
104	593
122	345
0	21
2	425
53	118
2	217
1	106
21	29
35	90
0	52
0	818
0	697
0	421
473	2388
14	62
6	423
2	2072
70	1636
2	458
12	111
3	2960
10	2347
0	78
0	2891
0	2950
14	2876
0	2764
0	2733
0	2889
3	2853
0	2876
50	3046
0	2593
0	2071
2	2983
0	2922
0	2797
0	2960
0	2102
0	2751
0	2227
0	2354
0	2639
0	2229
0	2670
0	2795
0	2749
0	2624
20	2821
6	2985
0	1546
16	6
3	124
11	337
5	88
4	6
13	93
59	5
0	0
0	549
0	0
0	0
0	13794
0	7336
0	69
0	753
0	775
0	13794
0	7336
36	657
2	904
0	958
3	863
6	975
0	989
0	996
3	867
0	938
0	952
2	904
38	891
1	928
4	975
14	416
6	134
3	238
2	54
50	227
0	279
3	87
1	251
13	162
0	69
21	1018
6	25
0	10
8	17
0	0
3	0
0	1
0	0
0	1
0	0
0	0
18	0
0	0
24	35
0	5
3	2
2	2
0	0
1	36
0	29
0	8
0	0
1	3
3	28
0	1
0	33
0	0
0	0
0	2
0	0
0	2
0	0
1	1
0	1
116	3475
9	3429
55	3427
36	1939
6	88
34	1245
8	0
13	141
17	1741
4	90
0	2
80	1453
0	85
301	11
5	0
6	11
9	18
0	0
0	0
0	0
0	0
0	0
0	0
0	0
0	0
0	0
0	5
1	3
0	6
0	7
0	5
0	2
0	4
0	5
0	1
2	1
0	5
10	4
1	2
2	2
29	248
0	227
6	240
3	255
4	243
3	46
1	38
0	15
1	17
0	15
0	20
0	105
0	0
0	0
0	0
0	0
0	0
0	0
0	105
334	354
10	150
1	76
3	201
0	0
0	0
0	0
4	4
68	30
1	1
3	4
6	17
5	1
3	4
121	269
22	329
22	191
19	298
3	0
1	54
0	5
2	54
0	9
1	1579
3	0
0	4
40	563
21	1663
0	962
4	134
27	212
1	69
9	20
0	254
25	283
0	168
10	56
12	148
14	104
19	75
3	48
0	30
6	1432
0	466
0	4
0	265
2184	13
0	13
486	328
7	77
0	109
1	245
3	22
1	50
3	260
0	83
0	5
0	0
0	0
0	5
0	5
0	0
0	0
0	0
0	0
0	0
0	0
1	11
0	11
0	4
0	0
0	1
0	365
0	24
0	182
0	81
0	75
1181	124
22	0
2	64
1	1
29	116
0	32
32	4
121	22
0	5
0	65
16	3
113	2
89	6
4	654
0	54
41	5
40	94
1	18
0	22
46	7
6	80
1	99
0	601
68	567
0	200
57	203
20	50
3	0
0	70
2	96
0	120
17	133
0	0
0	0
0	7
0	0
0	0
0	7
0	0
0	0
49	37
0	0
521	1593
31	101
0	217
24	1080
0	1255
21	1725
0	1718
6	728
1	73
15	778
0	53
6	1504
0	12
3	10
5	1104
14	1289
23	23
1	230
11	23
15	7
18	7
7	12
2	605
0	484
0	563
0	416
4	307
5	23
0	279
0	12
12	20
19	6
70	70
15	0
0	306
2	264
6	327
2	3
26	18
7	125
9	45
0	542
908	31
0	0
0	0
0	0
0	0
0	0
3	1074
0	459
4	1579
0	1079
2	7
1	14
0	419
0	1338
515	1706
55	1699
13	167
7	288
22	9
172	1454
10	268
0	31
4	46
54	333
15	975
0	81
46	198
289	744
93	192
23	611
27	43
462	15889
8	7682
0	9923
0	11479
67	739
4	3027
76	1014
22	2231
0	2251
42	271
0	269
0	1726
37	1473
50	742
4	1084
0	277
1	347
120	240
1142	955
127	626
7	572
2	463
25	46
14	183
0	0
0	0
0	0
0	0
0	0
0	0
0	0
38	24631
26	24112
43	23321
11	652
59	21864
22	9812
0	9886
0	22486
0	10901
51	11273
0	22722
0	448
15	30
1	840
2	611
40	21069
23	23851
70	23463
1	480
0	21206
22	9983
45	1017
0	19844
3	831
11	21569
0	1123
0	2689
25	77
0	21833
11	963
14	762
10	368
2	1256
87	2935
1	5007
17	251
15	221
3	23503
3	10
1	3
0	57
6	57
2	1
37	299
24	1941
22	1907
13	2470
46	44
0	548
3	5
0	3
0	23
0	28
0	26
0	29
0	20
13	122
1	162
12	955
0	2706
2	672
9	2346
4	42
4	109
0	95
18	13
25	1
24	0
18	1
3	2350
0	41
0	38
0	38
0	38
0	38
0	39
0	38
0	38
307	279
7	214
0	140
0	48
8	521
12	487
0	642
3	468
0	44
0	302
1	297
0	231
1	34
0	15
0	26
0	42
5	24
0	102
9	40
52	60
0	0
0	0
0	0
1	0
1	1
0	1
1	0
0	0
0	0
0	0
0	0
0	0
0	0
0	0
0	0
31	51
0	0
0	0
5	4
11	45
2	51
5	44
66	524
163	498
13	64
0	51
2	75
34	44
0	0
0	0
1	0
0	0
0	454
16	150
46	247
37	626
128	24
21	2
67	572
3	292
4	68
0	232
0	136
0	37
14	34
5	179
0	54
0	22
1	6
0	1
0	0
0	0
0	1
0	0
11	387
97	1104
10	818
21	528
1	806
2	119
0	236
1	400
9	3
1	226
0	83
80	699
405	799
0	243
1	131
1	157
1	42
33	245
10	66
92	275
6	533
10	474
1373	696
27	106
11	10
0	378
2	8
13	2
0	382
199	5686
4743	5824
14	5721
55	695
55	166
85	153
0	17
3	114
3	19
2	126
5	128
13	123
0	120
0	0
0	7
0	18
0	5
3	1
1	3
1	2
1	7
2	34
0	0
0	0
0	0
0	0
0	0
0	0
0	0
0	0
0	0
0	0
0	0
11	26
1	382
1	406
8	26
0	0
0	0
0	0
0	0
11	0
8	7
864	9
27	523
0	857
0	736
1	656
1	240
0	15
10	779
186	866
0	602
20	391
9	1
7	38
0	0
0	1
0	791
0	145
102	697
0	869
0	218
31	331
1	291
94	360
83	319
9	381
0	12
0	3
0	11
42	33
0	9
0	7
0	0
1	11
0	0
0	0
0	6
0	6
0	0
0	0
0	0
0	6
0	0
0	0
0	0
0	0
0	0
25	1768
17	1404
30	1628
0	485
11	115
0	24
2	139
1	14
8	102
5	54
3	0
0	1566
2	1494
3	239
6	295
2	420
0	1147
0	774
2	964
6	1318
8	1
56	329
38	1632
3	85
0	75
0	50
2	54
0	64
7	75
0	51
1	13
0	58
3	18
2	3
0	24
1	25
0	9
0	2
0	81
0	91
0	0
0	0
2800	8997
52	7142
50	60
2	1
75	8918
0	0
0	0
0	0
0	0
0	0
0	0
0	0
0	0
0	0
0	0
0	0
0	0
5	16
0	0
0	0
0	0
0	0
0	0
0	0
0	0
0	0
0	0
0	0
0	0
0	0
0	0
0	0
0	0
0	0
0	0
0	0
0	0
0	0
568	772
14	772
1264	2836
50	8158
15	1688
12	480
0	1600
17	835
0	1332
112	6689
15	175
1	4582
5	4469
89	2339
0	2470
9	3
238	222
15	494
6	312
47	268
108	134
0	2227
972	200
2	133
8	209
7	4
4	2
0	79
0	79
0	2
0	4
9	0
1	0
1	53
0	30
1	0
0	1
2	43
0	46
0	1
0	86
0	42
5	1057
15	1115
0	1115
7	1069
4	1112
2	1070
8	1114
0	1109
7	703
25	180
33	169
26	867
116	29
77	487
47	921
442	3
130	486
1330	877
76	569
160	1023
407	1215
0	1119
0	459
19	11
0	11
0	12
0	12
0	0
0	0
0	0
0	0
0	0
1	21
0	0
1	13
0	2
15	292
38	20
6	444
1	2612
10	74
6	800
0	3162
2	979
0	756
26	378
10	449
34	611
0	476
34	2178
43	2790
10	2239
108	72
4	75
1	3
2	0
0	0
3	0
0	0
0	0
0	0
0	0
0	0
7	8
0	11
0	7
49	272
0	11
3	3
2	3
1	4
0	5
0	5
0	11
0	168
1	5
22	174
5	164
0	0
0	10
3	5
0	0
0	1
1	798
19	816
0	96
27	3
12	436
1	841
0	815
0	691
109	954
4	46
13	927
8	862
0	0
5	0
0	0
4	23
0	12
0	23
3	89
0	292
15	268
2	97
0	56
0	172
2	32
0	76
35	4
6	136
0	35
0	136
0	0
0	24
0	7
0	6
0	0
0	12
1	5
0	0
8	13
3	15
40	13
1	41
369	108
0	99
31	87
17	8
0	2
0	2
9	36
3	4
0	2
0	4
0	0
0	0
0	0
0	0
0	0
4	0
1	41
4	446
4	17
0	37
0	106
0	65
0	66
0	72
0	43
1	19
0	27
0	359
0	55
0	16
0	6
0	35
7	44
0	42
0	60
4	34
2	77
2	108
2	87
1	15
10	51
1	47
0	54
3	2
17	13
2	17
2	4
23	175
0	112
2	95
0	84
0	92
0	93
0	48
0	0
10	42
0	8
0	1
0	16
6	16
3	6
1	7
0	2
0	90
0	105
0	87
0	111
74	911
4	746
12	423
0	121
0	105
3	25
0	1636
1	1679
0	1536
0	968
0	1175
4	942
8	346
62	187
28	106
0	667
22	604
11	5
0	546
0	505
0	486
4	20
46	249
104	2058
3	1710
4	410
31	898
7	319
26	339
0	52
22	67
0	253
10	83
63	174
0	189
8	282
8	1907
8	568
57	2277
0	2602
20	82
78	359
1	553
28	364
24	23
14	0
1347	0
0	0
0	0
45	277
0	234
1	74
1	0
58	18
1	12
27	879
1	29
14	6
6	0
0	854
0	1
0	1
0	1
0	1
0	1
0	0
0	1
0	247
39	249
0	249
0	44
0	44
0	2156
0	274
0	1898
0	1581
0	104
0	1865
0	104
0	1049
0	1691
0	25
0	1433
0	16
0	72
0	15
0	16
0	31
0	13
0	107
545	584
3	524
0	499
0	278
0	0
0	115
2	77
0	3
3	53
0	0
0	0
0	2
13	14
2	13
4	1
0	1
1	8
0	0
0	0
0	0
92	2
0	2
45	0
0	105
0	205
0	176
554	63
2	9
1	10
3	68
0	0
417	717
9	717
5	366
861	4548
600	45
6	1143
10	4479
45	244
214	1277
0	1301
0	1087
0	128
21	42
0	40
17	41
15	7
0	7
11	5
75	209
6	461
0	511
21	327
7	2
30	15
6	24
9	0
0	398
0	452
0	289
25	496
1	451
4	25
2	365
0	317
0	61
0	16
14	7
0	317
0	18
0	15
0	57
1	15
0	29
1	13
6	300
7	182
5	31
1	205
2	210
11	295
20	621
38	621
7	32
12	32
1563	16007
98	17340
64	17010
212	17205
45	2534
8	1628
119	18519
0	5
0	1954
2	3369
152	14
4	128
8	4516
25	4157
1	175
0	12918
28	6410
48	1531
0	2854
442	9957
28	796
0	1753
49	374
286	646
0	347
0	364
1	398
0	403
6	1297
0	706
0	1136
23	305
1	178
19	14
0	33
0	33
0	0
0	0
0	0
0	0
0	0
0	0
0	0
0	0
0	0
87	3390
2	1075
6	2474
2	2748
7	2770
1	2283
0	1494
15	245
0	720
0	366
3	478
11	199
0	215
91	584
0	407
3	23
598	2534
43	1058
0	1969
2	288
0	2124
1	2032
8	1966
9	2067
9	1834
0	63
0	0
14	271
3	322
158	121
87	641
11	210
4	122
0	184
1	150
0	14
0	56
13	87
18	47
17	79
0	1469
0	8
0	2
0	1
0	0
0	0
0	0
0	0
0	0
0	7
0	7
9	151
869	379
4	131
3	147
31	21
2	1
0	1
0	5
0	6
1	0
1	27
11	175
111	623
0	53
26	616
0	125
22	21
83	7784
2	6255
345	4119
147	2802
248	1782
308	309
32	170
31	258
560	2005
5	39
17	323
1	1231
1	1442
5	1647
0	1810
17	369
47	622
21	754
1	1539
7	30
0	269
25	37
7	236
1705	237
19	17
9	220
6	6
0	2
0	6
0	6
0	7
0	913
2	159
7	362
19	355
12	250
8	20
18	184
16	99
28	224
0	290
34	48
103	951
0	126
1	140
0	95
6	137
2	137
2	19
0	2
0	47
4	0
0	37
0	50
0	24
2	18
0	26
1	36
0	18
0	33
7	6
0	18
0	0
0	0
16	450
7	1341
70	1076
5	1212
25	18
3	314
0	305
12	314
4	217
0	185
0	43
2	85
1	43
66	1285
23	875
0	1289
3	374
0	1064
0	961
166	830
82	595
5	824
0	1162
1	936
0	792
0	940
0	952
0	255
19	127
25	56
3	651
0	110
0	168
0	202
6	122
0	160
1	284
0	22
11	30
3	312
7	108
0	107
0	207
0	180
0	181
1	33
34	5
0	98
20	383
9	282
41	217
1	120
0	109
0	51
2	44
2	25
1	31
3	3
0	4
2	5
0	1194
0	1189
0	962
0	633
5	5
0	210
6	162
0	210
695	214
59	53
5	30
236	4234
410	4406
52	1189
0	1019
8	61
53	879
116	928
21	318
39	207
5	224
10	778
3	250
175	280
8	149
1	105
3	72
21	5
73	13
0	8
0	20
0	191
0	369
0	58
0	167
0	0
0	0
0	0
0	0
0	0
0	0
0	47
6	2
24	184
57	183
29	34
0	85
1	129
0	132
1	116
9	30
1	69
0	1
9	51
4	49
21	5
0	47
620	118
2	31
4	87
8	30
10	25
0	25
0	22
0	22
0	10
0	3
12	15
0	13
1	6
4	1
0	4
0	2
0	5
0	0
0	0
0	1
0	0
0	1
0	1
0	2
0	2
4	7
0	22
584	6143
0	934
312	5022
204	3909
153	14
8	92
21	259
0	7
6	290
0	7
1	74
4	0
1	6
0	2
0	21
0	29
1	30
6	233
3	15
0	30
1	239
0	181
1	226
5	103
2	163
0	229
1	3
1	155
0	213
14	6
11	56
28	225
0	156
0	105
5	127
0	48
0	42
79	21
4	3
19	3
0	87
0	25
0	70
11	13
3	43
4	8
0	1
0	14
0	1
0	5
0	0
0	1
0	2
0	0
36	38
0	13
4	3
0	19
0	33
8	12
9	8
0	4036
6	4333
221	2716
27	4052
0	1212
0	826
0	906
0	499
1	406
0	378
0	440
1	4050
0	4061
2404	24
0	0
0	0
7	590
2	42
0	37
1	45
0	8
1	552
2371	385
4	383
0	0
174	7
286	193
0	22
8	6
41	13431
277	15230
31	5104
26	5093
29	4363
0	0
0	0
0	0
0	0
0	0
0	0
0	0
0	0
0	0
9	14
6	23
0	17
15	20
0	3
0	9
0	1
0	10
0	17
2	22
2	21
3	2
0	43
7	115
0	28
0	45
0	134
0	134
0	74
0	23
0	25
0	0
0	0
8	0
0	0
0	0
0	0
0	0
9	220
1183	323
5	103
30	26
0	5
0	1
263	75
0	38
8	14
0	0
2	0
0	0
396	747
1	194
33	629
0	337
0	307
0	288
0	191
38	169
7	3
0	0
3	206
0	213
0	34
0	30
1	10
1	13
34	34
9	2
0	213
112	161
0	161
0	2
0	39
1	39
2	92
0	108
1	101
0	21
0	22
0	5
15	1155
32	863
19	1178
21	1062
20	45
21	1
6	203
0	199
43	141
0	123
5	49
5	0
2	5
8	550
19	346
9	83
0	375
0	402
2	331
3	337
4	376
5	20
2	47
3	4
0	40
6	2
0	41
2	1
0	0
0	48
113	90
1	48
5	329
0	0
0	0
0	0
4	32
0	6
0	0
0	3
0	0
0	0
0	0
913	664
26	158
13	199
0	66
0	76
3	34
0	1
0	190
7	33
6	109
26	0
12	80
71	17
0	69
3	244
10	14
141	1582
37	681
1	26
0	4
11	5
0	1578
0	25
0	26
0	20
6	34
1	9
1	21
9	16
0	0
3	20
2	2
5	2
23	8
0	4
2	1
0	0
18	39
12	220
1	217
0	155
0	0
0	180
4	12
25	129
3	5
2	112
5	112
41	30
0	1
0	0
0	1
0	1
0	0
0	1
0	0
0	1
0	1
0	0
0	0
0	0
0	1
0	1
0	0
5	4
18	33
1	12
0	11
1	7
0	0
0	0
0	0
0	0
3	695
2897	714
36	694
78	7
0	0
0	0
0	0
56	1829
10	84
7	15
14	81
7	64
8	4
1	24
1	28
0	18
2	17
6	1783
5055	2
260	6218
106	2605
106	493
0	6133
10	2444
0	0
148	262
0	277
2	239
15	174
1	9
1	58
0	62
26	91
14	19
82	61
19	23
39	561
3	474
8	6
0	182
16	640
0	640
7	398
0	107
75	99
0	0
0	0
0	0
1	0
0	0
0	0
0	0
0	0
0	18
0	41
1	78
7	56
21	38
0	1
0	4
0	3055
0	2237
0	540
0	0
0	0
0	0
72	63
0	80
0	23
13	150
0	59
8	10924
6	10188
1348	13124
66	10967
20	4697
42	56
224	10943
51	1771
59	464
0	367
0	322
0	214
0	248
0	134
0	119
0	27
0	10
0	1
0	36
0	37
0	71
0	35
0	322
0	10207
0	13409
0	4660
190	7980
20	147
2	6607
0	1298
36	269
57	3135
7	4707
4	3362
17	52
1	34
3	14
7	74
56	190
440	230
13	74
0	4448
0	3892
0	1165
0	1204
0	2865
0	373
0	391
1	817
6	522
19	701
1	94
2	2133
0	1014
0	18
0	9
82	155
4	1111
0	23
0	20
142	1832
0	12
0	886
24	44
160	2014
48	3352
0	3138
10	3157
51	233
0	1140
0	2186
950	700
0	2453
0	1123
1	2622
0	2383
1	2525
0	609
0	586
0	119
12	57
0	54
0	39
21	68
15	5
0	1477
0	1494
0	751
1	521
8	1557
46	1307
2	577
0	10
0	3
0	0
0	4
0	0
0	0
0	5
0	1
0	0
0	0
0	0
0	1
0	0
0	0
0	2
0	50
1	95
2	12
0	74
1	3
1	58
1	11
0	3
0	0
0	61
1	66
0	5
4	4
2	12
1	4
0	9
0	0
0	8
0	0
0	18
0	15
0	10
1	9
0	2
0	2
3	1
1	2
5	0
6	85
30	61
0	86
0	68
0	0
0	0
53	0
0	0
0	0
0	6
51	7
21	22
0	7
3	1
0	0
5	40
0	0
0	0
0	0
46	119
68	2
2	0
1	1
433	1349
0	0
6	52
12	4
26	1296
0	0
0	1
0	13
1	2
1	2
0	3
0	3
1	3
7	2
4	21
2	0
1	9
0	3
4	6
0	0
0	11
0	0
0	0
0	0
0	0
0	0
0	0
5	317
1	312
11	327
55	3
0	0
20	13
1	316
0	3575
3	3180
0	3300
0	3321
0	1618
107	4185
0	3506
0	4759
0	147
0	40
22	1546
66	1828
0	468
23	44
0	225
1	149
23	396
34	43
0	49
6	2890
88	2918
0	3657
2	3657
12	426
1	1759
18	23
1	525
0	174
5	279
0	223
3	293
49	17
63	29
32	18
8	32
13	32
208	3858
2	2992
2	381
5878	3091
94	3247
68	103
17	232
12	1319
2	1161
9	1213
7	1091
0	972
0	439
0	777
0	0
38	243
52	8
1	1121
47	3207
12	0
0	3132
61	2928
25	21
51	555
19	3488
56	1713
3	0
0	1562
87	1666
30	886
2	326
8	0
5	1195
3	903
0	367
15	110
1	245
0	21
0	9
0	229
2	221
0	7
0	7
4	4
1	214
4	27
1	14
8	11
3	40
5	15
5	0
0	0
0	0
3	22
1	1
1	16
0	23
0	6
3	51
0	12
0	23
149	317
0	0
0	0
0	0
0	0
9	813
203	805
9	41
1	5
12	750
12	1876
12	8
16	67
19	1852
11	311
0	320
30	471
6	310
0	219
45	358
0	237
0	168
7	12
33	63
11	15
0	312
8711	3431
16	369
27	2667
67	793
0	0
0	0
0	0
0	0
0	0
0	0
0	0
2	14
93	14
0	10
0	11
0	11
7	0
0	3
0	1
0	2
0	0
3	90
137	487
69	408
0	0
0	0
0	0
0	0
0	0
0	27
0	0
0	0
0	0
72	0
0	0
0	0
0	0
0	0
4137	215
3	160
2	0
0	0
2184	0
0	1075
0	1973
0	224
0	276
0	371
0	370
11	65
0	0
0	0
0	0
0	25
0	0
0	0
0	12
0	12
0	12
0	7
0	7
0	549
0	74
0	71
0	0
14	229
21	217
0	1021
0	1039
71	21
7	1164
5	879
24	881
13	26
0	58
0	273
3	128
0	185
16	213
23	988
171	72
0	240
54	208
45	14
16	60
433	2875
3	2819
4	416
5	42
1	5123
0	3278
12	1941
40	173
18	295
0	5123
18	3328
0	3636
0	3412
0	389
13	2535
0	3416
15	3472
35	594
8	116
6	705
0	286
7	427
15	443
64	53
4	280
17	127
5	49
5	206
2	196
44	86
15	15
4	9
9	56
1	3
0	5
11	0
0	5
0	5
0	0
0	0
0	1050
0	1363
0	404
0	353
0	256
0	273
0	236
0	10
0	0
0	0
0	0
45	126
4	96
1	3
0	112
0	0
0	0
0	0
0	0
0	0
0	0
0	0
0	0
2	15
0	25
0	50
5	818
13	68
0	23
0	550
2	60
0	324
1	44
0	584
0	1
1	13
10	0
7	30
1	2
0	317
1	0
8	381
2	42
10	393
0	3
1	12
0	8
0	8
0	6
0	6
0	2
0	6
0	6
0	6
0	6
0	4
29	5173
39	3833
69	13604
13	6373
68	7192
47	8318
0	1195
4	3643
47	7499
0	0
20	0
0	993
0	946
205	437
2	437
26	399
0	0
0	0
0	48
0	56
0	48
3	56
2	0
0	0
0	0
0	0
0	0
3	48
0	48
0	1
0	0
0	48
0	48
0	48
1	1
0	1
0	1
2	8
15	9
958	7051
287	6008
36	4336
0	266
17	130
6	317
1055	4642
6	786
2	4108
29	3415
19	1025
20	464
0	2386
56	1004
0	679
21	989
0	727
0	597
1567	1980
2	1696
4	1
24	284
65	934
263	947
0	859
0	467
0	201
1	273
0	255
0	112
1	84
31	149
0	24
0	58
0	4
4	2
0	0
6	93
35	51
18	1
9	6
6	21
1	325
3	850
72	100
0	762
0	98
318	511
4	173
0	131
108	127
0	879
9	371
879	388
8	248
4	0
42	199
6	1
0	171
0	171
0	0
0	0
0	121
0	107
0	15942
0	12965
18	4
0	4
0	2
0	0
0	0
2	5
0	4
1	13
0	3
0	6
0	5
0	0
0	0
0	0
0	0
0	0
89	3348
204	3651
35	229
0	77
32	69
2	24
22	15
55	1
1	204
1	3597
0	0
0	0
5	1
0	0
0	0
11	4610
119	921
1	2794
1	1192
1	713
32	8
0	4610
114	15091
3	12146
60	15735
7	16527
74	13466
0	14537
0	14991
1	13709
0	15001
2	4997
2	14342
1	13278
0	11337
6	2502
1	6579
0	664
29	21
26	4
0	1440
35	1
7513	160
19	149
24	10
18	3
0	0
0	0
2	886
34	916
0	48
9	593
3	33
1	327
0	17
0	9
0	3
19	23
2	38
0	61
4	52
0	34
4	28
3	42
1	6
0	24
3	31
0	107
2	1604
0	2085
38	101
21	3
0	682
34	128
140	1902
0	76
0	76
8	81
0	74
0	73
0	106
0	59
8	2166
24	2854
0	2963
0	2055
2	110
0	2181
4	2187
0	78
0	2913
1	2054
0	2821
2	47
0	45
0	44
0	4
0	44
0	43
0	45
0	45
0	43
0	4
0	45
0	3
0	2
0	6
0	4
0	43
0	44
0	45
0	43
0	45
117	14
0	2
355	231
5	151
16	88
8	1867
20	860
0	361
4	796
42	590
0	37
45	16
0	343
0	415
37	323
22	239
43	1377
7	189
6	399
0	2
9	51
10	18
9	9
0	42
14	0
3	43
9	3
3	369
0	57
0	0
30	148
1	153
0	15
0	7
0	7
2	6
33	525
0	112
20	523
0	148
55	227
1	736
1	302
4	445
6	492
12	495
12	241
4	11
9	273
2	0
8	456
0	444
2606	27397
18	23984
1	1360
101	163
4	20489
140	6724
123	23664
2	9741
0	7482
0	3451
8	7827
270	306
0	0
0	0
0	0
0	0
0	0
1	0
0	0
0	0
1	4
12	1316
0	43
0	447
0	299
0	41
47	520
6	19
17	103
0	99
0	101
0	23
0	3
2	20
2	3
21	880
15	1699
30	826
4	848
0	1180
8	11
10	270
0	213
0	182
1	126
54	64
0	963
0	930
2	788
0	438
0	369
5	332
2	45
21	66
13	45
0	12
6	1
2	0
0	0
1	0
0	0
0	0
0	0
1	1026
3	731
35	840
0	36
8	1141
104	3879
171	174
438	5016
15	215
42	1375
1	76
4	232
33	404
1	3
304	74
779	4803
234	4696
16	1355
3	364
165	2936
7	918
1940	610
117	305
24	488
3	209
0	13
0	1
0	12
3	53
15	83
0	0
0	0
0	0
0	0
0	0
0	0
1	1
0	0
0	0
0	0
6595	65
36	4
1080	1117
64	1114
114	521
51	6073
2	178
0	101
13	7631
8	1495
1	3596
0	41
34	2963
100	47
0	0
0	925
0	316
0	47
0	184
0	2
0	2
0	0
0	0
0	0
0	0
0	0
0	0
0	0
0	0
0	0
0	10
0	0
0	0
0	781
90	845
0	1
0	40
0	188
82	852
0	36
0	798
16	152
3	118
866	251
11	171
60	8687
0	1233
0	1209
46	1290
14	733
3	989
17	84
0	826
0	6493
0	7018
0	116
0	639
22	1014
13	516
19	35
29	109
2	449
2	1104
0	1061
8	12
0	0
0	0
0	0
0	0
0	0
0	0
0	0
0	0
0	0
0	0
0	0
0	0
0	0
0	0
0	0
0	10
0	16
1	16
0	10
0	10
0	10
0	11
0	10
0	10
0	5
1	0
0	0
1	6
0	10
0	10
0	10
0	1
0	3
82	8
4	8
3965	6653
104	1540
59	5117
8	2813
127	2892
87	1085
3	2282
2	1302
5	1840
0	1559
0	137
0	1488
6	266
1	327
2	121
0	228
0	74
0	2680
0	0
0	0
0	0
0	0
0	0
0	0
0	0
0	0
0	0
0	0
0	0
0	0
0	0
0	47
4	90
14	44
1	58
2	1
0	3
1	0
0	0
0	81
0	74
0	0
0	0
0	0
1532	884
12	586
6	214
22	632
38	140
0	212
42	17
0	0
0	13
4	3
0	1
0	3
0	3
0	14
0	569
0	0
0	1
0	1657
0	2877
0	3489
2	870
1	270
0	3133
0	2785
1	2489
31	1679
0	1
0	1
57	1024
2	32
2	532
1	1110
143	1116
16	116
16	20
18	99
1	55
21	0
6	89
2	89
3488	1238
3	352
0	0
1	0
0	0
0	0
0	0
0	0
0	0
1	203
5	36
5	125
0	172
0	104
3	3
0	426
0	470
4	426
5	472
0	36
0	25
0	184
0	1
6	155
0	71
0	83
0	306
22	318
4	62
21	38
2	26
5	10
119	1998
82	1976
3	125
0	176
0	10
10	5
2	76
0	166
12	139
1	79
0	1
8	1
3	1
0	0
0	31
0	93
0	37
0	11
0	6
0	90
0	89
0	1
0	1
0	0
0	0
0	0
0	0
0	0
0	0
0	0
0	0
0	0
0	0
0	0
1142	1702
6	978
17	1303
8	269
5	1151
232	1529
9	392
18	477
6	399
0	131
6	28
46	21
0	144
0	40
0	36
0	54
0	0
0	40
0	0
0	0
1	0
0	0
0	0
0	0
0	30
0	12
0	0
0	0
0	0
0	0
0	0
0	0
0	0
0	0
2	22
0	3
0	17
0	22
478	3431
89	3278
93	213
81	1643
9	16
5	1814
0	114
35	0
13	218
1	34
3	46
0	13
0	1
65	52
0	29
39	203
0	0
0	0
0	0
0	26
0	26
0	2
0	24
0	0
0	26
0	0
0	2
0	0
0	0
0	0
0	0
0	0
0	2
0	2
0	0
0	0
0	19
0	19
0	29
1	334
418	621
2	412
0	22
0	8
3	119
0	0
0	0
0	0
0	0
2640	1589
0	1552
3138	54
0	0
0	0
0	0
0	0
0	0
0	0
0	0
3	157
25	196
3	59
27	178
0	16
1	466
7	192
0	279
0	249
0	432
0	246
0	246
0	48
0	2
0	4
0	0
0	3
0	1
0	0
0	2
0	0
0	0
4	1
0	3
0	3
0	0
0	3
10	14
0	3
2	3
0	3
0	1
0	0
0	0
0	0
135	606
383	1152
0	667
5	110
27	175
6	78
4	423
19	102
0	247
1	54
9	272
3	35
11	457
12	16
0	43
0	272
3	34
0	138
3	19
11	59
37	16
11	54
2	110
7	11
1	25
0	14
0	452
38	488
10	644
1	689
0	853
10	705
52	728
15	807
0	449
3	146
6	131
6	72
4	72
2	7
2	6
0	639
0	6
0	634
0	445
0	712
25	1187
4	88
36	33
0	1134
6	277
0	1140
0	880
0	1007
0	3890
43	3622
22	2
2	137
14	3371
0	3479
0	2405
0	282
0	283
14	283
0	1586
86	2450
25	137
1	268
2	134
3	46
0	509
11	9
31	3295
126	867
3	204
1	192
122	75
3	317
0	211
2	139
11	247
379	618
0	432
9	33
9	261
991	724
8	571
14	643
0	481
0	0
744	382
50	41
1	28
2	163
0	39
9	59
28	116
4	107
27	57
0	87
0	0
1	5
0	0
0	0
0	0
0	0
0	0
0	4
0	0
0	0
0	0
0	0
0	4
0	161
94	1275
4	213
1	1270
27	1270
0	147
1	118
0	157
0	122
0	106
17	49
36	473
129	856
0	934
6	473
0	205
15	61
0	91
0	0
2	48
2	16
3	0
0	1
1	35
1	0
0	1
0	0
0	0
58	27
0	0
0	1
0	1
0	0
0	1
0	79
0	79
1	2
2	0
13	429
168	468
18	189
45	38
57	16
0	40
0	0
0	0
0	1
0	0
0	0
0	0
0	0
0	0
0	0
2	1
0	1
0	0
1	0
1	0
0	0
0	0
0	0
0	0
0	0
0	0
1953	1786
0	738
29	306
37	554
19	445
0	0
0	0
0	0
0	0
0	0
0	0
40	6
2	3
0	6
0	6
0	1
7	13
0	2
1	2
0	1
0	1
0	3
0	2
1	5
0	4
0	3
0	2
0	1
0	2
0	0
0	1
0	3
0	3
0	2
0	3
0	3
0	1
0	1
0	1
5	1
0	0
0	0
0	0
11	452
183	492
1	231
0	38
0	99
0	22
0	70
0	19
0	0
0	0
0	0
0	0
22	988
0	729
0	771
5	451
6	506
20	624
0	174
76	433
1	17
0	204
4	26
0	325
2	383
0	120
35	261
18	267
15	159
6	20
28	2
0	120
15	86
0	107
5	30
3	66
0	38
0	93
24	92
5	108
17	1
26	16
2	28
4	129
0	143
0	218
4	216
1	231
13	76
6	49
0	108
12	830
0	28
0	38
0	171
3	539
112	842
0	3
9	1008
3	827
0	673
0	0
0	9
0	0
0	0
228	0
0	0
0	9
0	0
0	9
0	9
2	13
0	0
0	0
0	0
333	1096
104	944
2	46
14	36
3	143
0	306
0	191
0	132
4	14
9	18
0	0
3	9
0	0
0	2
0	16
0	0
0	5
0	0
0	0
0	0
0	0
306	1335
0	1335
286	895
6	7544
0	6113
10	32
1	8511
49	3152
2	6356
0	1264
0	7793
7	350
16	144
21	2334
0	5994
5	2249
8	5490
7	1579
97	6394
65	312
0	875
9	715
22	72
0	589
10	429
0	996
1	191
49	31
79	16
2	0
4	3
10	8
0	53
16	121
0	29
4	4
0	718
5	1298
1877	2515
0	7
2	668
37	451
7	31
2	1400
18	641
0	0
0	0
0	0
0	0
3	1
3	36
3	64
0	0
0	0
0	0
5	11
0	0
0	0
0	0
0	0
43	67
0	0
0	0
0	0
0	0
0	11
0	13
0	0
0	0
0	13
0	0
0	0
6	0
0	0
0	0
0	0
0	0
0	0
0	0
7	24
0	0
0	0
1	0
0	0
0	0
0	0
0	0
0	4007
0	0
25	3909
0	1268
3	33
2	3084
20	236
0	1
6	234
30	4
0	4
0	0
0	1
0	0
0	1
0	0
0	3
0	79
35	245
0	10
12	252
0	119
0	62
1	5
0	20
2	4
0	10
5	2
28	195
0	329
0	248
0	247
22	58
10	49
3	51
1	223
12	10
46	211
1	47
2	3
0	0
0	1
0	1
0	1
270	2203
0	2154
0	1828
0	1847
1	2160
0	1705
12	1749
3	92
8	398
3	152
6	147
1	177
3	198
41	0
0	0
52	263
0	14
1	17
0	4
13	253
0	0
0	51
9	25
1	37
1	9
0	3
16	3
1	41
6	5
6	4
0	3250
7	3139
77	3396
0	74
0	217
2	237
2	355
2	323
2	275
33	112
0	10
2	216
67	683
146	7599
2529	9797
0	73
5	1771
200	446
10	3480
20	3193
197	1071
168	492
128	2184
71	1114
2	291
27	1105
11	54
0	39
2	73
0	121
2	330
4	203
0	207
213	79
22	95
6	45
91	1050
39	379
0	551
102	1028
0	172
3	1
0	1
1	0
0	0
0	1
71	5262
1629	5489
175	810
40	349
103	197
49	3
24	1985
0	2201
32	1352
61	135
3	43
0	45
0	43
3	0
2	40
0	45
672	2703
6	2865
0	1999
0	1203
3	0
0	759
5	518
0	25
5	497
11	13
0	0
0	0
0	1
0	1
20	0
0	140
7	142
5	163
0	126
3	35
0	14
0	7
1	12
5	12
2	20
0	1
0	0
0	0
0	0
0	0
0	138
0	129
1	149
0	40
0	1
0	0
0	34
0	35
4	14
0	0
123	5977
0	1480
9	92
10	124
40	3270
223	6162
13	319
8	611
0	598
8	384
27	10
43	327
26	750
22	385
62	55
24	237
297	808
3	363
24	180
9	138
9	656
0	0
21	1020
0	0
447	1021
19	353
7	620
0	405
0	406
0	157
0	748
0	437
0	330
0	431
0	431
0	430
0	370
0	375
0	391
0	536
0	66
0	0
0	3
0	17
0	0
0	0
0	0
0	2
0	4
0	0
0	4
0	4
0	3
0	4
0	4
0	2
6	3589
44	3384
3	2060
24	338
0	3589
4	177
16	3184
9	449
11	100
5	79
805	0
0	26733
0	22600
0	22641
0	22712
0	7
0	7
0	3
0	2
0	2
4	2
0	7461
0	6495
0	1137
61	438
1076	751
15	16
3	171
2	86
1	70
1	49
1	55
1	67
0	67
0	6
0	6
743	1605
77	1462
62	1407
12	155
8	50
9	3
2	4
11	0
20	0
0	1445
0	222
2	304
74	611
30	268
3	223
0	213
3	223
0	105
0	49
429	1257
0	0
0	2
0	1
0	1
0	2
12	15
36	414
0	46
0	24
15	15
2	26
14	22
31	414
8	14
3	53
0	26
1	20
0	34
2	4
7	52
0	113
521	2030
3	693
9	422
3	981
66	144
0	161
7	165
0	142
0	75
0	65
3	13
0	10
0	6
0	5
0	2
35	24
0	7
86	735
12	738
2	86
7	45
0	26
0	0
0	0
0	0
0	0
662	4
1095	190
0	174
648	404
5	36
0	257
4	124
0	48
6	69
0	47
14	47
7	10
0	4
0	1
1	0
1	4
2	2
0	3
48	10139
2682	10496
3	10074
6	7609
1	9817
8	9834
1	5769
2	5208
822	28
110	9
0	0
0	1
0	1
0	1
0	0
0	1
11	293
0	52
17	47
4	210
0	1
0	79
0	47
0	33
13	176
0	2
5	1061
65	1128
11	543
0	1070
1	994
21	622
71	234
43	460
3	396
10	401
41	40
0	83
1	32
36	17
17	113
0	1735
0	334
3	80
18	360
21	204
108	127
0	94
12	38
29	395
8	9
0	49
176	1133
8	1067
0	1365
1	1372
8	366
1	333
1	488
0	444
8	559
0	422
1	221
1	369
0	380
0	302
0	180
2	96
2	181
0	126
3	120
2	237
2	57
1	118
0	69
3	28
61	2
92	277
1	277
0	12
2	8
1	0
0	27
6	32
0	0
0	212
0	308
0	327
0	160
0	259
0	301
0	258
0	238
0	122
0	20
114	215
15	6
27	44
0	144
1	97
25	20
0	65
6	3
39	47
14	25
1	3
0	2
0	3
30	36
0	1
0	2
0	3
1	0
0	2
0	4
70	1458
0	76
0	41
7	2
1	1461
0	1475
1	1
1094	172
2	32
3	76
11	91
5	2
2	7
0	2
0	2
0	2
0	2
29	2
0	2
1	2
0	2
0	0
0	0
0	0
0	0
0	0
0	0
0	0
0	0
0	0
0	0
151	409
3	409
0	0
0	0
0	0
0	0
0	0
0	0
785	0
0	0
5	0
0	0
0	0
4	81
7	101
25	101
0	0
0	0
0	0
7	463
0	496
9263	657
342	161
0	0
0	0
0	0
0	0
0	1
0	0
79	156
16	74
8	48
7	60
0	34
114	941
0	780
4	867
3	79
1	34
33	67
1	48
1	69
5	77
13	68
9	36
0	741
5	551
1	155
1	189
0	223
62	265
0	670
0	668
21	3
0	294
127	333
0	1737
0	296
93	1094
0	24
0	123
16	123
0	392
0	1518
1	1518
0	3165
0	313
0	709
0	16
0	21
6	15
0	11
0	0
0	0
0	4
0	0
0	0
1	4
2	6
0	0
0	0
543	1413
33	1175
3	1378
12	0
0	0
0	0
1	0
0	0
0	0
1	0
554	522
15	176
3	347
0	15
355	262
0	0
0	0
0	173
0	424
0	66
0	420
0	274
0	214
2	0
0	0
0	0
0	0
0	0
0	0
0	0
44	76
4	367
3	356
0	371
14	4182
0	324
0	4147
19	294
4	247
0	231
17	955
2	195
13	12
1	7
0	6
0	7
0	0
133	66687
171	62520
1110	24473
0	37093
4	53648
10	59567
20	38984
104	1408
96	9132
3	579
22	2881
0	6389
99	3844
0	52926
0	112
0	72
0	72
0	18381
0	15419
0	16601
0	16631
0	6313
0	289
0	1532
0	2792
0	911
325	0
94	940
3	775
2	775
0	265
53	4523
12	2361
0	4583
37	10
15	24
141	2828
4	173
9	99
14	16
34	279
1	36
20	0
35	571
1	35
0	139
8	146
0	55
0	4406
0	0
0	0
693	1630
2	1666
1	274
0	790
4	148
9	214
0	95
4	87
0	37
3	13
2	24
40	1012
6439	2133
41	1018
0	0
0	0
109	0
0	0
0	0
511	128
0	0
0	3834
0	24
34	2214
54	1700
48	17
0	49
5	3892
0	0
0	0
0	0
0	0
0	0
0	0
0	0
0	0
0	0
0	0
0	0
0	0
0	0
0	0
0	0
4	0
22	641
1	259
2	458
0	300
27	277
0	260
0	153
0	252
15	82
5	623
0	652
2	189
1313	189
0	0
0	0
0	0
0	0
0	0
0	7
0	17
0	30
0	103
0	8
0	2
0	98
533	888
50	651
211	645
158	445
5	428
15	62
0	53
0	62
0	62
0	3
0	0
0	0
5	1124
11	4289
42	5510
12	3478
14	2604
1	2500
23	623
11	1457
20	2265
0	2597
10	75
4	93
29	175
0	967
0	999
29	132
29	371
0	934
0	621
0	854
0	888
0	828
0	0
6	96
0	7
0	0
0	0
0	0
0	0
0	0
0	0
0	0
101	778
22	43
1	0
0	37
0	43
0	44
0	7
0	0
0	43
14	219
0	149
0	0
5	19
4	109
18	10
0	0
5	0
24	35
28	485
19	485
1	24
0	24
1	24
0	22
0	22
0	22
3	29
0	5
1	46
0	2
0	1
0	1
0	0
0	0
0	0
0	216
0	224
15	643
8	4
0	76
0	11
1	1
0	4
0	2
117	666
50	0
0	4
0	0
6	41
0	4
0	0
25	63
7	0
0	0
12	0
1504	2542
6	1650
11	871
2	958
17	745
13	671
10	480
64	77
35	56
57	662
346	889
23	77
13	285
5	741
21	24
214	321
1	40
447	6174
119	2949
70	866
0	5711
0	5186
18	4405
3	662
5	4406
0	629
5	450
23	147
5	1
3	1249
58	1145
3	467
2	509
11	633
1	205
1	210
21	5
25	2
109	388
8	300
2	339
8	407
0	434
3	378
0	342
1	4
0	64
0	257
17	124
0	85
0	23
0	22
10	19
0	19
3	50
0	29
1	28
0	0
0	0
0	1
0	0
0	0
20	130
1599	2375
4	146
3	135
0	1477
0	116
2	827
8	0
2	496
167	128
1	806
1007	7110
1	1029
13	2139
0	321
0	158
7	707
0	4840
2541	5679
2	742
36	6
0	0
18	4217
139	2226
0	4195
20	4343
50	2405
0	3075
11	372
10	396
38	543
6	23
0	0
0	9
0	0
0	0
4	0
1	5
2	51
0	56
0	5
0	1
36	40
0	5
0	28
0	38
1	6
1	8
31	430
39	520
7	46
5	138
1	26
9	41
0	0
16	330
0	2651
0	1836
0	1492
0	218
0	16
0	8
0	61
0	233
0	382
0	3
0	0
0	0
13	197
3	15
21	39
0	1
0	3
0	3
0	1
0	10
14	35
0	3
4	9
0	22
0	5
0	17
2	2
4	16
27	691
233	1859
3	1463
6	55
6	7
2	341
3	125
2	106
1580	4258
18	4393
18	9
164	2799
99	2353
11	27
0	0
0	0
0	0
16	53
0	0
0	0
9	59
5	37
0	0
0	0
1	27
0	5
0	0
0	0
426	1519
6	213
0	511
0	234
56	1243
8	16
1	0
17	24
0	0
6	0
0	0
0	1
0	8
1	35
0	33
4	31
0	6
0	5
16	1
0	0
0	0
32	6056
26	5963
0	5996
100	1256
1	145
0	0
1	0
7	117
1	0
1	0
1	7
8	159
9	92
9	109
8	22
24	2523
395	258
0	1853
2	921
24	62
0	44
4	0
50	38
1	90
0	38
28	48
0	48
0	36
0	31
0	2
11	25
0	0
2	13
575	103
46	122
7	40
39	352
11	333
702	983
1	904
0	773
158	154
70	792
14	773
10	696
15	775
191	3041
7	1713
0	180
0	2142
0	619
0	2029
5	489
4	157
0	10
19	3
5	156
0	300
33	814
16	29
0	38
55	264
4	302
18	103
0	77
46	267
39	0
10	74
6	84
7	72
33	57
0	539
376	1342
118	1363
0	1335
33	218
1	172
4	333
1	0
0	0
0	70
0	70
0	0
0	0
0	0
0	0
105	677
0	490
5	253
18	185
0	544
2411	11903
583	9408
34	4628
344	11326
89	9282
0	2
2	7
0	2
0	14
0	14
0	0
0	0
0	0
0	4
0	8
0	2
0	0
0	0
0	0
0	339
69	17
0	221
130	1315
41	546
29	96
0	3
25	1935
7	1380
0	290
98	584
9	515
47	656
1	897
118	1316
0	623
0	253
40	234
171	1315
0	1315
0	1318
0	1346
16	1349
6	1094
0	1224
2	980
83	316
0	917
0	770
0	895
1	425
0	189
1	983
0	236
3	488
10	174
2	23
0	215
15	62
0	154
9	308
0	264
0	1
0	0
0	0
0	0
0	1
0	791
0	3295
0	1244
0	26
0	1246
0	3780
36	599
17	1724
7	0
45	3294
10	1093
0	1025
16	229
14	787
12	219
5	32
20	9
27	1140
49	143
125	121
0	2246
0	0
0	0
0	0
0	0
0	0
0	0
0	0
0	0
0	0
0	0
0	0
1	0
0	0
0	0
13	1022
25	1756
3	759
2	1502
8	896
3	1419
4	120
6	1217
18	875
4	66
7	92
13	12
131	284
2	144
11	1105
88	1253
13	284
14	924
9	493
0	198
244	611
3	231
0	565
15	102
0	9
36	17
4	140
1	320
0	267
20	0
8	1343
42	973
32	1240
0	46
0	155
0	33
5	13
1	30
1	140
12	0
4	24
4	45
7	110
2	0
4	2
0	22
0	69
4	199
0	121
4	131
10	17
4	15
8	21
73	2016
26	2037
1	700
0	46
0	267
112	1909
4	1034
4	382
3	72
0	685
2	567
1	30
0	570
0	212
0	155
3	1519
1	161
5	245
5	514
10	36
0	0
0	2
0	1
0	2
0	0
0	0
0	0
0	0
0	0
0	0
0	0
0	0
0	2
0	0
0	0
0	1
0	0
0	0
0	0
57	53
0	53
0	0
2	30
1	6
1	0
0	1
0	1
0	2
0	2013
0	2247
0	2007
0	2015
0	1948
3	104
40	81
0	69
0	68
5	24
1	2
0	0
26	42
0	12
0	0
0	0
9	283
3	158
0	310
0	288
0	234
0	287
1	1
0	1
0	311
0	312
26	18
13	9
6	9
1	4
0	2
0	4
0	2
1	0
0	0
0	3
2	3
1	0
1	1
29	17
0	17
74	582
0	545
2	185
20	273
0	273
14	417
0	236
12	81
12	95
962	10551
752	1450
0	1110
6	1281
1447	9968
14	104
38	265
2	192
94	2816
20	280
3	218
17	23
1251	2206
16	694
3	500
1	680
0	29
1	23
11	97
11	1
4	131
0	730
0	11
3827	2495
0	197
37	67
13	44
21	1
27	2308
4	186
19	245
18	1
6	114
12	174
0	0
0	22
0	0
0	22
3	138
0	131
0	72
2	64
1	23
1	49
0	35
0	16
22	20
0	14
0	3
0	20
5	1102
13	1201
77	1235
0	1745
9	1788
0	1071
31	166
0	1781
1	250
88	2124
35	128
680	2118
0	656
0	698
0	650
0	332
0	15
0	41
0	308
0	18
0	9
0	153
0	30
0	75
0	24
0	26
0	58
0	45
0	31
0	16
0	677
21	1432
19	1430
13	1446
1	386
9	343
0	130
1	1250
0	49
16	135
0	109
0	266
4	294
9	1061
25	39
141	891
0	21
7	116
28	787
0	0
0	0
0	0
0	0
0	0
0	0
0	0
0	0
0	0
0	0
0	0
0	0
0	1860
0	1788
0	209
0	84
0	0
0	2
0	0
0	2
1152	2807
29	482
0	1775
18	2
8	888
0	775
0	203
0	496
5	502
0	487
5	114
2	126
0	23
3	23
2	11
0	2
5	5
6	1
0	0
0	0
0	0
0	0
0	0
0	0
705	930
3	833
0	379
0	178
0	154
0	54
8	2
0	776
0	985
0	976
0	1013
0	159
0	80
0	45
0	2
173	142
3	98
3	170
0	140
1	22
0	115
0	122
1	87
4	11
0	69
5	0
0	4
6	36
3	9
373	1631
0	784
185	2436
2	1862
2	1391
0	960
183	0
139	248
20	9
35	98
2	173
0	47
0	0
0	0
0	0
0	0
0	0
0	0
0	0
0	0
0	0
0	0
27	79
0	0
0	0
0	0
0	0
0	0
0	0
0	0
0	47
0	0
0	0
0	0
0	370
0	142
0	135
0	24
0	119
0	46
0	101
0	4
0	4
0	0
0	166
1	0
0	0
0	3
0	1
0	1
0	0
0	0
0	2
0	0
0	0
0	0
9	16
0	0
0	0
0	0
0	0
0	0
0	0
0	0
0	0
0	0
0	0
28	26
0	0
0	0
0	0
0	0
0	0
0	0
0	0
757	0
687	2851
42	33
0	388
8	769
14	2106
0	303
14	246
309	142
0	232
0	0
0	0
0	0
28	39
5	8
0	0
0	10
0	0
8	800
90	890
2	542
0	128
2	72
0	25
52	7
20	219
192	285
12	11
2	49
0	0
0	777
312	217
7	209
2	217
1	11
2	251
10	268
1	9
6	245
3	30
14	34
7	36
0	8
0	2
4	19
1	29
0	18
1	8
6	2
0	36
1	452
150	452
0	2
1	0
51	443
0	0
0	0
12	53
1	76
0	523
2	385
0	38
69	306
0	47
2	15
0	360
1	32
0	469
0	0
0	1
0	0
0	13
0	0
0	0
0	13
0	0
0	0
0	34
0	35
0	35
0	34
0	35
0	18
0	0
0	0
3	0
0	0
0	0
0	0
0	0
0	0
0	1
3	0
874	1005
3	179
0	1
7	128
12	304
0	133
1	255
18	330
0	300
9	306
2	15
0	1180
13	2085
10	2067
0	1405
7	536
34	0
2	2161
525	9607
210	9606
0	693
19	3
9	522
0	352
4	812
2	440
3	686
0	744
10	1197
17	612
27	2309
76	70
0	0
1	0
0	0
141	35
1	9
2	176
0	168
2	96
0	265
0	42
0	18
51	10
66	275
3	264
1	175
37	130
6	227
73	56
3	0
0	0
22	286
3	14
1	179
5	12
2	34
0	265
144	66
0	0
0	0
983	247
82	187
0	249
10	278
130	67
25	6705
0	9280
330	9291
35	10668
277	10281
5	161
243	437
30	1012
170	74
0	1455
260	205
74	853
335	970
13	345
50	10
7	216
13	318
84	1579
0	462
0	283
0	809
12	2447
48	2142
40	1611
21	1936
7	604
0	1893
0	641
5	169
0	631
11	435
294	1771
0	697
3	692
0	675
0	1572
0	136
11	120
17	1455
0	281
0	136
1	385
0	431
0	115
1	56
14	3
6	3
22	182
7	10
84	959
0	844
0	664
45	217
0	185
0	130
17	20
66	215
6	60
0	49
0	40
0	973
0	4
0	636
0	751
0	75
36	1853
3	1070
0	32
0	26
0	19
0	64
0	746
0	0
0	0
0	0
0	0
0	0
0	180
0	202
0	81
0	105
0	555
0	471
0	2575
0	2576
4	56
9	70
12	720
5	310
0	2576
0	782
0	785
0	596
0	9
0	111
0	28
0	49
0	102
0	541
378	1557
18	1337
18	21
7	46
8	215
18	231
0	156
348	141
16	19
13	65
8	89
0	0
0	0
0	78
0	73
0	19
0	32
0	8
0	14
0	12
0	1
0	20
0	19
0	13
0	12
0	4
0	8
0	8
0	7
0	7
0	3
0	1
0	0
0	1
0	30
0	35
3	430
5	4439
1600	5741
45	625
5	113
65	1064
19	0
8	322
24	821
66	393
0	230
0	8
0	8
0	0
0	5
0	7
0	21
1	25
0	0
0	0
12	0
0	1
22	47
0	0
0	0
0	4
0	1
79	65
0	0
630	1990
0	1645
10	1263
16	1
6	837
6	50
7	59
2	73
2960	0
0	10
0	0
0	109
0	152
0	9
13	35
2	0
0	144
4	14
0	94
1	19
0	26
0	20
0	14
0	38
0	150
0	18
0	53
0	25
12	116
0	14
0	0
0	163
0	93
0	0
0	0
0	0
0	0
0	0
40	250
0	127
2	197
0	235
1	2
0	27
1	0
0	35
0	5
0	0
0	0
0	0
0	0
0	355
0	1
0	0
1	32
51	355
1	32
0	63
0	47
13	70
0	67
0	5
7	18
5	14
0	5
0	0
0	0
0	0
0	0
0	0
0	0
0	0
0	0
0	0
0	0
2090	1269
2	4
5	210
69	1044
21	7
16	152
22	390
0	267
5	41
15	0
13	97
0	418
0	390
1	443
0	415
8	441
39	18
0	0
0	0
0	0
0	0
0	0
15	53
0	3
1	5
5	4
0	3
0	3
0	3
0	3
0	3
0	3
0	0
0	0
0	2
0	3
0	3
0	0
0	3
9	446
64	1128
0	1315
13	778
1	844
1	940
1	513
13	1
0	62
0	324
90	421
5	2
0	0
0	0
0	0
0	0
0	0
0	0
0	3
0	1
8	66
0	2
27	5
10	3
0	0
5	0
0	0
0	0
1	5
21	4
2	13
0	10
11	7
5	2
6	12
8	5
1385	0
0	0
563	1964
1	1964
33	70
4	84
0	0
4	0
0	7
0	15
1	17
0	17
0	1
7	79
0	0
2	1
0	17
210	511
5	59
1	41
49	55
12	62
0	193
26	506
2	503
0	15
3	27
0	118
5	84
1447	3511
17	596
9	589
3	1484
7	1669
45	1135
14	1140
23	619
0	32
0	257
6	615
13	599
70	601
0	22
18	2
4	7
837	262
3	71
11	100
4	100
0	35
4	24
1	77
16	10
10	62
0	10534
0	10437
0	10268
0	10119
9	3060
0	489
9	339
4	275
6	191
51	232
7	886
32	233
47	0
150	316
0	226
7	460
10	30
7	14
33	11
0	0
0	0
0	0
0	0
0	0
0	0
0	0
0	0
0	0
10	5
0	0
0	0
0	0
1794	1266
0	1125
0	0
0	935
0	1076
1	99
1140	580
2	287
146	558
3726	18717
7	16893
20	1
7	1828
5	430
1	1802
4	1738
20	1803
0	0
0	0
2	241
0	1022
0	985
0	1022
38	979
0	993
0	110
0	992
0	1019
0	34
0	10
0	24
0	13
0	27
0	19
0	797
0	10
0	22
14	22
9	160
7	16
0	9
14	88
6	312
8	830
28	919
1	78
4	1
61	802
1	94
1	720
9	719
5	720
32	669
0	23
163	0
0	0
0	0
0	0
0	0
0	0
0	0
0	0
0	0
0	0
0	0
0	0
0	0
0	0
141	754
8	580
2	51
4	315
19	39
24	199
0	8
5	54
0	53
2748	13426
28	494
18	4301
4	12205
13	11426
38	442
14	159
88	353
0	0
1	45
0	8
3	39
20	52
13	2
2	23
1	21
9	15
8	492
4	406
7	1
3	690
10	11
0	677
9	0
7	35
6	3
0	52
3	33
0	29
2	44
3	11
0	50
3	69
9	238
0	38
0	11
0	1
33	179
3	0
2	80
0	70
0	76
0	64
0	71
1512	2002
0	1658
5	1029
1	1581
0	270
0	505
1	172
0	296
0	13
310	719
11	714
70	707
0	3534
149	461
226	6744
237	6649
19	3811
40	1836
10	6171
9	4248
12	1421
17	2410
1	0
30	22
81	589
0	1
1	0
380	781
13	576
0	392
1	486
0	11
0	8
0	8
0	2
1	36
0	13
15	23
0	0
0	0
0	0
11	2459
67	2459
0	124
0	2484
0	0
0	0
0	30
0	2
0	3
0	3
0	0
0	3
0	9
0	0
0	3
0	28
0	8
0	2
0	1
0	65
0	2
0	9
0	9
0	27
0	8
7	31
0	0
13	682
5	261
87	1203
0	715
24	672
9	431
2	211
0	57
0	575
0	0
0	0
743	258
2	62
6	212
0	37
0	37
0	37
0	0
38	0
0	4773
0	424
0	4849
0	30
0	149
0	185
0	24
0	114
0	4
0	29
0	196
0	319
0	120
0	189
0	0
2	3759
0	1267
0	0
26	255
7	46
144	1756
4	115
37	164
33	135
7	123
32	302
46	3632
15	0
0	44
5	191
5	3371
8	50
17	238
7	380
0	198
17	65
0	380
0	1
1	397
0	925
9	789
0	132
16	85
1	75
0	121
0	402
7	46
2	42
0	95
6	184
8	226
105	385
0	276
8	15
0	828
30	433
0	28
0	38
0	27
0	32
0	32
0	0
0	11
0	19
0	19
0	19
0	4
0	5
19	67
0	67
0	67
0	21
0	25
0	8
0	9
0	1
0	23
0	25
0	22
16	151
0	129
19	104
1	136
4	134
10	111
7	21
2	32
1	21
0	13
0	1
0	1
0	1
0	0
42	49
0	0
0	0
0	0
0	0
0	1
3134	1313
0	652
0	628
0	8
1	371
16	312
36	33
5	641
729	987
4	867
0	965
3	519
2	26
8	24
4	14
0	137
16	145
0	66
1	87
13	19
5	58
0	8
0	5
0	58
0	5
0	7
2	28
1	19
1	25
0	25
0	24
0	0
0	0
0	7
0	5
0	5
0	0
0	0
0	1408
0	1586
0	29
89	495
16	102
73	477
797	0
10	0
0	0
93	26
8	21
3	0
52	9
7	939
0	62
42	1562
2	1557
0	1440
3	27
29	1137
3	304
31	2
33	50
19	0
22	9
0	0
0	3
4	2
0	0
0	1
0	0
2	1
0	3
0	2
3	0
4	10
0	2
15	11
9	12
1	11
19	21
3	3
1	9
0	12
0	0
0	0
7	96
63	2215
1	834
267	2609
2	2215
0	818
19	34
444	285
0	46
3	1120
15	96
30	97
0	5
0	41
74	569
0	375
51	468
4	509
0	443
0	6
0	76
4	118
0	0
0	0
0	0
0	21
0	24
0	0
0	0
0	3
0	3
0	3
0	209
0	209
0	0
0	0
0	2559
0	2599
0	141
0	344
0	647
0	1140
0	2191
0	2367
0	691
0	2231
0	2510
3673	584
8	105
5	147
15	439
5	101
2060	233
117	2969
319	2830
89	1892
44	14
5	225
17	342
20	18
365	633
69	289
423	203
1	119
104	0
0	1664
4	68
61	1083
5	1229
13	1110
162	668
0	1238
2	308
4	568
2	334
3	95
5	20
6	64
30	6535
27	9403
0	9407
460	9402
14	27
32	3381
15	142
127	492
1	436
0	220
9	23
0	43
15470	2058
3	448
2	80
8	60
47	334
26	594
119	1007
105	4
25	56
1398	346
8	273
0	389
0	146
5	10
29	78
21	1765
0	1632
0	1691
0	5
1	1535
0	1325
0	1260
1	12
0	221
2	80
0	116
3	13
236	1772
6	26
1	381
0	116
103	1081
20	758
22	835
23	812
47	986
35	3
24	790
0	318
33	1767
0	0
2938	2692
8	205
22	23
24	199
1	14
5	2271
3	30
3	6
11	1407
13	968
6	224
8	2
144	158
14	591
0	55
6	36
4	263
13	1
1	16
0	18
1	18
0	436
31	392
5	300
1	139
4	10
11	12
1	56
0	1
0	0
0	1
0	0
0	0
0	0
1	95
8	390
10	38
17	76
13	143
5	36
0	88
0	4
36	187
13	300
91	326
34	1168
14	209
20	84
10	842
0	96
7	94
2	36
1	115
314	115
15	115
4	178
4	207
0	227
17	216
0	160
1	41
1	9
0	20
1	33
3	50
15	18
0	23
0	4
1	22
3	18
1	23
14	25
3	4
0	9
0	8
2	0
1	18
2	15
0	172
1523	1050
5	232
0	1007
6	248
1	228
1	12399
0	11752
10	259
0	5960
0	12034
0	12112
21	3
2	0
0	0
33	6925
4	0
0	0
13	11007
9	13
16	17
111	304
1	131
1	0
0	675
3	273
5	149
5	5
1	0
2	393
29	1332
3	260
18	96
0	26
18	14
10	0
133	267
118	19
0	0
88	1268
2	1084
14	1078
13	626
26	1
494	297
5	9
1	47
6	237
0	180
16	140
0	151
0	54
0	113
0	44
0	89
46	860
768	1282
9	689
20	234
0	0
19	1400
75	1664
0	1586
2	1314
0	1521
7	1582
11	82
0	131
21	1027
9	204
50	38
9	295
88	189
56	58
0	190
0	66
3	24
131	110
6	120
11	233
0	124
0	0
0	0
0	0
0	0
2	3
4	0
1	0
0	0
0	12
1	23
0	9
0	0
0	0
0	23
4	18
0	16
0	916
119	922
1	200
7	74
9	0
44	8
4	815
58	1393
21	1482
0	649
24	773
15	33
4	75
0	127
9	91
8	95
4	0
72	10
0	6
8	4
42	2976
1	2235
0	2590
20	1949
0	2408
0	2555
0	2959
0	1898
9	2662
0	2176
57	428
16	1700
9	1454
0	396
6	109
56	108
4	29
4	15
9	7
1	0
0	0
0	11
2	5
0	6
0	4
0	2
0	27
0	190
0	172
0	178
16	154
5	168
0	156
14	214
1	0
0	6
0	12
0	15
1	6
8	13
0	9
3	8
0	16
14	54
0	1
0	53
2	24
0	26
0	3
0	4
0	3
0	3
0	2
0	1
0	1
0	22
3	383
369	1335
8	92
7	5
0	436
0	33
0	46
2	1170
7	7
12	14
29	737
0	27
0	170
4	479
0	106
0	131
0	2192
4	2023
0	1496
0	58
0	115
0	325
0	1940
27	0
0	196
1	747
0	78
0	67
0	1965
0	26
0	110
0	1759
56	2055
0	91
0	1540
406	689
22	200
0	368
1	453
0	1
2	1
0	1
7	2
11	0
0	0
0	0
0	2
0	0
0	0
0	0
0	0
0	5
0	7
0	1
0	0
0	0
0	0
22	301
0	3
0	116
2	5
7	77
1	59
1	295
0	0
1	4
0	0
66	25
0	0
0	0
0	0
32	2
0	0
0	0
0	0
0	0
0	0
0	0
0	0
0	0
0	0
0	0
0	0
1	0
6	181
211	121
67	163
2	0
0	0
0	0
2	0
0	0
0	0
0	0
0	0
0	0
0	0
0	0
0	0
0	0
1	674
0	249
0	22
7	5
0	84
0	27
8	17
0	282
8	678
20	147
5	10
1	11
18	147
1	1
5	142
95	792
25	8
9	341
3	772
10	30
0	0
0	0
0	0
0	0
0	0
0	0
0	0
0	0
0	0
0	2
0	8
0	0
0	2
0	4
0	8
0	2
0	13
0	4
0	4
0	0
0	2
0	0
0	15
0	29
0	0
0	0
0	1408
0	1586
0	505
0	0
0	0
0	0
0	0
0	0
0	0
0	0
0	0
0	95
3	67
0	58
0	53
0	49
0	50
2	19
0	0
0	0
0	9
0	6
1	9
0	8
0	6
0	24
0	30
0	28
14	17
0	3
3	0
0	80
0	82
0	62
0	95
1	63
0	35
0	65
0	50
7	95
12	6164
0	5945
14	6163
381	1567
51	0
39	11
6	11
0	0
1	0
0	0
0	0
0	0
7	1
0	0
4	13
0	9
0	0
0	13
1	0
0	0
5	92
0	700
40	1136
0	567
16	948
9	309
434	759
0	463
428	886
0	506
9	485
8	17
6	95
0	177
14	48
38	50
0	76
0	76
0	0
1	1
0	1
0	4
1	0
0	37
0	1
929	1377
0	1224
0	1073
3	1033
11	283
0	180
2	92
22	130
0	1
4	78
53	159
0	82
0	371
0	513
0	395
0	373
0	364
0	416
0	0
0	0
0	0
0	0
0	0
735	6
0	7
60	81
10	9
10	55
190	485
128	377
8	172
0	0
0	0
0	0
0	0
0	0
0	0
0	0
0	0
0	0
0	0
0	0
33	957
1364	2232
19	1755
13	1341
0	11
0	11
0	0
0	0
56	2834
60	4588
157	4704
44	389
4	110
8	330
21	176
11	7
0	4588
1	1235
4	1138
0	1205
29	1090
0	835
0	491
23	25
107	105
12	1551
7897	8662
85	1686
188	2
28	296
23	37
22	1703
130	6638
0	3695
384	6678
0	1780
18	366
20	10
28	6685
0	590
0	48
0	6743
0	271
0	1129
0	789
0	139
0	58
0	60
0	502
0	34
0	259
0	1377
0	448
0	303
0	0
0	1
0	0
0	0
0	1
0	8238
0	9989
0	3765
0	272
0	2406
0	1401
0	479
0	241
0	4853
0	1855
0	9796
0	0
0	0
0	0
0	0
0	0
693	11
0	1
4	10
4	182
0	97
1	1188
1	581
0	43
3	1010
1	187
2	203
32	235
1	650
0	25
2	246
0	10
5	38
2	91
0	339
0	171
574	655
1	616
1	70
5	128
0	51
0	18
2	1
13	271
0	273
25	353
3	123
1	123
245	1582
514	1634
1	87
36	71
57	723
0	1
0	1
0	0
0	1
1	0
0	0
0	0
9	18
1	14
0	1
0	0
58	0
0	0
0	2
0	0
0	0
0	1
0	1
0	0
0	2
0	1
0	1
0	0
2	0
0	0
0	2
0	0
0	0
0	0
2	0
2	0
2	0
0	0
0	0
0	0
0	0
0	13
3	8
0	29
0	20
1	22
46	63
0	2
3	5
0	155
0	150
0	41
0	245
0	221
0	0
0	0
0	0
0	0
5	134
1	51
10	573
9	100
4	79
21	615
1	271
2	57
9	549
3	434
1	435
41	503
32	132
290	938
0	180
13	524
227	82
10	29
16	1
0	2
0	0
0	4
0	11
0	0
0	90
0	0
0	0
0	0
0	0
0	0
0	0
0	0
0	0
3554	1280
35	1280
20	262
0	59
3	54
0	37
31	453
6	445
9	81
0	0
931	474
18	673
8	443
16	3
7	27
12	10
6	6
0	6
1	1
0	11
0	28
0	36
0	156
0	154
0	148
0	148
0	153
0	114
0	112
0	2
0	39
0	40
0	147
0	0
0	10
0	0
0	7
0	7
0	10
0	0
0	0
0	7
3	7
15	17
618	654
26	654
0	3
5	3
4	1
716	112
8	112
3	929
0	549
13	547
11	246
2	2
18	54
2	1
7	5
7	13
0	884
1727	441
57	406
9	3
1712	56
1	56
5	11
0	5
0	1
0	12
0	15
0	12
2	11
751	658
4	6
0	59
2	0
0	2
0	3
0	3
1	1
11	65
0	63
0	52
19	100
1	4
3	84
0	23
45	14
285	2423
1	4385
0	6023
2	5404
0	2685
14	4863
674	1597
364	1516
0	550
1434	3575
0	2255
245	1629
2	82
8	1017
0	1184
16	180
0	140
0	149
19	0
10	17
0	182
0	125
0	263
0	468
0	282
0	173
0	466
0	517
0	280
0	259
0	134
0	185
5	460
168	477
0	7
0	7
0	9
0	9
0	0
0	0
0	2
0	2
320	1858
101	1318
38	658
18	1032
1	1021
451	188
0	130
3	54
0	72
0	15
0	23
2	8
2	12
4	119
3	39
127	2739
138	86
2	1719
11	2451
8	188
7	165
0	100
1	567
2	1621
197	1576
171	4485
5	4745
0	0
0	5
48	19
0	5
60	4131
72	1064
52	8
26	3147
10	3256
87	302
5	243
0	22
23	20
6	4
0	290
172	149
358	347
0	16
16	2
19	129
2	279
1	15
0	1
0	1
0	1
0	2
0	5
0	0
0	0
0	15
0	3
0	0
0	0
0	0
0	0
0	0
0	0
0	288
9	4989
28	345
0	407
29	4225
0	4163
0	282
27	4689
19	427
20	249
33	330
1	653
1	53
0	123
0	92
70	221
0	232
6	43
8	109
6	105
2	6
47	1
0	582
260	240
11	60
9	16
1	649
0	0
0	0
5	0
0	0
0	0
0	0
0	0
0	0
12	971
0	86
3	1190
51	2571
0	168
10	263
5	1644
7	113
28	2369
1	1753
0	1745
4	12
18	61
1	119
36	1611
10	46
5	2256
5	63
64	87
39	3
30	65
9	129
6	48
19	0
9	146
4	453
2	374
0	102
0	104
0	16
10	257
0	27
0	25
0	0
0	1
0	0
13	18
2	0
10	36
0	0
0	0
0	0
0	0
68	267
2	98
4	26
7	36
0	75
28	22
0	17
1	34
0	15
66	61
0	30
2	14
7	34
0	34
1	13
0	35
2	33
0	1388
135	8129
0	9247
0	7701
2	153
0	966
23	467
5	1905
23	86
104	8
10	45
29	1406
54	698
0	7784
1	9330
11	40
0	8
0	8
0	48
6	215
63	511
0	106
313	491
33	232
0	0
67	412
185	798
21	658
42	209
0	123
0	125
0	0
0	0
0	0
0	2336
524	1162
10	1893
11	1195
363	56
4	1903
151	2249
2	338
12	387
5	279
98	204
10	159
31	82
15	1
80	1451
87	2930
97	6054
3	2923
25	2016
1	990
0	1648
58	130
10	577
37	2130
2	464
38	122
108	191
0	33
0	5630
8	654
1	4890
22	4892
1	4881
144	3016
3	38
62	143
4	4325
41	11
9	213
0	513
11	295
11	87
0	435
1	0
0	333
0	30
0	274
6948	709
740	919
30	919
14	4196
188	4196
473	4211
114	2244
2176	4692
8	4160
0	0
113	948
0	687
0	839
27	888
26	760
244	569
8	585
7	541
13	5
47	41
0	789
28	239
9	240
0	19
0	2
2	238
0	0
0	0
0	0
147	286
3	42
13	41
16	176
1	1
9	8
0	32
20	0
73	733
271	747
110	211
19	163
14	1
2	0
0	0
0	1
0	1
0	1
0	0
0	0
0	0
0	0
0	0
0	1
0	1
0	0
0	0
0	0
0	0
0	1
0	1
661	3509
10	3509
28	2
4	101
1	230
176	608
23	20
7	187
0	244
34	25
166	11
7	7
0	6
0	1
0	0
6	268
0	223
0	51
0	41
0	23
7	23
24	57
7	32
0	30
0	19
0	12
2	5
2	0
0	0
1372	5
0	0
0	0
0	0
0	0
55	657
11	646
75	251
1	238
4	44
3	47
1	0
0	27
0	27
15	3575
0	3487
118	4136
0	3470
4	3265
7	3967
12	3969
14	12
1650	303
5	4
24	35
0	95
54	206
0	4773
0	424
0	4849
0	30
0	149
0	185
0	24
0	114
0	4
0	29
0	196
0	319
0	120
0	189
1225	476
0	29
16	26
6	14
10	11
2	412
15	57
4	32
0	1
0	27
3	2
2	1
226	233
0	0
0	11
0	9
0	9
2	4
0	2
3	9
0	1
4	188
0	2692
1	403
0	504
0	533
22	511
0	349
0	343
0	367
31	354
0	342
0	374
5	215
2	227
0	284
0	51
0	105
30	3
0	102
15	199
2	53
3	0
2	2469
0	199
12	309
0	324
3	283
0	4
154	2969
21	327
4	192
40	2031
34	339
5	18
127	1291
20	477
7	370
0	0
0	0
0	0
0	0
0	0
0	0
0	0
0	0
0	0
0	0
0	0
0	0
0	0
0	0
0	0
0	0
0	0
0	0
0	0
0	546
0	684
0	247
0	19
0	43
0	131
0	520
0	52
0	279
0	728
0	43
0	23
6	931
0	1078
16	929
5	939
0	859
0	827
2	317
0	809
2	142
2	801
1	652
5	792
5	30
5	12
35	232
29	90
14	12
9	7
35	187
11	702
8	170
0	705
20	330
21	117
19	9
4	116
5	307
1	54
6	154
90	278
0	708
36	7
0	0
7	2
0	0
0	0
0	0
0	12
0	84
3	84
0	0
0	0
0	7
0	4
0	7
0	0
1388	2244
21	1038
2	2085
0	288
27	1856
19	852
30	705
10	40
5	656
0	151
18	0
5	369
4	232
1	137
1	117
13	112
1	40
0	29
0	3
0	19
1	50
0	3
0	0
1	4
0	0
0	0
0	18
0	0
0	0
0	0
0	0
0	0
0	0
0	0
0	0
0	0
0	0
0	0
0	0
0	18
115	433
26	467
1	426
0	34
1	119
0	222
4	103
0	108
125	307
5	91
40	54
0	43
0	377
31	796
0	1178
1	517
13	249
0	575
0	861
48	328
0	930
0	765
3	873
2	331
1	441
4	498
5	505
0	578
5	600
0	7
49	185
0	498
0	545
312	850
7	699
2	521
3	508
0	443
0	506
2	347
0	38
2	12
14	180
4	69
8	113
14	16
0	1050
0	1118
0	554
0	237
32	676
8	296
0	20
0	257
0	523
144	2264
9	1588
4	1503
43	1175
201	135
8	585
64	392
39	1519
20	2118
16	3866
9	30
0	4583
2	4359
6	0
27	40
0	1
0	0
6	18
0	1
1	9
330	29
0	0
2	37
2	40
7	40
15	40
47	29
20	16
132	312
0	156
0	157
0	46
1	0
0	0
0	6321
1	4372
14	4061
357	4436
23	5595
14	654
0	289
150	266
139	1607
211	890
3	1833
3	1681
80	517
0	1087
0	615
45	497
21	444
10	1996
3	714
0	189
2	0
4	63
0	5
0	181
0	553
0	125
0	242
4	410
1	1995
0	123
73	439
5	2
3	32
0	165
0	17
0	30
1	166
0	12
0	19
0	18
0	13
37	142
0	13
0	13
0	13
0	163
2	15
8	165
0	138
0	22
0	1
0	151
5	161
2	9
4	161
0	2
0	7
1	2
0	40
6	67
2812	1
0	3
0	3
0	3
0	5
0	2
0	57
0	5
0	5
0	3
0	3
0	887
29	63
0	544
2	597
47	666
0	765
7	829
0	122
0	301
0	36
5	3
0	11
0	96
0	205
0	40
0	102
2	109
0	58
1	81
1	76
0	76
0	57
1	49
2	3
1	1
0	31
1	27
6	0
0	767
0	0
0	0
0	0
0	0
0	0
0	0
0	0
0	0
24	27
0	1
1	11
0	0
15699	2456
1717	2240
0	2124
43	1074
5	1249
22	239
0	178
7	200
5	187
0	158
0	149
10	29
3	43
0	65
0	41
12	1
0	31
8	18
9	1
4	0
3040	596
2	12
50	1149
7	1149
0	32
5	691
0	3
0	3
0	3
0	0
0	0
0	24
0	0
10	27
0	31
0	8
0	142
0	0
0	0
0	31
7	35
0	24
0	1
0	1
0	3
1	0
0	0
11	8
0	142
0	39
0	39
0	39
2	40
0	0
0	0
0	141
0	142
2	26
0	141
0	138
0	2619
0	2520
0	2463
0	2260
0	2535
0	2497
0	187
0	37
0	549
0	18
0	469
0	2
0	8
0	194
0	55
0	73
0	1345
0	40
0	2520
0	2495
0	2062
0	9
0	27
0	0
0	0
0	0
0	0
0	0
0	0
0	0
0	0
1929	463
18	150
22	155
2	0
24	58
49	189
74	265
1	263
2	17
5	24
0	0
0	0
18	899
0	955
0	1065
0	1027
0	1024
0	922
0	986
1	64
0	68
12	48
14	0
1	7822
287	7915
10	7835
0	2023
3	986
24	1621
15	447
0	201
11	210
0	55
25	0
0	0
19	107
0	0
0	0
0	0
0	0
0	0
0	0
1	0
1	0
0	6
0	6
0	0
0	0
5	6
0	6
30	160
328	558
10	493
0	3
0	486
0	64
0	51
0	42
3	2
4	367
0	0
100	222
5	159
9	173
27	169
0	44
12	11
4	9
0	1
12	3511
1	87
1	1030
20	456
46	712
1	255
11	64
0	301
167	348
0	2734
0	363
131	2804
0	374
0	502
0	2774
462	67
0	0
0	0
0	0
0	9
4	9
3	0
0	0
0	0
0	0
0	0
0	932
0	932
0	125
0	310
5	1007
13	810
0	929
24	903
13	34
0	1007
0	932
27	276
1	133
8	30
1	69
11	129
0	49
10	24
0	12
2	6
0	5
0	110
3	73
8	41
2	105
51	5154
40	4570
6	5107
48	853
1	552
14	9
0	580
11	303
4	106
0	113
6	112
7	107
84	1133
1	647
3	841
11	945
0	1046
4	651
14	825
0	267
0	95
14	1
0	114
20	59
0	1053
0	0
1	15764
0	1317
6785	18038
0	2887
5	1929
26	16359
12	11842
11	796
0	1800
12	1178
43	3
28	497
21	1626
0	1673
12	0
260	0
5	241
47	305
23	79
0	139
39	45
152	26
8	27
3	14
0	7
0	7
0	307
12	54
0	32
0	32
0	4
0	0
4	1
42	271
41	415
1	155
14	99
0	180
1	215
2	10
47	88
9	50
0	135
2	124
1	43
2	10
0	124
2	18062
2	1866
0	752
0	1839
0	780
0	395
0	14030
0	16498
16	9
0	0
355	125
10	62
0	1
41	90
2	3
22	26
4	491
11	775
152	851
4	5
11	112
1	161
0	28
0	51
1	9
0	285
12	74
8	89
1	69
12	188
0	0
9	21
2	23
0	1
16	55
0	190
20	265
3	185
1	94
0	52
4	30
1	24
1	2
0	0
0	0
0	0
0	0
0	0
0	0
0	0
0	0
0	0
14	243
0	104
25	1572
0	974
8	3
7	0
9	3
0	502
0	1576
45	3388
30	351
10	806
0	237
12	430
0	166
0	20
0	94
69	3228
4	2979
0	507
8	1436
9	832
316	831
9	3993
9	4618
95	4649
32	4531
1	13
0	2477
1	31
10	158
5	715
4	23
0	1
22	65
19	417
165	1442
162	39
90	361
22	499
0	26
28	17
92	495
2	148
0	32
0	1
6	41
0	32
0	32
1	563
0	0
0	0
0	0
0	0
5	15
0	0
15	1
0	1
12	27
0	176
0	454
3203	13318
61	12181
236	8854
21	4
163	956
1	936
0	1088
30	1081
8	1808
4	810
0	324
0	758
33	1642
48	202
1	162
3	142
62	13
0	672
0	474
0	284
1	313
1	0
0	2
0	0
7	32
9	578
0	0
0	0
0	0
0	0
22	12
0	0
0	0
0	0
0	0
0	0
0	0
0	0
0	0
0	0
0	0
23	1543
27	1286
112	1298
0	1319
81	531
7	404
39	64
29	1272
0	0
0	0
8	2876
0	3716
29	3670
14	2708
0	2886
17	1660
34	2627
2	2622
32	1938
4	103
0	115
0	123
1	127
1	28
15	132
12	162
3	211
7	39
0	244
1	732
24	519
14	435
27	108
2864	1729
65	791
4	926
161	32
92	25
11	641
3	22
0	340
2	21
47	717
10	381
0	0
0	0
0	0
0	0
0	0
56	1224
17	3
43	26
0	0
1	0
0	0
20	449
3	449
8	394
2	394
5	392
0	391
0	386
15	372
2	388
3	183
0	151
1	93
0	25
1	21
1	24
0	27
1	22
0	7
0	9
0	2
0	2616
0	2132
0	1897
0	2079
0	1269
0	64
2	73
18	835
56	811
4	30
6	484
5	18
66	438
2	172
5	54
12	1
4	7
0	68
2	58
0	716
16	316
16	296
41	116
0	67
21	311
46	287
0	83
32	141
0	1
2	38
2	0
4	317
11523	18
1	38
6	20
11	31
1	14
0	9
0	20
0	5
0	4
0	0
13	41
0	0
0	19
0	1
2	2
0	18
19	4778
0	28
0	4548
0	1117
4	1650
0	4429
0	4198
0	2599
5	1373
39	4609
12	4379
0	4454
2	4481
18	2901
62	2439
3	3971
2	839
0	4021
0	2052
0	3987
0	1145
0	1801
5	3009
8	1
2	2354
5	559
42	622
0	234
13	470
2	8
0	291
3	88
118	493
0	62
54	543
2	362
0	36
0	102
20	15
0	8
4	30
6	6
0	25
0	8
22	621
0	338
1	77
2	2
5	0
1	4
17	18
0	21
7	627
3	433
1	335
5	429
2	433
17	372
2	470
26	429
16	434
0	336
3	237
0	157
0	105
6	1259
0	100
0	91
0	131
8	1031
3	120
0	145
8	230
23	15
0	63
0	1220
0	1143
1	1148
107	0
323	1266
390	1265
495	291
0	154
19	322
2	260
22	192
1	7
15	29
1	29
32	4386
435	5691
0	1768
2	100
3	329
24	4213
3	4187
32	4685
7	668
1	516
7	86
18	508
0	508
1	478
1	213
0	245
0	476
0	308
0	3
0	3
0	1
46	323
0	0
0	0
0	0
0	0
0	0
1	0
0	0
0	125
0	263
0	483
0	282
0	173
0	466
0	526
0	283
0	259
0	134
2	120
81	119
8	4
0	346
0	112
0	66
0	520
3	587
24	229
474	896
1	342
0	156
16	116
0	319
0	96
7	365
1	144
0	0
0	0
0	176
2	77
0	0
0	100
3	39
0	185
7	26
0	141
0	102
0	39
0	0
0	9
0	557
0	45
3	652
0	528
10	199
1	13
1	557
1	41
0	559
273	1007
164	804
1	157
0	0
0	11
2	23
2	314
0	20
0	175
0	0
0	23
1	6
0	4
0	304
0	2
0	13
0	0
0	0
0	1
0	1
0	2
1	9
0	11
0	11
0	0
0	0
0	2
0	0
0	0
0	0
0	9
0	2
0	0
0	2
0	2
97	427
9	109
8	441
2	397
26	416
42	2
0	18
59	158
98	128
0	158
0	122
2	12
35	85
0	53
18	39
153	27
3	16
42	14
0	13
0	4
0	4
0	85
4	5
0	5
1	3
122	127
0	0
0	0
25	127
0	0
0	0
0	0
0	0
0	45
0	1
0	3
0	0
1	0
0	62
27	56
8	1200
17	214
0	151
2	67
507	327
0	760
4	117
0	613
20	420
0	139
0	108
15	61
15	86
0	89
2	14
11	30
10	3
6	16
12	8
1	1058
4	5166
0	5702
114	5337
9	3762
0	1760
0	90
6	58
0	1
0	0
0	0
0	61
0	0
7	70
0	0
0	0
0	0
0	0
0	237
0	5
0	148
0	53
0	90
0	104
0	56
0	148
0	59
0	4
0	25
0	4
0	31
0	37
0	163
0	267
0	79
0	30
0	15
0	138
0	173
0	243
78	58
3	58
3	193
2	1283
4025	1283
6	242
0	1046
0	1331
0	1277
0	1323
0	1518
0	356
0	341
0	230
0	205
0	150
0	137
0	127
0	0
0	0
0	0
10	0
0	0
0	0
39	243
0	0
9	15
194	273
9	203
16	16
7	145
2	3
0	10
0	8
0	11
0	7
3	9
0	10
0	2
0	3
0	3
0	0
0	0
0	0
0	3
0	844
0	87
0	137
0	225
0	303
0	12
0	11
16	101
16	61
0	4
46	58
2	31
4	2
12	1
31	6
11	14
2818	0
0	157
0	0
0	0
0	0
0	14
0	0
0	0
0	0
0	0
0	0
0	0
2	324
111	691
198	607
11	361
2	2827
2	2465
24	2227
0	1724
5	26
33	77
3	5
1028	24
6	4
0	0
0	0
4909	0
0	3
0	0
0	0
0	0
0	2
0	2
0	0
0	0
0	0
0	0
9	0
0	3
0	3
8	2
1	2
16	564
10	564
109	41
3	5
0	5
33	2181
16	1635
0	2055
3	2002
0	1679
2	238
2	1550
35	7
2	0
19	3
61	444
0	100
0	102
12	0
7	6639
0	4657
1	1278
36	639
0	6639
418	3339
0	3150
0	238
9	1183
0	205
75	3713
1	2463
32	3158
0	2987
10	308
1	2935
16	416
23	3103
22	46
19	11
7	2473
2	134
25	0
29	0
19	1137
0	32
0	575
46	234
0	11
11	27
0	15
10	0
0	219
268	511
5	479
93	214
44	4
14	29
4	3
14	4
7	14
0	14
0	0
0	14
0	0
0	0
0	0
0	0
0	0
0	14
0	14
0	14
0	14
0	14
28	235
0	337
0	29
15	886
0	193
12	1359
8	406
0	87
0	1056
0	931
0	709
27	20
268	698
0	1035
0	1275
0	857
3	42
0	660
0	717
0	748
0	640
0	544
0	644
0	642
0	82
0	1
0	1
0	0
0	0
0	0
0	0
0	0
0	0
0	0
154	65
3	24
0	3
0	21
0	52
1	197
0	195
0	195
0	0
427	1
52	79
62	330
109	245
73	465
621	520
0	0
0	0
29	937
60	4980
1307	4990
245	597
5	52
8	569
49	245
109	708
66	141
2	587
0	2
0	0
1161	3621
12	1385
37	10
1	248
82	2215
6	24
2	1449
347	2152
97	2061
152	392
56	44
625	326
9	326
0	0
0	0
0	0
0	0
0	0
7	0
0	0
0	0
4	9
0	0
0	0
0	0
0	1
0	1
0	0
0	0
0	0
0	0
0	0
0	0
151	3
381	1453
92	49
63	227
42	2
305	1103
29	4
46	955
0	534
104	20
1	11
32	796
0	0
0	0
0	1
0	0
6	1387
0	275
6	701
13	56
0	1230
0	538
45	69
7	76
1	540
110	1078
26	135
0	1422
182	1411
0	6
0	1414
5	1403
53	741
307	741
94	175
15	177
46	169
96	62
0	93
0	55
1	1
0	159
0	141
20	64
0	1
0	77
25	158
8	2
4	14
0	12
0	12
0	126
4	125
0	21
5	5
1	45
2	44
3	0
0	0
0	0
1	186
0	48
0	45
0	119
3	133
0	217
0	108
0	10
18	372
18	1886
406	1935
0	126
4	158
0	11
3	139
2	115
1	37
12	1781
7	30
0	499
0	697
1	525
8	1668
1	20
4	326
0	0
0	0
0	0
0	0
0	62
0	0
5	94
0	89
0	87
1	2
17	84
0	49
0	1
0	0
0	0
17	2205
3	2514
92	2754
4	1217
0	893
7	345
0	476
15	112
10	4
1	101
6	3
0	2692
0	2645
0	0
0	0
0	0
0	0
0	0
0	0
0	0
5	19
22	4
0	0
0	0
0	0
14	191
23	216
0	535
6	0
5	0
0	98
0	0
0	94
0	443
0	374
0	80
0	443
0	214
0	153
0	77
16	311
0	94
25	240
0	408
52	215
0	319
0	447
9	143
19	252
0	215
1	146
1	0
28	497
5	13
0	89
0	20
0	100
12	5
8	15
14	0
1	0
0	0
0	0
0	0
0	0
43	105
0	53
0	6
4	23
0	21
4	11
0	7
1	92
77	50
0	998
182	61
1	1423
668	1379
108	763
0	334
16	1187
32	337
34	87
234	6101
7	2308
0	2463
1	1992
0	220
3	195
0	51
1	0
0	1215
0	2
6	169
0	6
0	5630
0	5991
0	1
0	0
12	11
0	21
5	27
0	0
1	34
87	40
4	1
0	0
2	17
0	40
0	14
55	2842
11	3151
4	1736
0	818
1	27
5	823
0	656
15	2600
16	2846
0	141
4	444
2	1217
10	2274
0	6
8	1066
0	1086
1	803
0	1233
0	744
0	189
0	5
0	0
0	0
0	4
57	99
0	0
0	0
0	3
0	1
0	5
0	0
0	0
0	0
1	0
17	128
13	8
513	1754
1	1048
1	333
3	48
1	242
0	1
0	0
0	1
0	20
0	13
0	19
1	3
0	11
0	3
0	5
0	21
0	65
0	37
0	86
0	100
1	106
10	66
12	120
0	119
0	30
0	30
3	23
10	29
2	7
14	6
0	0
0	0
0	0
1	3
1	4
2	1
2	1
0	0
0	0
0	3
0	0
6	3
6	4
1	0
1	0
2	0
0	0
0	10
0	1
4	0
0	17
0	14
0	19
4	19
0	0
0	0
5680	728
2	731
1	3
15	1385
81	1446
0	1411
17	61
4	34
52	77
5	204
96	1204
1	145
2	1155
21	75
7	11
2	9
0	1482
1	1359
186	2265
1	2253
4	506
3	788
0	409
9	210
9	1
0	5
0	4
0	2
0	8
0	0
0	0
0	2
0	2
0	0
0	0
0	0
0	11
0	3
0	4
0	4
0	0
0	0
0	0
1	31
0	31
7	4
1	0
0	0
0	0
0	0
8	2743
10	2808
4	2713
48	3102
8	68
30	30
14	4
13	1383
3	688
0	0
33	82
0	0
133	666
4	576
8	291
0	136
34	397
27	223
0	0
0	0
0	0
0	0
0	0
48	717
368	939
64	939
43	0
0	37
0	16
0	37
0	56
0	42
0	68
0	70
0	12
0	15
0	60
0	24
0	57
0	5
0	36
0	3
1079	162
23	162
0	14
0	9
0	8
0	13
0	0
0	0
1	7
2	3
0	0
0	14
0	221
1	359
1	362
0	359
0	0
0	0
0	0
59	1178
21	1266
26	237
2	872
14	34
0	18
0	148
3	242
5	6911
639	7154
8	948
0	791
0	341
2	226
9	26
12	4
522	818
28	488
3	536
0	144
123	1725
0	1765
11	1203
21	1337
9	188
0	852
0	542
0	596
1	473
18	301
12	27
434	424
4	286
3	310
0	224
7	121
14	5
0	11
346	1970
5	103
5	452
199	1938
0	37
6	76
28	22
25	791
15	60
3	150
1	35
0	891
0	1087
0	13
0	12
0	7
0	0
0	1
2	0
0	0
0	1
0	0
0	0
0	0
66	8
0	1
0	0
3270	817
31	84
21	197
26	41
23	557
7	73
221	410
2	245
38	146
40	197
571	290
0	16
1	90
435	5328
21	1708
19	788
21	356
1	1068
0	848
2	4774
24	867
42	569
1	414
172	1224
186	2313
1070	663
29	663
0	0
0	0
0	0
3160	4199
36	3116
17	71
1	340
12	1070
4	392
18	124
42	0
0	0
0	0
0	25
0	25
0	0
0	0
9	2755
16	61
0	616
63	338
0	707
0	190
0	1011
52	592
281	799
0	2536
9	344
0	1992
4	654
6	121
109	1472
0	1717
0	27
51	199
15	303
75	1451
0	589
0	2106
0	2387
4	29
0	0
0	2
0	0
5	3
0	7
0	0
0	1
0	3
0	0
0	0
0	18
0	15
0	19
0	23
0	26
0	0
0	29
0	2
81	922
14	1071
20	786
32	724
1	624
6	352
0	182
67	148
0	301
422	225
3	182
15	89
1	86
0	30
0	80
3	12
0	8
0	0
0	0
32	34
4	15
0	11
1	17
1	16
0	6
1	2
5	34
0	18
10	19
12	9
8705	288
0	65
1	101
2	208
16	825
25	868
225	843
23	834
3	0
4	405
2	0
839	2263
1	1935
1	1935
66	668
6	310
3	701
4	670
0	438
0	0
10	2767
1498	4601
10	8
4	9
27	2539
4	400
348	241
78	142
0	169
1	54
16	44
11	109
2	2
0	3
3	28
210	4981
4	1285
27	4749
0	5051
0	4239
4	631
20	10
4	32
1	75
0	161
3	260
10	302
19	11
19	206
10	0
16	109
2	233
1	190
0	14
9	2
0	2
8	1
0	1
0	4937
71	353
4	229
12	276
9	33
0	227
0	313
10	329
0	222
0	218
11	77
2	218
10	154
15	224
1	110
21	338
0	338
0	0
0	0
0	0
0	0
0	0
2	106
3	12
0	9
3	0
3	687
1195	590
0	488
4	231
0	14
2	5313
6	1049
46	4507
3	0
5	315
32	350
0	238
1	102
11	11
20	86
1	122
6	131
0	19
0	0
7	8
0	0
0	0
0	3
0	0
4	4018
54	926
8	49
0	62
17	175
5	177
1	153
0	0
5	24
4	10
0	220
0	116
5	0
3	0
106	213
0	18
0	157
0	9
4	127
3	35
0	0
0	8
0	195
4280	0
1	265
12	352
0	336
0	381
7	0
4	15
11	36
1	90
10	300
11	14
6	20
4	6
4	137
2	0
0	2
0	68
0	1
0	16
0	63
1	44
0	16
0	24
2	22
3	4
0	19
3	14
0	18
0	60
0	135
0	122
2	12
1	3
0	26
0	21
8	67
0	67
13	129
0	20
9	86
0	9
0	9
0	86
10	96
0	5
0	24
0	7
0	8
0	12
1	51
0	11
0	12
3	2
0	0
1	12
0	6
0	0
0	12
2	146
0	0
0	2
0	1
0	1
0	0
0	1
0	2
0	1
0	0
0	1
0	109
2	3
19	314
0	6
44	321
0	322
2	316
7	2
0	189
0	29
157	72
5	32
29	3
13	7
16	170
16	1986
2	4067
0	3876
5	2468
7	190
1	3
35	52
12	148
17	2
14	80
0	2
0	34
4	15
49	11
5	2540
0	2987
215	2424
5	2
8	24
0	235
184	2121
43	14
62	1030
5	48
3	194
8	0
6	1061
1	2657
1	2254
25	7
33	107
1	3
66	105
0	6
0	106
14	192
0	18
37	190
0	184
2	3
0	2
20	75
1	1
0	200
0	99
0	68
0	43
0	68
0	154
0	64
0	86
0	21
0	30
0	38
0	23
0	12
0	45
0	70
6	1402
0	1426
0	1398
21	74
1	538
86	163
0	268
123	209
0	236
1	166
5	87
0	177
0	157
3	126
0	41
0	90
0	81
0	131
3	124
1	126
0	66
0	72
0	90
0	72
14	13
0	29
1	122
1221	710
16	242
2	284
6	242
8	42
5	6
4	1036
0	368
0	120
0	334
10	37
1	778
0	31
1	134
0	0
0	4
0	4
0	1
5	10
0	4
0	0
0	0
0	4
0	4
0	0
0	4
0	1
0	0
424	2153
609	2072
184	1893
0	0
0	0
0	0
0	0
0	0
0	0
35	1065
1	1375
0	941
0	140
0	275
12	438
13	1330
1	39
1	1308
1	36
76	346
1	1356
41	32
16	63
6	26
10	93
8	112
14	18
15	198
0	743
136	42
0	2
31	51
0	0
0	0
45	544
17	184
0	239
2	411
2	350
51	63
74	193
18	11
0	810
0	861
0	265
0	869
0	3
0	0
0	1
0	0
1	0
0	0
0	0
0	0
0	0
0	1
0	0
0	0
0	0
1	0
0	0
0	0
0	3
82	0
0	0
3	13
0	166
1	2
0	81
0	55
0	11
1	18
7	0
28	24
0	23
10	65
13	59
2	65
0	86
1	12
4	11
1	52
1	13
0	6
0	2
1	1
11	191
30	288
4	293
31	293
0	0
0	1
0	3
0	3
0	4
0	4
0	1
0	4
0	4
0	4
2	4
0	4
0	5
0	1
0	5
0	4
0	4
0	2
0	56
2	60
0	61
2	1
0	1
0	3
0	2
2	56
0	55
0	21
0	7
1	0
0	8
0	0
3	17
0	56
625	174
0	0
4	27
57	161
20	41
0	0
3	0
0	0
0	0
0	0
2	149
2	160
0	96
0	92
2	0
19	42
19	79
3	7
3	0
0	19
1	19
5	72
10601	4456
714	4453
89	18
166	22
0	0
6	3
2	4
882	776
23	58
0	58
0	1
11	1
6	3
0	0
0	0
0	0
0	0
0	0
0	0
1	0
0	0
0	0
0	0
0	34
12	158
39	158
241	2
4	0
304	829
4	197
29	646
13	281
0	274
20	478
0	574
9	32
8	196
0	1169
0	741
0	1158
0	4
0	79
0	560
0	592
0	131
0	353
0	52
0	15
0	14
0	66
0	50
0	54
0	42
0	34
0	16
0	3
0	1
0	48
0	78
0	36
2	59
0	28
0	64
0	93
0	4
0	16
12	33
0	5
0	5
0	1
0	1
0	1
6	1
6	21
82	21
0	0
0	0
0	205
0	942
0	682
0	750
0	155
0	619
0	6
0	317
0	14
0	39
0	62
0	150
0	216
0	60
20	756
0	96
18	756
0	0
0	0
0	0
0	0
0	0
11	3572
28	4240
33	5123
0	4610
46	2108
58	2650
12	3803
0	2646
24	461
0	593
25	848
14	272
3	139
8	46
1	976
1	1066
21	155
0	442
0	382
0	379
0	374
145	2279
29	2586
19	2565
94	2498
0	465
0	22
0	0
18662	9527
24	9163
217	9521
420	6853
164	5173
31	37
37	2643
12	361
31	340
8	30
0	4827
0	5
0	540
0	112
0	343
0	74
0	71
0	1344
0	61
0	119
0	38
0	77
0	642
0	93
0	141
0	0
0	31
0	26
27	1341
692	3300
14	936
28	302
0	24
0	34
72	319
394	2171
0	142
131	2145
16	2013
91	1841
5	305
0	9
14	0
0	9
0	0
0	0
0	0
0	0
0	0
0	0
0	0
11	11
0	0
2	0
0	25
0	1
0	0
4	0
0	0
0	0
0	18
16	73
0	0
0	1
0	0
0	47
0	1
0	1
0	1
0	1
0	1
0	1
0	1
163	183
71	183
1	29
1144	3470
0	1818
338	2298
0	2289
4	25
265	807
6	17
0	17
0	0
632	373
0	114
0	259
11	96
0	1
3	103
0	0
0	3
1	3
5	21
0	0
12	3
5	473
19	55925
587	61065
129	56264
66	562
41	4009
44	2218
58	110
9	5
34	1490
34	711
13	1687
34	332
9	1756
24	1689
0	2
0	2
0	0
0	0
8	0
0	0
9	93
0	0
8	2
3378	3948
0	401
6	2348
2	1564
3	477
7	74
3	71
1	14
13	9
7	7
0	0
0	0
0	0
0	102
0	102
0	0
0	2
0	0
0	0
0	102
0	102
0	102
1322	10
2	80
2	9
0	7
24	29
2	8
1	11
0	0
0	0
1	4
0	78
0	0
2	4
0	0
0	7
0	2
21	46
0	312
3	2
1	30
17	29
0	139
1	20
2	10
0	29
1	1
0	33
0	0
0	0
0	0
15	7787
0	8269
1	230
0	7721
0	7678
0	5492
0	5945
78	3953
48	564
0	4641
0	4041
0	555
32	652
0	3827
4	333
13	35
5	185
0	61
1	3727
58	5
2	218
22	96
2	7529
0	4147
0	0
0	0
0	0
0	0
0	8
0	0
0	0
0	0
1209	39
2205	171
1	152
15	17
29	10
1	83
36	198
6	111
2	354
11	22
14	7
119	368
1	2
22	26
0	80
0	3
1	2358
1	2091
0	113
34	189
7	2
885	343
32	231
4	1
0	125
1437	5372
27	771
10	4424
0	2148
1	2915
25	975
3	1891
1	2254
0	36
0	53
0	60
0	30
0	30
0	58
0	10
3379	19413
246	540
2	546
37	18926
0	18083
0	511
17	18858
338	468
29	608
0	583
0	83
1	113
0	107
8	51
0	16
0	21
2	34
0	45
2	29
0	42
4	38
0	25
9	20
0	47
21	7
0	3
619	497
0	315
1	101
0	26
0	6
4	125
45	97
2	195
2	48
15	7
52	284
19	289
10	159
12	36
1	36
31	1257
0	1257
5	5
6	72
0	745
6	4
11	258
47	688
3	19
12	180
5	265
4	2
0	2734
0	2321
0	56
0	199
0	49
2801	6620
16	6032
1	507
28	108
14	184
277	241
14	244
5	15
20	37
4	90
0	84
0	54
1	6
1	8
0	81
0	2
0	2
0	5
0	0
7	9
0	0
0	4
0	1
0	17
0	17
5	17
0	11
0	0
1	0
0	1
0	0
0	17
1749	0
94	657
2	2700
6	2036
8	54
19	229
0	2711
0	0
0	0
0	0
0	0
0	1
0	0
0	0
0	1
0	0
0	0
0	0
0	0
0	0
0	0
0	0
0	0
0	1
0	1
0	1
1	1
3	10
0	16
90	1992
95	1992
6	450
1	227
0	268
0	14
0	12
0	3
0	10
4	17
3	1
4	15
0	3
0	9
1	2
0	265
0	2
0	8
0	7
0	32
0	11
0	20
0	231
0	10
0	0
4	1
0	7
0	2
2	265
0	14
0	248
0	0
4	6
8	4
1	27
1	47
4	72
1	50
0	268
230	122
12	28
130	412
0	448
0	446
2	273
7	103
1	161
6	105
5	23
391	37
7	3
34	30
0	1
6	8
1	1
0	1
15	10366
0	620
4	9889
10	11075
6	6994
1	73
1	9865
5	8
0	20
2	10376
1	89
7	61
23	12175
1	50
13	10599
0	11420
34	689
0	622
5	686
31	757
1	1148
5	9774
0	1220
2	11067
0	566
60	749
56	1394
12	763
5	358
31	44
0	24
6	11123
0	701
0	18
0	36
0	18
0	9
0	25
0	4
1	4
0	0
0	0
0	0
0	18
0	18
0	0
0	0
1	0
11	7
0	0
0	0
0	0
0	18
0	36
7	1556
0	9
0	3
0	12
0	15
0	17
0	15
0	16
0	18
0	40
0	35
0	37
0	17
0	14
0	17
0	42
0	42
0	16
0	8
0	0
0	0
0	8
0	14
0	39
0	37
543	1199
0	1223
15	913
0	675
69	942
0	11
0	169
1	130
0	97
0	78
3	58
0	20
1	12
2	10
3	10
0	8
2	6
1	2
2	8
0	5
4	2
0	4
0	7
2	3
0	3
0	7946
0	0
0	10
52	40
1121	2024
0	1869
1	13
4	1808
43	360
14	13
257	180
2	157
0	3
0	0
0	3
99	169
0	91
2	15
1	40
0	38
0	2
8	333
0	936
11	683
0	1049
189	140
0	140
2	600
7	1149
29	1451
1	1257
3	66
35	0
13	106
0	47
0	157
220	1028
269	140
89	212
3	137
3	11
156	1269
3	68
20	44
1	532
3	30
76	8
6	475
4	459
91	513
273	1803
62	2446
401	2392
0	39
22	86
15	333
4	1
22	5
30	46
4	5
38	11
0	10
16	10
78	7
0	2
0	46
0	391
0	9
0	2
0	0
0	9
31	41
8	26
5	3
0	27
0	0
0	0
862	80
57	86
22	30
7	58
1	58
0	56
1	9
0	45
2	46
0	38
0	47
0	57
0	4
0	131
228	251
0	39
0	73
0	138
0	58
4	40
1	77
165	339
0	17
0	0
0	180
3	45
1	77
0	71
0	71
0	0
0	8
0	0
0	8
0	0
0	0
0	8
0	0
0	0
0	0
0	0
9	46
66	121
0	4
2	65
1	81
1	3
0	3
0	45
11	30
12	27
2	26
0	59
2	1152
6	95
8	220
14	314
90	0
2	498
9	472
0	2862
1	1917
54	2862
0	0
0	0
0	13
0	13
0	0
0	0
0	0
0	11
0	0
0	31
0	0
402	39
2	20
658	478
0	448
0	449
0	422
0	1
0	3
0	1
0	3
0	1
0	0
0	0
2	2
0	0
0	3
150	1287
83	1246
0	1014
0	803
5	5
0	211
6	55
0	149
19	2
15	22
4	2
26	10
34	6
8	1563
31	1550
0	1610
1	1550
4	618
0	115
7	11
10	65
0	0
0	0
0	0
21	29
19	29
12	1309
21	391
1	391
9	273
5	454
0	484
1	374
1	19
6	55
0	28
1	392
0	1
7	50
5	1164
49	1164
236	409
0	76
0	54
8	175
0	0
0	2
0	563
0	196
1	413
6	182
0	362
0	216
0	494
0	700
0	738
2	1028
2	817
26	1273
5	137
6	250
22	98
11	100
0	147
0	775
0	0
489	868
463	1735
1	1525
12	6
14	87
0	0
0	0
0	0
0	0
100	140
0	7
18	514
1	158
4	55
0	3
0	122
0	397
1	102
1	92
0	37
0	60
0	152
31	112
2	296
8	102
5	103
5	288
1	326
0	141
0	495
7	73
0	499
0	182
7	156
34	2172
0	2104
66	5799
0	5841
3	5
37	1298
85	765
9	127
0	5965
0	5734
0	62
15	42
41	55
12	28
0	32
0	31
7	25
0	40
22	574
34	122
629	835
4	372
7	266
0	0
0	0
0	0
0	0
0	0
0	0
0	0
0	0
0	0
0	0
0	0
0	0
415	56
64	562
31	78
32	79
7	325
0	144
63	44
0	16
0	53
0	146
0	89
0	423
0	415
0	8
0	65
0	49
0	0
0	0
0	0
0	0
0	0
0	0
11	1
0	8
0	48
0	17
0	15
5	6
32	48
0	11
0	8
8	1
0	0
0	0
0	0
0	139
176	1590
4	1290
0	81
0	328
17	215
5	39
6	19
14	1
77	249
0	9
0	9
0	0
470	872
2	4
0	191
0	239
1	348
2	91
15	32
0	74
252	105
5	0
1617	502
0	452
57	83
17	3538
15	394
17	2839
10	566
10	877
17	8
8	19
3	159
3	317
1	521
1	61
0	3538
1439	530
68	494
10	416
3	468
15	96
6	0
0	2
2608	2744
92	0
8	3
318	0
15	124
22	264
2	99
494	859
4	160
10	49
0	40
17	148
1	90
0	341
0	393
31	615
0	0
0	0
4	77
1	150
13	242
0	158
1	231
1	292
13	253
15	41
35	4
0	27
7	21
0	0
0	0
3	213
6	196
0	0
0	29
0	0
0	0
0	0
0	0
0	131
160	301
32	437
3	174
2	13
0	5
70	434
65	716
12	881
9	249
27	402
32	174
7	345
35	69
0	245
0	0
0	0
129	37
0	34
0	17
0	13
0	0
29	60
2	91
0	574
0	615
0	623
1	584
0	565
0	24
0	33
44	136
0	374
0	478
3	6
0	107
0	7
0	13
0	1
18	20
25	12
3	99
2	16
69	566
0	540
0	20
5	7
4	66
45	82
4	58
54	338
8	5
15	83
2	27
6	79
0	622
0	471
2422	1
0	3
2	3
5	9
68	52
0	1
1	0
0	45
2	9
0	0
1	0
240	205
0	28
2	34
2	15
0	84
1	45
0	34
0	92
0	87
0	0
4	9
0	0
0	0
0	0
0	0
0	5
0	0
0	4
0	0
0	6
0	8
0	2
0	4
0	4
0	4
0	0
0	0
0	0
0	1
0	2
0	0
0	2
0	1635
0	286
0	853
0	834
0	251
0	518
32	29
0	86
0	281
3	907
0	1058
0	992
5	1045
0	65
0	34
3	5
4	18
3	956
149	47
15	46
38	3877
197	3749
0	1838
1519	326
0	2850
0	3811
9	3983
0	3213
1	2465
3	0
0	0
0	0
0	0
0	0
0	0
0	0
0	0
0	0
0	0
4	1
0	9
1	18
2	26
0	18
0	1
2	0
3	14
0	0
0	152
2	250
1	1178
0	325
2	1
0	326
18	24
0	325
0	0
2	0
0	7
0	0
0	1
0	30
18	1267
132	19
0	1
69	555
0	443
4	464
0	480
20	1
5	451
4	49
12	20
2	69
1	65
0	29
0	16
49	343
2	262
6	4
28	263
0	237
1	4
0	4
0	2
14	7894
0	3763
0	4567
0	3004
3	2647
0	4257
18	4242
6	3462
19	1033
2	3638
0	820
191	2507
1	2841
0	1634
0	2219
0	2273
3	196
11	1
158	1352
9	2306
1	2667
41	247
6	10
39	122
0	1006
54	2104
0	2034
3	20
15	295
0	0
3	3
0	3
0	32
0	32
0	32
0	32
0	0
0	0
73	235
1	136
2	98
0	72
5	3
4	151
0	87
5	39
1	27
0	0
0	6
3	1
0	0
0	151
0	128
0	182
1	99
0	161
0	78
0	132
2	0
0	0
0	0
2	78
0	93
0	147
0	11
5	28
386	185
0	59
0	82
0	20
32	31
0	1
0	6
0	0
4	83
0	78
0	8
5	241
31	366
1	34
2	451
11	2
1	437
80	376
1	11
0	69
3	38
0	433
0	75
0	588
273	1808
396	1846
25	1458
25	71
12	76
0	187
0	43
0	185
0	0
0	0
0	14
0	14
0	0
9	250
3	416
0	409
5	235
4	238
8	188
18	4
3	78
0	49
2	8
1	39
0	12
0	2
0	0
0	0
0	0
1060	846
9	312
8	218
6	1
6	15
18	432
2	338
19	364
5	312
3	47
1	48
0	80
1	1
2	2
0	0
0	2
33	1
0	1
0	15
18	10
0	1
0	1
0	0
0	13
0	903
0	0
0	0
0	0
0	0
0	0
0	0
0	0
0	0
0	0
0	0
0	0
0	34
1	27
0	0
0	0
0	34
3	6
0	4
0	0
0	0
4	7
0	10
1	10
0	3
0	0
6	13
5	8
1	6
0	8
2	5
3	0
1	34
0	34
0	28
0	12
2	12
1	5
0	0
0	4
0	0
0	0
0	0
364	792
137	779
1	207
10	151
25	16
23	1115
571	6055
31	1754
62	5458
74	2
26	17
263	80
29	981
25	263
45	225
1	219
48	9
4	28
60	9
0	150
0	210
0	181
66	48
0	41
1	8
0	10
3	5
1	3
1	3
4	1
2363	3945
34	611
1	333
43	2736
7	414
256	557
0	346
5	80
141	359
2	13
69	1474
0	87
626	2069
25	466
2	250
3	140
1	793
11	83
0	1
0	1
0	0
0	1
8	1
435	523
0	377
2	302
2	238
26	238
1	261
2	252
0	202
5	154
0	127
0	40
0	51
9	1
15	31
3	4
0	9
0	9
0	2
0	17
0	12
0	8
0	6
4	30
10	0
3	759
1	652
18	415
52	276
5	523
24	704
0	43
0	179
0	180
0	269
8	123
3	43
73	75
1	252
0	455
10	51
33	67
2	5
0	15
34	2955
14	5323
10	6418
89	8930
104	3872
93	3534
124	6967
15	3580
2	1036
51	5055
0	20
0	444
0	322
0	394
0	28
0	338
100	36
0	94
59	19
1	151
3	160
0	0
0	0
0	0
0	0
0	0
0	0
0	0
0	0
0	0
0	0
0	0
0	0
0	0
0	0
0	0
0	0
0	0
6	498
1	812
0	20
1	287
0	399
4	783
0	196
5	18
18	5
0	123
1	623
6	14
3	107
0	264
5	74
11	0
0	277
468	155
1	8
0	1
1	149
12	53
11	53
0	43
2	3
1	5
195	163
16	71
13	26
0	107
52	3839
235	4110
27	498
25	3410
41	154
0	41
53	119
0	41
0	45
0	40
5	759
0	3
2	11
0	0
0	1
0	1
0	1
0	0
0	0
84	35
270	2606
11	2290
4	1529
34	2314
1	189
3	5
0	55
1	24
5	2
4	116
0	35
0	210
4	462
4	39
2	472
2	455
2	27
0	455
11	168
0	451
0	96
8	65
1	1185
230	313
10	279
1	28
5	56
1	1157
2	365
1	84
4	52
0	56
49	316
0	356
0	308
0	98
20	112
22	63
0	24
0	21
1	59
0	45
0	0
0	18
46	0
26	8
387	111
23	28
0	11
0	0
0	21
0	22
0	14
0	21
0	21
0	17
0	1
2	0
0	0
0	5
3	0
0	1
2	2
0	3
0	2
0	7
0	1
3	5
1	1
0	0
0	86
0	78
0	80
0	39
0	4
0	2
0	4
0	44
0	78
0	43
0	20
0	5
0	25
0	0
0	0
0	0
2	420
4	866
1	853
0	834
0	821
1	702
55	186
6	10
0	122
1	0
0	0
0	0
0	292
0	168
0	0
0	3
0	3
0	14
0	3
0	6
0	7
0	0
0	4
0	0
0	0
0	0
0	0
0	4
141	398
144	403
0	4
0	514
7	137
0	1
27	130
30	123
3	1
1	1
1	1
0	0
0	0
0	0
0	0
2	0
0	0
0	0
0	0
0	0
0	0
0	0
0	0
0	0
0	0
0	0
0	0
0	0
0	0
0	0
0	0
0	0
0	12
0	12
0	0
8	1691
65	4141
15	3059
4	11
1	1003
6	2697
3	936
3	226
2	1599
0	18
0	2763
0	1430
1	1224
2	1323
0	967
2	1218
0	5
0	1486
12	30
4	314
1	80
0	0
0	0
0	0
0	204
0	245
0	232
1	1
2	8
11	34
0	0
0	0
0	0
0	0
0	0
0	0
0	0
42	29
0	0
0	0
0	0
0	0
0	0
0	0
0	0
255	4179
135	2132
0	3595
0	3788
8	541
23	28
3	448
5	190
1	184
44	117
1	252
3	90
0	54
10	544
0	151
0	165
14	356
1133	0
578	3861
6	223
8	1388
10	7
7	334
10	3750
0	36
3	261
4	313
3	560
7	746
0	0
0	269
180	0
0	5
0	5
0	0
2	3
0	0
0	0
3	5
0	0
0	0
0	0
0	0
1	7
0	4
3	3
0	6
579	0
0	0
27	36
3	1
0	0
0	36
0	0
41	117
0	478
1	208
4	195
9	73
441	566
14	10
10	124
6	143
0	51
0	2
1	44
0	0
0	0
0	42
0	0
0	0
0	2
0	2
0	0
0	0
0	2
0	0
0	0
0	0
0	0
0	0
1	14
0	0
0	0
0	0
0	0
0	0
0	0
0	0
0	0
0	0
0	0
845	234
22	224
280	0
0	204
0	245
0	115
0	0
0	0
0	2
0	0
0	0
0	39
0	39
0	0
1390	3696
0	2215
0	1896
4	696
0	1016
61	320
0	494
2	252
4	647
35	313
78	3587
0	0
0	0
0	0
0	0
0	0
0	0
4	39
0	0
0	0
0	0
0	0
0	0
0	0
182	3804
13	89
86	3491
31	26
0	561
16	34
2	31
2	167
3	221
3	735
11	1177
0	935
5	2027
7	271
0	460
0	227
0	1156
1	176
2	295
16	394
2	1678
3	425
0	160
1	1176
0	1150
0	2
5	22
7	34
0	483
0	134
7	539
2	244
12	2
190	0
451	114
0	22
9	74
5	22
3866	8348
0	6260
5	4642
14	2382
3	4681
5	1995
26	3
78	152
1	155
30	134
2	10
107	468
31	484
8	296
1	439
0	7
0	16
5	10
0	13
0	13
630	99
20	99
0	106
0	95
0	100
0	55
0	5
0	2
0	4
0	57
0	97
0	49
0	30
0	6
0	37
65	3410
18	3192
9	350
22	180
0	2002
27	690
6	1622
6	95
0	1635
1	336
1	303
35	1
9	410
5	8
0	540
7	10
4	335
2	39
0	462
0	229
7	281
0	301
12	46
0	1633
165	2275
0	194
6	43
13	21
2	21
5	4
3	2156
3	104
0	1873
2	231
3	357
3	252
0	356
87	369
7	392
18	395
2	284
9	180
3	119
4	134
4	11
7	1873
11	260
54	1263
10	1173
3	35
657	0
0	0
0	0
0	0
9	20
0	20
0	0
0	0
8	0
0	0
0	0
16	242
1	104
28	227
0	241
16	217
0	145
0	9
2	6
2	23
1	0
13	7
0	47
0	37
0	48
0	37
3	16
0	4
0	13
1	9
35	2
0	30
0	22
0	5
0	0
0	252
0	244
0	253
0	0
1	0
0	0
47	11
0	0
0	0
0	0
1	0
19	38
1	38
0	1
0	0
0	0
52	494
106	72
4	58
7	449
8	440
2	40
6	157
6	30
9	32
8	159
5	412
13	350
0	26
37	118
34	3
43	190
0	88
0	498
1019	0
0	0
0	0
0	0
0	0
0	0
19	235
12	228
20	49
5	90
11	27
0	38
19	31
9	361
0	338
0	178
0	76
8	184
0	65
0	199
339	599
11	312
1	168
1	164
0	124
4	13
3	10
0	419
3	49
4	13
0	0
66	496
6	2
42	476
3	0
4	34
1	99
1	106
74	32
778	344
0	156
1	95
8	103
4	44
3	3
1	6
3	8
1	5
33	1158
15	186
17	1020
8	500
143	811
28	139
0	47
62	631
23	86
2	417
34	27
36	168
9	8
0	0
1	435
0	494
0	556
0	0
0	3
9	494
0	0
0	0
0	0
0	0
0	0
0	0
0	0
0	0
0	493
0	141
0	30
0	32
0	310
0	433
0	77
0	104
0	11
0	59
0	5
0	224
0	35
0	37
0	343
0	11
0	28
0	549
0	888
0	683
0	604
0	112
0	0
9	190
0	85
5	60
0	4
0	5
0	13
4	15
4	2
0	1
0	170
1806	477
1	182
24	401
15	451
4	30
0	62
0	22
2	4
10	84
2	84
1	18
0	0
0	0
1	0
10	0
1	4
0	4
17	0
4608	2251
8	179
1	1337
135	1509
5	599
0	0
0	0
0	0
0	0
0	0
0	0
10285	0
0	0
0	0
920	111
36	82
0	42
0	0
0	0
4810	6077
0	1084
40	346
41	231
0	21
4	1159
50	738
18	192
29	1852
2	1240
16	132
5	239
0	2005
106	2003
1	1318
1	1538
0	937
4	545
70	21
398	497
22	322
0	116
1	80
0	13
2	35
3	46
1	26
7	13
2	31
0	36
0	48
0	28
1	39
0	48
1	26
7	1
54	41
0	41
0	64
0	0
0	0
0	0
0	64
0	0
0	0
1148	2117
4	713
0	1525
65	650
20	1184
8	6
1	299
8	172
1	609
0	376
4	150
13	369
0	2116
0	0
0	17
0	17
0	17
0	0
2	85
0	17
0	17
0	17
0	17
0	17
0	0
0	0
0	0
11	0
0	0
0	0
0	0
0	0
0	0
0	0
0	0
0	0
0	0
0	0
3126	13070
15	911
16	1908
0	9431
0	8098
0	37
0	16
0	37
0	59
0	48
0	75
0	76
0	14
0	20
0	62
0	25
0	66
0	8
0	5
0	41
0	1459
1	1489
56	1318
0	68
38	88
14	182
0	990
1	29
25	29
15	15
27	62
23	50
28	64
15	1
7	1
18	376
0	0
0	0
0	0
0	0
0	0
5	47
4	161
0	5
2	365
0	5
394	463
1	247
7	277
4	11
139	379
11	369
33	35
100	22326
4	11888
387	8277
3	15757
0	19927
7	16227
0	11461
25	12201
8	5269
154	22242
5	14823
45	7833
70	2301
5	7056
4	1978
49	944
0	0
2	286
0	1312
18	3749
26	1754
0	557
0	2994
9	2128
1200	4894
250	1434
1	1384
20	4894
23	2940
5	2
0	0
62	32
4	8
0	8
18	24
0	17
0	17
0	0
424	654
27	716
0	628
1	274
6	499
0	449
11	248
0	19
1	19
0	0
0	0
0	0
0	0
0	0
0	1979
0	1772
0	2438
0	2562
83	2222
1	2551
24	2431
0	1718
0	1245
0	1586
48	11
6	694
13	45
0	65
16	240
45	140
0	82
0	2186
138	245
0	14
0	112
0	128
568	4519
174	4495
72	2303
54	937
22	316
43	437
5	322
0	576
1	312
0	316
0	316
2	366
0	396
0	222
0	101
0	80
0	100
0	53
36	75
0	87
0	43
0	107
45	33
4	20
2	23
0	278
11	3293
58	208
32	462
19	15
177	768
0	2699
24	1943
2	2106
193	1067
1	662
0	19
0	1077
0	203
2	37
0	22
1	8
0	29
0	1
0	1
33	723
5	751
0	423
14	499
29	15
2	217
40	1
11	358
2	34
0	108
0	80
0	31
5	11
15	14
617	118
2	9
31	69
0	6
12	66
1	15
3	73
11	0
0	31
0	1
0	0
0	0
0	40
0	36
1	36
0	2
1	942
5	0
7	24
0	17
2	492
8	872
97	2572
1	244
2	114
0	220
11	43
1	214
2	0
9	2492
24	185
0	239
0	104
13	214
6	2
1391	153
0	1
0	1
0	0
0	0
0	0
0	0
88	17
1	0
0	0
0	0
0	17
0	15
0	0
0	1
7	13
0	0
0	0
0	1
0	1
0	0
0	0
12	7
0	0
0	0
0	0
0	0
347	1022
61	455
8	69
2	25
4	23
6	1
2	0
5	765
4	191
14	231
0	143
38	292
23	203
15	38
8	4
0	1
9	71
2	20
67	1019
8	203
0	426
1	779
8	47
2	188
2	171
0	195
125	51
1	0
43	50
5	22
0	6
0	2
3	1
0	0
0	1
0	0
0	0
0	0
0	0
0	0
0	0
7	21
0	0
4	91
0	17
0	247
15	257
0	0
1	228
0	260
1	86
12	237
0	5
0	63
6	1088
3	979
2	919
6	4
0	95
11	1005
139	503
6	129
17	475
2	19
1	160
3	443
3	337
11	0
0	0
0	4738
0	3468
0	3790
0	2687
0	2934
0	519
0	1609
0	251
0	1592
0	1400
0	15
0	0
0	0
0	0
0	0
11	363
1096	505
1	6
0	10
0	7
0	0
1	7
0	138
0	0
0	1
0	0
0	1
0	1
0	0
0	0
0	0
0	0
0	108
0	111
0	35
0	32
0	7829
0	154
2	43
0	1964
319	7974
1	5
0	20
2	2
0	10
0	0
2	20
0	1315
1	1312
42	99
22	5738
2	594
161	62
1427	6047
6	50
1	30
2	19
6	18
89	83
2	15
147	2428
0	509
15	363
10	155
0	234
0	2150
4	7
28	7
0	7
25	0
0	0
0	98
0	109
0	103
0	97
0	110
10	60
0	101
0	98
0	102
11	13
0	99
0	43
0	5
2	1
3	2
2	3
3	0
0	0
1	3
0	3
0	6
0	1
0	1
0	1
0	27
0	0
0	104
62	146
12	67
36	67
5	81
9	100
6	71
3	777
1	8
3	0
0	4
1	45
0	5
1	856
257	2347
1	2366
25	119
17	37
20	28
0	1421
0	120
6	19
0	0
0	1414
178	409
0	315
0	256
33	269
1	198
0	127
2	153
0	105
0	33
2	48
9	46
0	93
0	2
1951	329
0	304
0	96
0	2
0	191
19	25
0	287
16	6
0	621
28	12
68	284
9	586
512	1082
0	0
0	13
0	12
0	12
0	13
0	9
1296	2269
0	341
0	79
22	474
0	1600
17	287
0	125
0	39
5	212
0	120
9	295
0	121
0	143
4	81
1	65
0	21
29	8
25	35
5	0
0	0
0	0
0	0
42	6
2	2
2	8
2	7
1	3
0	2
0	2
0	2
5	9
150	298
8	17
1	25
6	23
4	263
0	20
3	26
0	30
0	23
15	1
17	30
0	40
7	438
0	1151
0	1112
23	473
2	105
0	22
5	5
7	34
1	78
7	1029
809	37
6	17
7	6
0	21
5	461
1	41
48	699
0	520
5	8
3	436
0	562
4	55
18	39
2	20
78	43
0	42
0	173
10	42
6	160
23	157
0	219
0	0
24	0
208	26
10	26
31	51
0	39
0	0
40	35
12	43
0	0
0	12
0	8
0	1
1	1
0	3
0	1
1	1
1	0
1	8
8	0
3	14
1	2
0	8
0	1
0	1
0	5
0	0
4	9
0	0
0	0
6	1
0	0
0	0
0	0
0	116
0	114
1	14
0	12
2	0
0	5
0	7
17	255
4	367
0	356
2	23
58	62
15	3576
0	74
2	79
8	39
8	3718
0	774
16	458
0	446
0	458
9	296
15	269
15	12
0	446
0	0
0	0
0	0
0	0
19	780
25	525
5	392
0	0
3	181
20	165
3	15
12	62
0	0
0	0
0	0
0	0
0	0
0	0
12	14
0	0
0	0
0	0
17	11
0	0
0	0
0	0
0	0
0	0
0	0
1	87
0	101
13	99
0	109
14	1
0	75
1	10
9	4
0	5
0	28
0	12
3	19
0	1
222	109
8	58
0	52
0	13
23	4
0	4
2190	23987
3	22299
306	15242
264	18901
1	22560
89	3995
8	10
1	10
1	10
0	10
0	8
0	1
0	1
0	1
0	0
0	6
25	79
2	79
23	50
15	29
6	47
50	11
2798	2009
4	518
15	603
11	706
7	279
0	752
0	809
0	840
0	732
0	636
0	736
0	734
0	82
0	0
0	0
0	0
0	0
0	0
0	0
0	0
0	0
0	0
2	0
0	0
0	0
0	0
0	0
0	0
0	22
43	79
0	0
0	0
0	0
5	2
0	2
0	0
18	5
78	48
0	218
46	2679
0	689
35	40
0	729
0	1220
46	3
16	169
9	675
5	675
10	664
5	1268
36	0
13	121
7	4
0	152
0	46
124	1580
0	2453
0	2480
2	1642
0	5910
1	5964
167	5965
0	5152
7	5317
0	5468
10	4961
10	4995
0	3891
15	4905
0	5392
4	5448
0	4662
0	487
4	5130
7	4740
8	4134
0	3856
0	3856
1	4675
2	75
0	290
4	225
7	630
0	4209
22	64
14	446
4	299
0	5964
0	0
0	5724
3	5723
658	1499
0	97
36	472
2	13
4	7
3	7
3	120
5	88
0	2
0	2
0	2
0	2
3	5
0	0
0	0
3	7
0	7
15	4
0	0
1	0
0	0
2	0
0	0
2	143
34	203
3	100
3	0
21	159
0	11
0	34
5	4
0	0
5	49
0	47
248	337
0	67
3	8
119	123
4	151
0	42
6	52
3	9
0	56
8	144
0	41
0	22
0	1115
17	801
0	925
8	1012
9	878
22	1018
2	700
39	661
2	845
73	752
8	32
0	211
5	323
3	239
0	217
0	906
1	1483
0	68
0	17
0	1
0	64
0	567
0	596
0	473
0	20
0	87
0	58
0	90
0	91
0	144
0	11
0	8
0	9
0	533
0	0
3	0
0	323
4	4
6	38
1	4
2	4
0	1
0	0
0	0
0	323
0	90
0	323
4	301
1	2
0	27
0	27
5	0
0	0
0	0
0	0
13	1231
0	1146
1	1137
0	308
0	1097
0	1161
0	844
0	1092
0	877
0	533
0	556
1	616
0	485
1	426
1	1
1	45
24	250
0	190
0	187
0	292
7	125
0	123
2	12
0	91
10	31
14	70
2	5
0	2157
0	1960
0	3111
0	5356
0	4736
0	4686
0	48
0	1261
0	6
0	1311
0	1361
0	2818
0	1122
0	575
0	697
0	594
0	384
0	35
0	215
0	16
0	348
22	210
305	7549
17	8330
0	7994
10	5332
28	36
57	971
12	229
194	253
16	28
1355	1769
0	0
0	5
0	581
2	0
0	588
2	596
3	1
1	2
0	2
0	2
0	0
0	3
1	3
0	8
0	3
1	0
1	0
0	1
0	1
1	599
0	1
0	0
0	599
0	5
0	467
5	468
163	89
1	2
9	538
23	1118
148	1198
6	89
0	224
0	14
0	1
23	14
0	2
2	22
9	29
0	1
2	2
2	3
2	7
0	0
0	7
6	16
8	3
7	1
30	21
10	21
0	5
2	546
23	2
4	4
0	2
0	4
0	4
0	0
0	0
0	2
0	0
0	0
0	2
0	0
0	0
0	0
0	0
0	2
0	2
6	502
2795	620
4	114
368	608
95	499
8	566
43	4
1	4
0	3
1	1
3	4997
6	20
13	5596
53	4617
0	320
3	828
4	1705
65	342
0	1106
21	884
32	709
3	3861
0	1137
1	2473
5	486
2	1264
2	1897
9	1686
7	46
0	605
1	747
21	118
30	683
0	62
3	92
3	674
0	317
4	100
2	11
0	24
0	23
1	150
0	18
0	9
0	3
0	117
0	542
1	169
7	95
14	122
11	1
2	177
19	139
1	75
0	674
39	81
345	62
2	132
436	801
21	29
25	257
4	482
0	0
65	247
1360	529
0	397
0	36
5	181
2	181
16	180
1	137
7	166
6	49
0	13
0	37
0	16
0	20
0	19
2	24
0	19
0	9
0	5
0	9
5	15
0	148
0	7
0	5
0	0
16	36
0	0
0	0
0	0
0	0
74	923
38	887
16	857
1	150
8	201
0	59
0	98
0	2
0	0
4	2
1	0
3	0
0	0
0	0
306	5563
0	5248
5	654
2	101
35	2454
29	5
17	202
12	4
0	5585
101	7274
368	7274
88	188
29	6
27	135
14	1
28	293
92	2946
2	637
79	174
0	2216
4	1904
1	109
0	782
28	402
66	1635
0	660
0	861
3	423
0	641
10	1327
1	884
4	797
0	540
3	636
18	219
7	1309
6	9
58	18
0	0
0	0
150	6666
0	2695
6	1966
78	3147
0	4110
1	475
19	69
101	154
23	265
0	1038
0	1534
0	589
13	1535
40	1147
22	459
3	792
0	546
59	1720
9	309
4	453
0	649
20	1000
0	689
17	92
31	8
0	1469
15	1
0	1
0	1
0	25
1	799
12	478
1	517
2	4
30	37
1	398
0	2
4	59
4	128
2	0
1	100
0	52
3	1
1	499
136	1882
0	42
0	174
14	32
1	116
47	1803
8	181
7	2
6	0
0	0
0	0
4074	1492
159	1492
2	0
0	0
0	0
0	0
0	0
0	0
0	0
13	28
0	13
0	16
12	34
0	9
0	0
0	87
0	315
0	266
0	334
0	119
0	103
0	222
0	54
0	241
0	52
0	64
0	135
124	345
6	311
0	35
10	0
0	11
0	9
152	1026
10	1175
27	1020
13	899
4	334
8	718
1	374
1	72
8	73
2	212
83	125
0	184
0	306
17	2
0	0
0	0
0	0
0	0
0	0
0	0
176	0
283	43
4	8
3	34
2	15
3	28
299	1852
164	191
11	339
25	1785
0	1875
0	1873
0	1702
0	870
0	418
0	93
1	0
6	43
7	1
32	765
11	115
0	673
0	655
1	346
0	672
0	610
0	102
17	436
3	24
0	197
0	689
0	671
0	666
0	678
1	194
80	192
3	184
0	17
0	20
4	27
3	190
101	937
1	65
7	920
3	8
3	72
0	116
101	93
2	49
1	11
2	0
0	1445
0	222
0	1384
0	471
0	130
0	0
0	177
0	178
0	196
9	65
22	0
9	21
0	237
0	117
0	9
0	40
0	0
1	1
13	5
248	296
46	300
1146	441
114	454
69	49
0	0
0	0
0	0
0	0
0	0
0	0
0	0
0	0
0	0
0	9981
0	1603
0	31
0	6376
0	1461
0	6127
0	844
0	62
0	425
0	3212
0	970
0	1445
0	1567
4	327
26	471
15	276
0	21
1	36
3	54
17	186
3	28
4	0
5	64
0	0
0	172
33	271
4	245
34	66
4	83
89	219
0	3
6	54
1	123
7	81
0	77
23	384
115	957
0	40
0	149
0	62
80	14
0	893
0	906
12	20
0	18
0	2
0	1
3	25
172	1159
9	987
11	1166
0	1097
2	858
68	1016
1	784
0	706
11	268
0	79
11	42
0	135
0	135
0	0
0	0
0	2
0	0
0	0
0	88
1	382
173	6712
0	7141
1	6781
0	326
1	1134
0	548
0	41
53	6432
0	312
10	1
23	572
61	1400
4	0
8	524
0	0
0	0
0	0
0	0
0	0
0	0
0	0
1	429
107	475
8	474
1	2
0	17
15	25
0	0
0	28
1	16
11	3
5	28
0	15
12	8
9	10
0	472
0	186
0	137
0	215
0	210
0	196
0	192
0	151
0	134
0	66
0	25
0	22
0	13
0	201
0	187
0	0
16042	24
4	248
35	9
9	70
0	22
53	517
42	427
0	493
36	386
3	433
0	421
31	437
4	68
0	64
1	43
4	1
0	0
0	0
0	0
0	0
0	0
0	0
0	2
0	2
1	1
2294	521
7	317
13	327
16	2
0	0
0	0
3	6
0	0
0	0
0	0
0	0
0	0
0	0
0	0
0	0
0	0
0	0
0	0
0	0
1	22
0	17
0	8
0	16
0	5
0	0
0	18
104	4971
1	529
324	5076
64	60
6	94
14	7
0	16
0	36
5	507
12	286
3	255
18	347
13	162
3	246
38	31
0	2
16	427
48	53
1	127
6	329
7	341
0	3
211	106
48	993
694	2830
5	6
19	1436
20	836
3	513
7	0
5	219
0	0
10	1
0	0
1	2
3	3442
0	724
16	320
4	697
13	231
5	145
82	42
0	3135
0	2666
9	21
0	21
0	1
0	3
0	0
91	36
0	1
1	9693
298	4904
18	931
121	8609
0	4
2	2
0	2
0	0
0	0
0	0
2	2
0	5
4	2
2	128
1	127
2	97
4	140
1	0
8	15
53	1092
6	127
1	45
9	165
13	19
3	36
8	87
0	103
8	143
1952	1117
8	4
9	101
6	160
27	786
1	149
0	3830
0	2407
0	832
0	22
0	1619
0	1553
0	969
187	2925
2	2759
0	2351
18	611
14	264
25	1534
31	1954
0	99
147	444
0	124
0	179
12	119
0	4179
493	2246
7	1332
0	1194
23	1194
0	1154
2	4317
1608	1882
0	648
33	122
53	1104
0	5
4	164
17	176
10	33
479	989
114	853
0	38
5	147
14	294
36	142
0	0
0	0
837	2289
63	883
2	196
74	1240
1	1776
5	603
8	264
112	72
4	7
6	64
20	38
8	80
8	90
6	22
1	90
0	36
2	39
0	179
3	176
0	18
0	0
0	14
0	5
1	0
1	8
31	943
4	37
5	54
0	1177
0	1400
1	1441
0	1204
3	1036
3	47
1	330
0	844
8	47
0	102
0	121
0	4
0	25
6	121
0	528
2	124
14	25
12	275
6	180
0	166
46	409
0	43
35	319
312	1296
2	1213
0	202
46	83
3	92
1	473
20	6
26	25
9	317
20	232
0	169
35	45
0	0
0	0
623	937
2	8
5	930
0	26
1279	6
0	351
25	553
22	301
30	113
29	75
7	69
5	562
1	0
2394	109
11	47
0	67
1	53
4	213
0	599
16	443
9	12
16	39
0	115
1	516
0	83
0	45
2	79
10	10
14	55
4	171
0	480
0	555
2	486
0	215
0	1188
0	1629
0	1531
20	640
22	693
0	511
5	94
0	0
0	0
0	0
23	1
1	0
0	0
0	0
1	79
0	17
2	66
0	66
1	17
5	43
0	6
0	6
1	1
0	55
153	12
3	12
2598	698
11	698
58	3
113	1712
1	195
14	366
0	186
18	1333
12	1316
0	16
62	579
40	39
0	10
0	5
14	25
99	5992
31	5292
0	2470
30	2304
11	121
45	223
55	313
58	241
5	186
148	5874
2	5
0	5
0	5
0	0
0	4
0	1
328	331
1	210
0	306
2	21
10	13
0	8
0	95
4	19
0	96
5	48
0	872
0	980
0	640
2	573
2	20
5	61
0	1
0	30
0	10
1	80
8	13
26	953
3	0
1	0
25	1
0	0
0	0
0	7704
22	8972
0	5459
0	397
30	771
0	348
8	114
3	68
0	227
2	450
2	532
0	260
3	83
0	325
12	317
7	125
18	209
20	117
6	279
4	70
12	57
0	1
4	0
1	1
3	1
0	165
1	0
2	25
0	33
0	20
1	3
0	62
9	33
0	0
0	62
1	53
0	108
0	15
1	20
0	24
0	62
0	25
0	11
0	4
0	10
1	1
0	0
0	0
2	2
0	4
0	1
6	5709
15	4494
15	171
152	554
1	3364
1	3921
2	3144
4	4866
1822	5500
1	668
38	74
3	151
17	284
5	348
11	251
6	295
12	252
0	3
0	25
1	6
7	3
2	4
0	293
0	293
0	0
0	0
0	2
14	5
0	4
0	4
0	0
0	0
0	1
0	2
0	2
0	4
0	2
0	3
0	2
0	2
0	0
0	0
0	0
0	0
2	2
0	0
0	0
0	0
0	0
0	0
0	0
1	0
1	2
0	0
0	0
252	152
3	152
15	0
1	0
0	0
0	0
69	40
2	55
50	54
2	74
30	419
3	18
0	345
0	0
0	0
0	0
5	18
0	0
0	0
0	16
0	14
0	47
0	36
0	36
2	47
0	2
0	5
0	0
0	531
21	530
55	500
2	24
1	496
3	329
0	2
0	109
9	38
9	159
0	2751
0	119
0	471
0	26
0	0
3	300
18	9
203	305
13	43
0	43
1	116
0	89
3	16
18	2044
114	1820
21	359
26	323
3	62
51	81
0	60
0	60
0	0
0	0
0	0
0	0
42	6065
24	5104
2	3298
16	3127
181	1202
2	820
30	703
0	820
0	620
0	706
0	701
1	589
0	662
0	658
0	522
0	655
0	653
1	427
0	650
1	539
6	543
2	616
0	648
0	662
0	590
0	626
0	623
1	461
0	605
0	605
0	603
0	599
1	433
0	555
0	462
0	546
1	293
0	98
0	38
0	17
0	19
15	39
0	0
0	0
0	0
0	9
0	14
0	9
0	0
0	0
0	0
30	2092
0	727
2	117
0	1467
0	293
4	1733
3	1578
13	1775
184	1392
0	21
3	41
0	10
0	0
3	5
0	1
0	1
28	1116
11	407
3	75
2	53
66	73
25	23
143	2370
9	361
0	849
9	181
0	636
4	116
71	578
0	237
0	2347
527	536
105	404
117	1608
35	1212
16	75
0	1
0	78
0	15
0	5
0	0
0	58
0	53
78	104
0	3
0	56
0	0
0	79
4	6
0	78
15	34
0	87
0	1683
0	1444
0	1950
0	21
0	545
0	206
0	16
0	24
0	870
0	1195
0	1236
874	5370
10	529
22	3633
133	473
159	91
23	153
1	483
39	600
54	929
0	116
54	656
142	648
9	15
0	8
0	8
0	0
0	0
0	0
0	0
0	0
21	75
0	10
5	71
0	5
0	5
0	0
0	0
0	0
0	0
0	5
587	1133
312	459
1	808
0	0
55	7
0	7
0	1544
0	709
3	42
1	6
0	229
0	1494
4	1360
9	1307
30	1464
171	41
6	26
0	2
8	27
34	14
1	4
0	2
0	4850
16	248
2	3
0	8
0	3
12	37
0	4
0	2
0	5
0	2
0	3
0	7
0	2
0	5
0	2
0	0
14	158
0	33
0	15
0	106
0	11
1	94
3	97
0	111
1	3
0	0
0	1
0	38
0	0
0	13
2	76
1	1
0	84
0	11
0	3
2	8
0	10
0	58
0	13
0	17
0	4
0	10
1	14
0	14
0	108
2	15
1	13
34	107
36	10
6	41
8	3
3	61
67	134
0	12
1	13
0	8
17	1
3	7
24	280
32	521
0	449
20	345
0	93
24	17
0	520
544	2642
73	3225
1141	1892
0	1052
23	789
8	791
1	245
62	378
0	121
0	332
2	166
0	290
22	471
47	169
25	191
17	0
32	4
48	74
2822	0
82	2019
27	3465
8	3424
1	1904
2	1097
17	20
0	2049
352	3301
8	1302
0	1489
14	35
0	18
16	14
4	26
27	442
28	277
2	0
16	7
3	84
9	286
63	1262
8	1710
28	878
0	535
5	161
12	234
33	423
3	1192
17	825
11	649
20	454
0	949
56	287
7	345
13	594
2	18
0	2
10	229
1	42
2	9
3	23
18	23
0	9
3	23
0	17
61	41
30	7
19	60
4	3727
9	3199
7	3420
5	655
22	338
12	7
10	2114
16	11
4	638
3	184
0	6
3	6
1	2
0	2
0	2
0	2
0	2
0	0
10	151
3	145
1	65
0	65
0	4
27	121
0	97
0	111
1	0
18	63
0	12
0	42
2	9
32	98
17	12972
3328	29801
101	17498
381	829
364	29150
230	16990
301	77
70	6393
18	272
2	253
0	193
3	203
3	46
0	44
0	1
5	16
4	2
1	2
9	2062
77	1791
161	1408
197	2558
6	1310
42	618
4	244
20	225
0	37
0	16
0	37
0	59
0	48
0	73
0	76
0	14
0	20
0	66
0	5
0	41
0	25
0	8
0	62
0	363
0	1133
3	1337
0	1418
3	1328
2	0
0	330
7	1223
0	1331
0	1201
3	1252
0	1386
2812	7180
129	7215
26	3263
0	1770
11	43
29	617
6	225
1	379
7	256
216	491
8	107
13	57
36	33
10	16
4	0
6	0
9	595
0	589
0	256
0	23
0	23
0	17
0	0
7	3
0	0
0	0
1	57
203	135
1	62
689	1583
5	1266
0	525
6	11
24	150
16	50
3	858
0	0
0	0
7	46
0	32
0	18
0	17
0	17
0	2
0	1
0	6
0	5
2	3
0	2
0	0
84	28
0	0
0	0
34	1337
26	23
9	127
216	1312
6	1062
11	399
0	249
8	365
1	221
8	0
0	941
0	330
0	20
0	243
0	70
0	75
0	768
0	62
1	433
0	9
0	0
0	0
0	0
1539	758
0	264
7	100
0	68
14	187
15	64
12	65
0	153
7	34
0	1
0	0
0	31
0	0
0	0
0	0
0	31
0	0
0	0
0	0
0	0
0	0
0	0
0	0
0	0
0	0
0	0
0	0
0	0
0	0
0	0
0	0
0	0
0	102
803	815
1	133
11	119
0	544
0	66
2	487
80	196
33	21
0	33
0	265
0	334
1	286
30	53
0	24
0	8
8	3
1	2
0	0
0	292
640	1015
1	426
3	553
11	349
8	20
77	307
0	0
2	90
17	355
5	542
524	863
11	2
244	241
7	30
36	106
52	63
40	102
9	5
0	469
2	469
9	15
0	0
0	0
0	0
0	0
0	0
0	0
0	0
0	0
134	462
1	47
10	397
1	17
4	57
2	87
2	43
38	63
0	13
11	31
3	437
16	444
0	27
39	9
0	40
1	445
0	66
0	345
9	55
0	644
0	36
4	13
13	1
15	61
4	651
0	10
0	12
0	12
0	12
0	0
1	22
0	0
0	0
44	401
0	739
0	1509
25	1526
0	1711
46	526
0	652
0	733
1	444
0	242
0	243
0	397
0	174
0	21
0	275
0	142
0	0
1553	4870
1	2112
0	500
1	139
36	39
3	17
0	11
1	27
96	458
2	56
4	1258
34	30
44	156
0	99
49	137
29	25
52	4
6	134
358	53
7	53
30	4144
0	2325
1	1960
18	1960
0	2064
44	1665
3	147
6	190
1	190
0	187
5	190
18	190
11	4
5	4
18	4023
0	2772
0	0
16	37
0	0
0	11
0	11
0	11
0	0
0	0
0	2
0	2
0	2
0	0
336	1140
0	734
0	669
1	640
0	555
9	29
0	0
0	3
0	0
0	17
0	1
0	0
0	3
0	0
0	0
0	0
11	23
779	782
3	10
2	0
3	104
8	21
1	117
0	72
0	79
3	252
3	11
1	56
0	828
27	8
0	4
3	6
0	3
2	4
1	3
2	3
5	5
0	0
1482	1629
15	638
5	1102
0	115
0	1249
0	0
0	0
0	46
0	0
0	0
0	1
0	0
0	44
2	53
0	0
0	2
0	2
0	1
0	0
0	0
254	305
0	283
1	213
21	229
2	63
64	177
0	0
19	313
245	532
2	530
4	0
657	64
6	24
0	1
0	7643
50	9600
147	3323
19	1248
3	147
14	2985
8	2841
4	0
0	1377
2	1623
38	1110
1	21
8	25
6	3
473	3
0	0
0	0
0	0
0	0
0	0
0	0
0	0
0	0
0	0
0	0
0	0
0	0
0	0
0	0
0	0
0	0
0	0
0	0
0	70
0	24
56	43
1052	0
0	11
0	37
1	31
0	0
5	0
0	11
0	21
0	7
54	2
0	10
74	1
2	1
0	7
0	22
0	128
0	120
31	2
27	8
0	148
0	109
1	139
0	112
0	27
0	26
4	15
7	12
1	433
1	205
2	18
0	13
0	34
1	5
3	419
0	8
0	23
0	8
5	0
1	6
13	257
1	422
2	18
0	2
0	2
0	0
0	0
0	0
0	0
0	0
0	0
0	0
0	0
211	265
51	253
0	5
0	444
19	543
57	168
0	56
5	242
2	155
1	337
2	46
3	3
0	39
0	26
7	28
7	150
3	2
0	196
47	294
0	401
8	403
9	359
3	136
113	439
14	433
0	139
0	135
14	295
27	2049
105	2284
17	564
0	218
0	283
8	8
32	20
0	74
80	742
11	375
2	72
6	593
0	102
0	45
0	7
34	50
0	14
2	33
3	18
3	911
3	1036
3	953
4	755
17	564
1	578
19	815
0	566
8	200
2	190
0	108
9	7
0	4
4	4
3	9
5	2
0	900
0	0
0	0
206	270
2	262
13	18
180	128
654	2458
6	1579
6	598
34	515
0	1592
0	6
0	0
0	0
0	0
0	0
0	0
0	0
0	0
8	1444
0	866
97	367
0	1444
1	83
0	86
0	85
1	84
0	51
0	63
0	1
0	2
0	10
5	11
1	36
0	36
0	36
0	45
1	44
0	0
0	1027
0	283
0	906
0	930
0	858
0	25
1	11
0	15
18	9
2	12
0	84
5	10
10	17
26	1059
0	50
0	33
0	36
1566	1877
110	1387
0	1394
0	204
869	202
12	217
68	149
0	5486
112	155
0	90
3	15
0	0
1	9
5	0
0	0
0	0
0	0
0	0
0	0
0	0
0	0
0	0
8	2
0	0
0	0
0	0
0	0
1	2
0	2
0	36
0	36
0	19
0	0
0	2
0	0
0	0
0	0
0	0
0	0
0	0
0	0
0	0
0	0
0	0
0	0
0	0
0	0
0	0
2	12
0	0
19	53
4	53
3	382
80	278
0	219
18	357
4	262
0	119
0	102
66	54
3	174
1	31
0	23
10	26
0	492
0	189
0	156
0	216
2	273
19	561
0	397
0	488
0	1
0	0
0	0
0	0
0	0
0	0
0	0
0	0
6207	3586
148	372
24	2163
16	2
8	2
9	3255
0	209
42	0
1	267
148	3078
1	406
22	25
8	4
8	514
1	186
10	133
0	250
26	0
15	2893
6	125
3	1126
35	1857
14	5
0	2933
2	2944
1	929
7	1042
0	943
2	958
0	126
16	118
13	10
911	16520
51	16520
0	1108
0	1050
0	203
0	0
0	0
0	0
0	0
0	0
0	0
0	0
0	0
0	0
0	0
0	0
0	0
0	0
0	0
8	79
0	79
0	48
1	58
251	51
0	34
3	45
97	53
17	12
0	49
0	327
0	46
0	664
0	4450
0	4266
0	4688
0	86
0	391
0	2190
0	155
0	233
0	302
0	307
0	198
0	1925
0	150
0	129
0	608
0	212
0	610
0	417
0	584
0	874
0	26
0	232
0	33
0	267
0	91
0	29
0	255
0	4474
0	3571
0	0
0	0
0	0
0	0
0	0
0	0
260	19
0	0
0	0
0	0
2	0
0	0
0	0
0	0
16	240
60	234
5	1364
54	233
1	1454
0	1339
0	1355
0	1587
2	1461
0	1192
0	244
0	8
13	1
8	306
101	4
33	80
0	221
0	315
3	271
3	243
6	127
2	206
2	65
0	97
11	15
6	1360
0	1291
0	1462
38	844
0	84
1	861
21	211
1	845
5	2199
8	46
19	34
53	6
10	163
0	22
5	2178
0	1
0	0
6	225
118	235
9	34
17	21
3	0
5	6
0	40
0	21
1	21
0	21
0	23
1	114
7	479
35	416
7	1
23	260
9	0
23	134
0	0
1216	2182
1	178
0	1493
4	49
4	691
0	7
0	10
9	7
2	0
2	7
0	1
40	29
1	27
18	10
0	2
17	0
5	188
195	5220
24	628
3	384
33	475
0	359
1	353
0	572
1	416
12	4031
0	257
0	420
71	4831
0	448
13	486
39	2
70	16
23	41
37	276
12	594
8	4
0	660
0	717
0	748
0	640
0	544
0	644
0	642
0	82
4	48
0	12
1	437
23	195
9	3258
1	3357
148	114
57	343
13	3522
3	173
9	3309
6	151
69	897
3	3506
0	232
0	718
3	0
15	22
3	613
0	26
30	120
9	257
8	302
0	36
0	0
0	0
0	0
0	1
0	1
0	1
0	1
0	0
0	0
0	0
0	0
0	0
0	1
0	0
0	1
0	1
0	0
0	0
0	0
0	0
0	0
0	0
0	0
0	0
0	0
0	0
0	0
0	0
0	0
0	0
1	9
0	0
0	9
0	0
0	1
0	1
0	1
0	1
49	365
0	76
1	149
11	272
0	92
6	43
0	62
0	2
0	18
15	0
0	0
0	0
0	0
0	0
0	0
0	0
0	524
0	761
0	716
54	492
3	26
0	569
89	251
0	175
1	178
12	218
0	154
0	4
0	50
31	11
6	30
0	0
0	10
0	29
0	9
0	17
0	29
0	5
0	11
12	24
0	19
0	31
0	17
0	3
1	0
0	0
0	0
0	0
0	0
0	1
4	3
0	2
0	3
2	215
0	52
3	80
0	125
0	90
18	128
0	14
1	11
0	16
1	88
7	1
23	66
0	6
3	7
0	25
0	224
89	4213
3	2903
21	593
0	2632
32	0
5	1552
11	326
63	1557
8	149
9	98
0	247
0	208
17	134
438	42
0	4209
44	1
0	1
347	171
15	3
0	0
0	0
2117	268
1	1
33	20
23	209
0	0
21	758
17	1915
77	2097
14	139
3	409
8	342
34	298
37	491
3	420
9	237
0	260
2	242
0	0
0	0
0	0
0	0
10	22
0	873
17	679
0	19
0	65
22	809
4	17
1	880
101	784
0	326
3	9
3	8
5	54
0	66
6	529
11	3
6	0
2	330
23	19
14	18
4	38
26	21
45	37
70	25
1	52
50	188
27	88
1	188
49	844
3	0
72	154
36	73
0	0
0	0
90	2435
1	34
3	170
1	2131
0	2400
31	186
1	247
1	46
0	144
0	67
9	2400
0	0
0	0
0	0
0	0
0	0
0	0
0	0
0	6
0	6
0	6
0	0
3	872
0	701
0	933
15	34
0	78
0	488
7	150
0	47
16	143
6	90
2	205
7	117
0	720
1	77
0	235
2	31
1	146
0	103
0	578
3	131
2	143
11	65
12	1
5	397
7	61
0	33
147	3293
0	3816
0	752
126	3582
158	174
65	45
6	849
291	796
2	736
65	264
0	60
6	30
0	1
74	812
2	677
102	338
19	835
0	619
50	764
2	77
2	365
0	125
0	295
3	191
3	144
6	119
0	217
4	218
13	33
0	107
0	42
3	121
65	589
1	551
11	509
26	104
0	88
0	146
9	50
44	252
14	228
6	172
12	1031
3016	1544
0	428
15	82
4	937
0	443
3	71
0	68
5	59
5	5
1	17
0	9
1	31
0	7
7	0
2	29
3	3
0	9
2	5
0	2
0	7
0	4
667	0
274	83
0	17
17	83
0	29
722	339
4	292
4	1
24	61
0	1
393	194
8	41
11	47
5	77
0	86
4	466
0	407
1	324
1	458
5	391
0	392
1	79
0	6
0	0
2	58
11	3
0	33
3	43
1	13
0	0
0	0
0	0
0	0
0	0
0	96
0	250
0	306
0	296
0	11875
0	8119
0	1494
0	706
0	1247
0	407
0	12284
0	1056
1	558
7	1053
0	10991
25	7908
0	6139
140	8829
0	33
132	1534
27	6000
142	2234
9	37
0	37
159	53077
852	44037
3	40098
3	17336
193	7093
0	2490
5	2346
2	487
607	19872
6	665
1	15961
53	19356
2	19356
0	16125
50	582
2	16194
1	0
32	2850
13	635
515	3978
4	1791
55	1935
8	1819
0	0
0	0
0	3
0	0
0	0
0	0
0	0
14	48
324	119
60	27
13	1537
54	957
0	1431
10	1462
0	205
0	407
2	52
6	67
7	0
7	12
0	79
0	27
2	84
401	123
49	130
7	0
7	18
0	591
0	2047
0	180
0	2152
0	2027
0	1963
0	238
0	278
0	520
0	43
0	31
0	25
0	2170
1197	13137
70	224
41	6796
20	9901
71	9833
12	9901
54	4157
236	980
10	4500
194	4519
776	834
18	563
11	584
0	346
0	277
1	124
0	197
0	89
24	4
0	175
14	185
1	170
13	125
0	15829
28	16262
2	15837
10	16028
93	16676
284	16888
0	16062
19	12812
4	721
877	14948
98	15110
9	4780
0	445
2	122
1	6334
4	932
56	38
42	9
0	162
2	2
1	4
96	78
0	0
0	40
49	10
0	0
0	0
0	0
0	0
0	0
0	0
0	0
0	0
0	0
0	0
0	0
0	0
0	0
0	715
2	782
81	796
24	665
6	22
0	745
6	680
0	196
10	123
0	67
0	63
602	2771
19	2722
1	801
18	181
2	442
3	422
1	0
0	1218
0	1004
0	449
0	401
0	185
0	410
0	281
0	56
0	37
0	201
0	49
0	948
0	528
0	221
0	52
0	45
0	250
0	124
0	20
0	18
0	2
0	17
0	0
344	188
0	98
4	187
0	0
0	0
0	0
45	1594
1358	4406
2	12
50	4231
18	115
1	167
13	19
8	38
5	2471
8	0
8	35
11	200
3	108
74	1029
0	4
0	0
0	0
0	0
0	0
0	0
0	4
0	0
0	0
6	29
0	0
0	0
6	2
0	0
0	0
2	10
0	1
0	0
0	0
0	4
0	0
0	0
0	0
0	0
0	0
0	4
0	0
1505	73
1893	26743
0	26705
0	24032
0	1155
0	0
0	26705
0	26750
0	26705
0	661
0	661
6	66
0	87
6	39
45	20
0	546
1024	581
6	345
25	224
1	1791
0	1791
3	282
3	229
21	125
19	1079
2	30
0	25
0	10
112	68
21	77
8	899
3	957
67	119
12	1724
0	1454
0	748
3	1275
0	1752
1	665
85	58
3	1207
0	891
0	303
51	623
0	238
0	277
2	300
0	76
0	154
3	155
4	193
1	93
0	79
0	63
1	18
0	1
0	2
0	0
0	1
0	5
0	0
0	52
0	5
0	52
15	6
10	0
0	1432
0	1067
0	0
0	0
0	0
0	0
0	0
0	0
0	18
2	5
8	50
0	10
15	33
5	50
0	6
0	6
532	170
0	47
5	132
8	0
94	302
0	62
12	265
3	155
2	28
5	183
0	53
9	43
0	6
617	161
122	65
0	36
0	24
9	1
14	0
0	944
0	886
0	47
0	61
13	3157
1	1420
23	2303
7	2227
0	453
7	84
66	893
1	1387
2	1056
0	951
88	947
0	951
0	101
3	948
1	2
0	0
0	0
0	2
0	2
0	1
0	0
0	1
0	0
0	0
0	22
0	0
0	0
0	5
0	0
30	6
0	1
0	3
0	3
0	2
0	1
1	1
1	0
2	1
7	120
90	159
16	117
17	10409
0	308
768	11956
9	10115
5903	14550
0	962
23	988
15	31
3	209
0	6737
18	1398
56	631
2	27
0	2211
0	49
0	0
0	0
0	0
0	0
3	35
0	0
0	0
0	35
0	0
0	0
0	0
0	0
14	1217
9	714
8	4
2	15
4	37
9	32
11	41
0	1217
2	6
0	6
1	1
2	15
96	754
1	50
0	8
4	216
2	221
10	109
3	149
1	26
20	33
63	1934
102	742
0	1934
11	1
0	0
13	979
194	774
72	594
0	0
0	0
0	0
0	0
67	118
0	0
0	0
0	0
0	0
0	0
0	0
0	0
0	359
0	352
0	61
0	145
0	81
0	105
7	40852
96	50157
10	6093
454	38108
4157	33870
47	1465
0	59
14	13190
50	30
37	20
116	203
132	10812
121	2045
0	68
1249	1977
118	499
1	499
3	0
5	13
21	36
1	198
1	0
7	22
2	0
0	0
0	0
4	10
0	23
2	22
2	6
6	3
4	0
3	0
0	0
0	0
2	32
1	29
0	28
2	9
0	3
23	37
0	10
0	9
10	120
38	1719
6	220
42	1617
121	11
0	383
258	409
48	227
19	152
0	35
0	35
0	8
0	20
0	17
0	110
0	38
0	5
0	2
0	63
0	3
1	760
46	291
38	378
6	1197
64	757
0	1222
4	253
13	1
48	19
42	1218
55	693
14	678
6	11
2	2
4	672
16	412
0	1091
0	1201
0	51
0	121
0	599
10	417
0	598
3	1387
0	1662
3	1513
2	1285
108	340
0	258
1	554
2	27
8	319
52	10
1	493
2	347
8	267
0	0
0	0
0	0
1	1
0	0
2	1
0	0
0	0
0	0
0	82
0	103
0	105
0	25
0	273
0	27
0	11
27	57
34	98
2	71
1	7
11	111
6	69
7	819
25	7
16	91
5	37
10	108
0	240
9	351
5	364
5	64
35	23
1	139
2	108
46	57
0	64
2	223
2	197
1	198
3	52
1	17
2	14
1	5
0	7
10	13
47	323
71	1977
1196	6315
263	5521
24	0
0	2187
84	56
0	5
159	157
4	12
3	115
4	35
0	60
2	45
0	4
0	41
0	6
84	80
0	80
2	3
17	0
4	0
20	869
22	868
19	1556
65	1278
2	256
84	140
36	964
0	712
89	44
29	660
33	252
17	346
16	236
0	10
9	0
0	15
6	16
0	0
0	1
6	0
0	0
0	0
0	0
0	1
92	413
7	390
2	91
19	47
9	4
16	79
386	84
19	78
1	11
0	0
6	21
151	119
63	10
13	186
44	504
2	892
11	93
0	637
0	598
16	6
5	9
0	51
84	74
46	73
0	311
0	513
0	16
5	115
3	38
0	109
9	171
155	264
17	19
0	10
0	0
0	0
0	0
0	0
0	2
1	1
0	1
0	2
0	2
36	0
17	429
44	274
1	632
0	641
16	588
1	55
13	4
6	21
1	40
8	91
1	10
18	9
34	14
0	72
0	0
0	0
0	0
1	0
0	0
0	488
0	249
0	152
0	569
0	291
0	63
0	61
0	11
0	13
179	502
44	309
5	259
0	96
3	52
6	170
100	811
35	482
74	482
2	750
2	697
1	594
753	445
0	0
1	278
135	85
2	38
4	720
6	811
11	826
0	0
0	0
0	1
0	3
0	0
0	2
0	0
0	0
0	102
86	256
2	213
6	6
3	18
1	8
0	5
0	29
0	166
0	209
0	37
3	3
695	0
1020	284
1	193
2	203
1	392
2	382
43	139
0	5
4	54
22	3
4	16
1	397
2	424
0	409
1	415
0	420
0	407
4	394
0	407
23	13
9	5
0	28
0	38
0	27
0	32
0	32
0	4
0	11
0	31
0	37
0	31
0	4
0	7
2	277
418	4852
43	752
12	494
15	222
77	3732
10	1699
221	810
120	832
3	0
0	13
1	12
1176	1042
0	550
23	545
2	264
4	539
0	377
11	209
17	151
83	231
0	6722
0	129
0	144
0	262
0	54
0	6573
0	181
0	2418
0	643
0	5175
0	160
0	37
0	10
0	3
0	4
0	11
20	27
5	27
2	128
0	33
124	129
2	1
6	5
0	0
1	4
0	0
0	0
0	0
0	0
0	0
0	0
354	775
0	364
35	79
1	302
7	302
23	1
9	358
2	892
90	1910
3	646
0	49
19	66
57	136
12	4
1	37
30	815
1	1783
80	379
0	752
0	304
503	531
7	154
5	120
3	0
0	301
0	0
0	0
0	0
0	0
0	0
0	0
0	830
0	860
2	786
3	864
0	134
0	41
2	48
1	8
0	6
1	0
0	0
0	3
0	8
95	481
16	399
6	66
12	202
5	66
0	245
0	371
228	8105
8	341
31	26
350	1544
0	1481
146	1420
2	1366
76	2
0	6
0	0
0	38847
6	38848
89	31423
86	31754
75	21227
29	27239
1	30897
0	29805
42	21341
3	17277
11	10085
3	9704
5	10929
19	10908
0	6595
3	7875
495	27646
90	774
16	777
0	638
99	647
4	6
0	0
15	65
6	18
0	3
0	0
0	0
0	0
0	11
0	0
27	0
0	0
0	0
1	0
0	0
0	0
0	0
0	0
0	0
0	0
0	0
26	351
1	307
0	154
2	6
2	60
3	15
0	321
0	5
0	0
0	0
60	161
0	0
0	6
0	6
0	0
0	19
0	0
0	11
813	0
0	5
4	8012
1705	5843
0	6743
0	5888
40	6093
0	5370
0	6222
2	2278
0	8096
32	6187
0	1643
1	689
13	311
1	268
3	102
6	20
1	73
1	62
1	1643
2	0
2	0
0	0
0	0
0	0
0	0
0	0
0	0
0	0
0	0
6	6
0	0
0	0
0	0
0	0
0	8
0	6
0	8
0	0
0	0
0	6
0	6
129	233
4	196
0	47
2	29
14	26
2	10
53	5
1	14
70	256
23	152
3	113
11	150
0	0
0	0
0	25
0	0
0	0
0	0
0	0
0	25
15	552
33	577
287	581
0	207
3	75
0	24
0	57
22	277
7	259
4	195
1	14
0	24
500	543
479	537
22	2132
223	2060
29	16
13	744
0	359
6	71
0	176
12	1614
0	1584
0	378
46	396
5	344
4	42
0	19
1	50
1	7
0	32
1	28
0	389
362	4559
65	4713
11	402
6	105
19	935
41	541
19	1934
9	127
19	72
2	25
8	25
27	9
18	10
4	16
7	17
37	139
0	87
29	3
6	0
10	67
0	437
484	1228
2	112
1	220
0	223
1	346
3	668
20	528
1	213
32	106
8	93
0	24401
0	22247
0	22922
13	21111
0	15296
4	4
0	4
1	1
1	24
1	649
2	3095
105	3321
73	18
0	39
91	2
36	1250
111	897
4	39
0	74
6	100
73	1385
0	400
3	14
0	80
41	225
412	460
1	364
29	0
340	2190
5	1974
0	853
8	72
0	76
1	58
0	5
0	4
0	6
12	19
0	19
0	6
1	0
7	2092
153	1670
6	289
108	1370
2	95
144	180
0	178
1	2274
0	0
1264	469
9	155
11	6
22	40
314	146
120	34
9	65
25	8
65	216
0	0
0	0
0	0
0	0
0	0
1	0
0	0
0	0
0	0
0	13
8	58
0	32
0	0
1	97
19	98
0	42
0	50
58	95
0	13
0	1
0	23
3	2
3	10
0	35
4	9
0	13
0	0
9	145
5	124
4	165
19	119
1	138
3	115
9	0
0	19
15	26657
60	22963
9	26731
25	1025
1	3638
975	29361
20	2829
15	13
1	11256
3	8091
7	21184
2	10751
17	4694
14	16
22	2375
29	26578
2	484
8	440
0	528
5	539
93	385
14	496
0	438
0	56
4	336
9	180
0	168
1	172
3	78
11	18
4	18
0	21
0	8
3	9
48	3
0	827
13	733
23	500
0	480
3	22
0	60
5	7
0	795
0	787
0	0
0	3728
118	3770
54	1894
11	2401
0	3077
4	2773
1	2744
23	793
4	87
14	119
7	7
11	0
1	413
31	1410
7	0
0	0
0	0
10	1363
19	1861
11	1646
33	1358
0	1201
4	372
4	166
1	234
47	354
0	0
121	28
0	1
0	0
0	0
0	20
0	27
0	27
2	43
15	56
1	38
0	9
0	6
0	4
6	13
2	4
89	31
21	2
17	3
2	80
43	4736
36	4721
0	200
5	83
0	47
7	90
30	287
2	308
29	72
2	6
1	25
0	4959
1207	5677
310	5718
99	468
1	435
0	313
0	64
0	0
0	0
0	0
0	0
0	0
0	0
0	0
0	0
0	0
0	0
0	0
0	0
0	0
7555	10195
1	776
0	316
0	697
7	1272
0	1553
7	601
0	1752
2	1099
0	47
1	3
3	175
6	2
4	835
34	3630
19	322
4	498
2	3
0	9
13	38
0	9
28	6
4	0
2	528
101	32
164	80
6	2
0	0
9	2
0	0
0	2
0	2
0	233
0	365
0	209
0	241
0	209
0	32
343	564
98	432
3	346
0	201
43	156
18	176
43	261
1	240
5	265
113	214
0	212
0	116
15	7
0	0
0	0
7	3
85	55
0	3
7	86
6	80
6	91
0	86
3	0
0	0
0	0
4	8
0	0
0	0
17	34
0	0
104	408
0	7
12	37
16	117
4	342
0	7
0	20
1	167
0	89
1	0
1	0
0	22
9	7985
9	3789
1	7991
0	3077
0	26
3	3045
4	8665
0	46778
73	53109
16	3034
13	10
7	59
17	46770
0	42
11	6678
7	8021
0	2719
11	18772
4	46823
3	42802
5	2156
8	3584
148	53
6	5042
20	49019
0	0
0	0
0	0
0	0
0	12
0	12
0	12
0	7
0	7
0	1337
0	737
0	1308
0	724
0	669
0	2298
0	2173
0	312
0	258
0	137
0	135
0	100
0	134
0	549
0	12
0	12
0	12
0	7
0	7
0	0
0	31
0	12
0	12
0	12
0	7
0	7
0	13794
0	7336
0	0
2	0
4	105
28	122
17	89
2	27
10	4
12	9
3	0
4	23
0	23
0	0
0	15
2	0
0	167
11	945
0	959
8	976
0	1041
0	1051
3	788
0	338
10	307
0	299
0	239
0	331
0	49
1	5
3	15
0	26
2	10
0	476
0	469
0	476
6	9
5	9
0	9
1	36
284	126
0	109
3	31
4	157
0	348
1095	453
1	478
12	35
2	277
6	36
4	95
0	125
4	17
0	146
0	111
10	86
1	28
0	90
14	69
10	1
10	11
11	179
30	303
28	163
40	460
14	131
2	138
2	142
0	141
0	29
1	42
32	66
0	353
0	170
0	101
0	1
17	172
2	0
0	0
1302	10
49	8
31	2
872	351
1	333
5	3
0	23
15	0
71	1525
117	424
10	1533
28	205
1	17
39	630
3	127
3	34
14	11
6	135
32	178
0	157
22	624
131	976
13	459
6	916
8	418
12	95
3	95
43	92
157	27
0	48
230	1456
30	1148
27	801
21	279
83	36
15	386
23	952
67	577
3	860
6	1144
4	315
2	540
0	616
0	715
0	583
3	438
7	9
0	0
0	264
1	96
1	0
4	169
0	2
8	3
7	171
7	204
1	2
183	274
90	144
1	24
0	0
0	0
0	0
0	3
0	1
0	4
2	3
22	67
0	5
0	0
0	10
0	5
0	8
0	5
0	1
0	0
0	0
7	2
0	0
0	0
0	0
0	1
0	0
1	0
0	0
0	10
0	0
0	75
0	75
16	93
0	0
68	588
8	461
0	56
2	9
10	22
0	0
84	2874
99	173
1081	3050
21	1609
35	2812
1	289
86	1188
0	20
0	4
0	2
0	1
0	1
0	0
0	0
0	0
0	20
0	20
0	83
0	67
5	14
0	105
0	85
0	31
0	5
8	52
1	0
12	39
24	43
23	647
10	5146
23	4457
4	199
0	4158
110	345
1	103
5	128
0	117
26	274
8	113
2	30
24	128
14	14
8	6
76	426
29	108
4	141
38	47
38	305
28	15
44	34
2	219
1	252
9	286
4	43
13	235
0	8
3	9
0	267
3	2
0	2
83	209
3	366
0	294
100	278
0	1
0	1
0	1
0	1
0	0
0	0
123	2
23	4
42	1
4	269
0	256
0	239
11	256
0	64
0	1
12	13
12	2
1	5
0	43
0	12
1	12
2	30
0	28
2	2
0	294
3	1517
4	1811
19	1180
0	97
3	1144
1	45
0	121
12	14
0	50
26	116
15	29
0	85
9	679
1	554
0	44
1	104
7	110
1	90
0	82
2	29
7	21
1	50
15	0
2	2
1	13
11	32
141	182
85	194
0	0
0	0
0	0
0	0
0	0
63	0
118	367
6	363
41	12
17	173
14	63
8	34
89	274
0	6
5	233
0	6
0	1471
307	1916
2	74
2	1167
17	86
3	1414
0	1152
0	1580
12	264
53	937
3	83
3	53
0	125
6	57
0	0
0	18
1	18
13	264
10	32
296	107
11	115
1	15
74	1588
0	1588
3	18
0	1
0	0
0	0
0	0
715	3
5	25
7	859
10	845
8	90
0	811
1	6
11	5
2	3532
0	734
0	1936
36	1142
21	3327
11	3341
14	982
51	302
5	3441
0	865
0	872
0	873
2	873
0	255
0	0
38	2028
9	1776
14	311
16	356
89	414
13	218
35	73
13	1164
0	184
20	86
33	123
2	13
0	11
0	231
0	376
0	204
0	272
0	330
0	50
0	67
0	92
0	7
0	115
548	306
0	157
1	27
8	104
4	20
0	117
1	95
1	8
0	5
1320	793
0	634
16	23
1	0
4	158
298	1563
0	0
0	1563
447	37
132	5512
902	3207
109	5435
136	151
0	144
1	78
0	2478
0	661
8	56
50	642
36	419
48	516
4	481
0	334
1	115
6	67
0	90
2	719
0	713
4	287
15	28
0	1
0	0
0	0
6	0
0	0
0	82
0	76
0	81
12	81
0	1
1	2
1	0
0	0
0	34
0	37
0	28
9	1616
0	945
10	29
1	170
1	0
28	11
15	31
17	148
2	1199
59	933
0	1185
6	771
33	771
44	4
27	20
0	33
0	1
2	174
16	103
82	449
1	1262
0	4
0	0
0	0
0	0
0	0
0	0
0	0
0	0
0	0
0	0
0	0
0	0
3	146
0	43
0	77
6	9
6	29
8	2
0	157
12	329
680	329
309	196
3	518
381	512
12	1188
37	1333
32	1299
27	74
16	46
0	1289
5	4
18	41
0	0
0	0
22	0
0	0
0	0
0	0
0	0
0	0
0	0
0	0
0	0
0	0
572	31
0	13
0	12
0	12
0	13
0	9
0	0
0	0
26	2718
0	1328
1	1367
59	1367
107	2685
0	517
0	444
0	155
7	74
0	220
3	2
6	2
0	242
0	463
2	168
0	122
0	415
0	513
0	524
0	4325
0	33
0	118
0	62
0	299
0	170
0	215
0	96
0	13
0	225
0	568
0	4582
1459	659
0	653
11	168
43	31
0	289
0	518
0	1293
0	1241
0	1486
0	26
0	22
0	333
0	355
0	666
0	331
0	17
0	27
0	1202
221	485
2	98
1	226
1	223
9	175
0	1
0	4
3	310
0	305
198	3574
2	3304
0	2567
25	193
75	1963
16	37
41	1474
26	1
6	62
25	265
9	0
0	339
68	6
1	198
0	217
28	149
0	0
567	6743
0	71
0	308
0	0
0	0
0	0
0	0
0	0
0	0
0	0
0	0
0	0
445	3428
24	3428
4	22
8	40
14	48
0	26
1	2
4	21
0	4
0	9
0	9
0	14
18	9
0	975
0	6
1	318
0	63
602	1389
0	3
4	0
0	0
23	44
0	0
147	728
0	150
2	0
0	0
17	131
3	148
0	219
6	98
0	13
66	61
54	1
30	200
2	131
0	153
2	84
15	40
18	11
4277	57
6	44
0	58
0	0
0	58
0	8
0	8
0	0
0	0
0	0
0	0
0	8
0	0
0	8
0	8
0	8
0	8
0	8
0	8
1	781
0	702
1	827
3	77
3	13
1	35
0	478
75	12
52	12
35	4
88	29
0	75
8	149
5	537
0	320
0	461
0	44
23	994
35	1178
0	708
17	772
8	527
62	563
23	687
7	75
1	329
10	126
1	134
31	60
0	12
31	59
0	708
9	214
10	468
376	493
5	4
1	1
1	15
0	0
0	0
0	0
0	0
0	0
0	0
0	0
0	0
0	0
0	0
0	0
0	0
0	0
0	0
0	0
8	4
2	2093
0	858
10	3387
2	4379
0	335
10	4459
6	4290
11	210
31	4148
24	533
41	1591
9	360
3	100
0	101
0	131
0	304
0	33
0	122
10	95
40	1820
0	4135
172	2456
0	4706
2	338
0	522
0	550
0	24401
0	1594
0	828
0	192
0	63
0	1435
0	1436
0	4
0	266
0	132
0	479
0	96
0	178
0	40
0	161
0	2
7	16
0	0
0	0
0	0
436	887
8	5
13	884
12	13
14	0
45	2
20	136
32	332
0	912
14	331
0	879
0	500
5	767
3	527
2	536
2	710
1	215
0	121
1	105
8	64
2	96
7	40
1	503
0	149
18	1024
2	883
25	937
2	715
1	302
1	497
1	367
26	532
0	6
0	109
1	61
0	31
0	313
8	419
0	64
0	747
152	1421
42	1421
5	211
5	233
9	29
3	4
2	568
5	42
0	347
0	325
18	1828
8	1263
120	2454
2	1188
64	2166
0	59
1	1057
3	1249
4	2173
230	1270
21	1035
0	3
4	1159
14	83
9	255
1	34
0	114
3	13
129	864
5	791
296	285
0	306
0	23
44	150
9	34
6	53
3	32
4	35
0	34
0	14
0	8
1	10
0	13
1	9
12	8
5	7
2	53
0	16
0	12
3	8
4	8
1	10
0	0
2	3
0	0
5	3
51	1444
16	1444
3	0
6	234
4	223
14	160
2	143
10	81
1	16
0	0
0	16
0	0
0	16
0	0
0	0
0	0
0	0
0	0
0	0
5	0
64	135
115	1711
2	1607
0	1665
16	1685
21	230
39	49
0	2413
2	1583
5	2723
2	2807
0	1588
0	89
2	634
0	219
0	1599
0	16
0	2160
0	2308
109	123
66	383
32	3113
0	69
0	0
6	3
3	3
1	0
0	0
0	0
0	0
0	0
63	0
0	0
8	1
0	0
0	0
3	0
411	839
0	80
0	111
24	390
10	92
1	19
0	122
49	839
1	112
33	2312
0	1245
1	289
1	2633
3	1195
35	138
0	8
1	110
0	181
21	1
4	331
21	1762
15	5
11	58
1002	9
1332	5907
20	3352
0	686
11	2472
1	763
64	2554
35	3085
70	2923
50	2294
0	1090
8	32
13	2011
93	1827
21	1230
0	41
0	1517
10	1538
1	128
10	87
0	126
0	323
1	462
0	181
3	141
7	115
0	104
2335	1317
70	1317
44	196
240	2136
15	1974
8	911
6	890
10	297
14	291
0	1629
0	1771
0	568
0	1218
0	922
157	1351
16	1093
19	665
211	1048
47	214
50	324
55	246
10	35
1	159
63	12
0	8
0	15
0	6
0	6
0	8
0	17
0	8
0	8
0	8
0	8
0	8
0	10
0	15
0	0
0	8
0	8
0	0
0	2
0	2
0	8
0	2
0	8
0	2
0	0
0	0
0	8
0	8
0	8
6	47
0	20
0	11
0	2
4	33
0	14
0	6
1	1
0	0
0	1
0	0
0	0
0	0
0	6
0	6
0	6
0	6
2	5
0	6
0	6
2	2
1342	5054
26	2898
5	3281
124	1675
7	1631
58	1230
33	950
0	0
0	0
0	0
0	0
0	0
0	0
1338	133
15	6
5	17
3	131
2	1
0	3392
0	1503
0	193
15	85
23	49
68	136
10	77
3	3
0	6
2	20
1	19
1	29
0	4326
0	908
0	2938
0	2638
0	3293
11	981
101	1194
3	383
9	101
3	9
1	0
0	3
0	0
0	333
0	412
2	441
0	95
2	95
2	39
3	6
0	20
0	4
79	634
23	305
0	70
6	51
2	0
0	0
0	0
0	1
0	1
0	1
0	1
0	1
0	0
0	1
5	0
0	43
0	39
6	43
0	9
0	1
11	341
3	445
0	420
2	1
1	0
5	77
144	77
26	100
1	54
0	7
7	24
19	21
7	1
0	8
34	870
0	870
5	4
3	11
7	4
3	5
0	6
0	0
0	0
4	13
1	6
0	6
0	0
0	123
0	0
14	17
0	0
0	0
9129	125
3	11
9	6
5	65
49	23
3	85
459	240
3	188
4	1
8	1
98	411
10	459
8	493
4	228
1	107
11	30
891	74
0	18
0	39
0	32
106	6446
29	6284
19	217
0	0
0	0
0	0
0	0
0	0
3	85
28	116
0	54
0	8
1	0
0	1
0	87
0	106
0	0
0	0
0	0
0	1
0	1
18	39
0	0
17	0
0	60
64	358
0	358
5	6
0	357
1	356
0	0
0	0
0	0
0	0
0	0
11	1575
1	2554
8	237
15	634
0	3070
7	2896
17	14
24	1666
0	249
0	389
14	17
14	13
0	85
1	85
0	0
0	0
0	0
0	0
4	5
84	48
18	1175
0	32
0	1214
9	1190
3	1153
4	1140
7	1108
1	2
1	3
0	61
0	49
12	0
0	116
2	90
20	344
2	2
1	2339
0	2209
2	1744
0	2127
64	1489
0	2024
1	2131
8	1533
0	1336
0	1606
0	1972
0	636
3	762
9	134
15	57
0	498
1	380
0	463
13	32
37	122
1934	708
0	536
0	183
0	880
1508	1656
11	357
9	9
0	1617
0	4
0	4
0	0
0	0
0	0
0	0
0	1552
222	1270
7	1222
19	337
2	1
0	35
1	68
1	487
0	447
9	350
3	69
9	36
1	290
0	38
6	19
2	226
1	8
0	29
2	24
9	2
3	16
0	18
5	33
0	0
0	0
0	0
8770	269
7	256
0	0
0	0
0	0
0	0
0	0
3	15
0	24
0	0
2	3
1	2283
0	2477
0	1434
20	484
53	724
0	2351
0	2285
15	744
13	1524
7	17
10	966
8	78
2	1
0	8
5	1090
12	30
7	1130
0	2420
192	440
5	261
1	24
0	13
1	25
0	21
0	29
0	24
0	240
0	272
0	13
0	282
0	15
0	5
2	2
0	9
0	6
0	8
0	49
0	70
0	1
0	0
1	1
0	0
0	0
17	2
0	0
10	0
0	3
0	0
0	69
501	1400
59	665
0	204
3	1283
0	21
2	56
9	1
131	969
1	27
16	647
3	23
9	2
0	0
2	10
3	19
0	502
0	21
2	67
2	14
0	1273
0	479
4	1
0	6
0	6
0	1
0	0
0	0
1	0
9	24
11	6
0	157
0	37
0	0
0	3472
0	3167
0	453
0	3430
0	1276
0	3458
0	4411
0	1233
0	642
0	4264
0	383
0	850
0	915
0	951
0	269
1	251
3	150
0	233
11	68
0	245
32	233
5	55
2	231
0	190
6	2
0	12
0	11
2	1
123	190
11	17
1	54
0	68
0	38
8	1
0	244
0	8506
6	6268
0	8812
49	8399
51	836
3	743
4	3648
81	601
18	943
0	6750
4	189
114	43
0	2891
85	1782
45	1111
21	1638
6	1620
120	410
65	262
0	8856
0	8843
0	29
1	20
8	179
0	34
4	19
0	15
8	181
4	36
11	12
2	22
49	160
0	39
0	0
0	0
0	0
0	0
0	0
0	0
0	0
0	0
0	0
0	0
0	0
179	149
0	178
7	145
2	11
3	18
20	28
2	6
0	1499
0	1528
0	1559
6	1427
0	331
0	1557
131	1674
186	2076
0	12
0	630
9	1239
0	1824
0	1
0	0
0	0
0	0
0	1
0	0
0	0
0	0
0	0
0	0
1	188
0	68
0	9
0	41
0	34
0	35
1	1
1	72
4	41
0	51
1	65
1	4
0	21
1	0
0	0
0	0
0	0
0	21
0	0
0	17
0	0
0	0
0	0
0	0
1	0
7	0
0	0
0	0
0	0
0	0
0	0
2	0
0	17
0	53
57	82
0	13
0	31
0	11
0	13
0	3
0	46
0	47
1404	375
41	273
3	77
1	91
14	67
0	12
4	1
2	5
0	2
0	5
0	0
0	0
17	284
5	279
4	0
0	237
652	153
0	0
0	2
0	0
0	0
384	695
4	16
28	210
3	49
0	109
0	433
12	1
4	38
11	9
0	155
695	566
6	558
11	74
0	13
17	0
0	0
0	0
0	0
0	0
9	937
18	969
0	309
0	460
0	49
0	36
0	35
0	4
5	38
2	0
1	42
0	33
2	12
0	27
11	33
1331	33
137	578
16	559
0	0
6	8
7	82
0	5
0	16
0	16
0	1
0	10
0	10
0	10
1	10
22	9
261	531
0	1309
0	17
0	436
0	298
0	41
0	0
0	0
16	196
36	272
15	3
10	4
106	0
30	138
0	21
2	5
0	121
3	17
1	10
1	84
0	5
5	113
34	11
0	0
0	0
0	0
0	0
0	0
1	15
0	44
14	816
0	716
7	22
10	1348
8	668
0	1378
4	1430
16	1
0	137
1	136
1	136
0	11
0	0
0	0
0	2002
28	385
27	85
3	692
6	540
12	77
31	60
0	310
0	212
1	48
14	580
5	24
0	1273
1	678
0	677
1	901
46	905
73	34
34	212
0	1982
0	356
0	358
7	65
67	42
1	7
0	129
0	131
3	2
0	356
0	9
143	917
4	540
2	162
10	544
3	1
9	26
2	29
31	84
0	0
0	0
0	1
0	1
0	1
0	1
0	2
0	2
0	0
0	45
0	45
0	45
0	6
0	2
0	0
0	3
0	3
0	1
0	0
0	0
0	0
0	0
0	1
0	0
0	0
0	1
1	1
0	1
12	106
2	2462
2	2985
0	1024
0	1533
0	260
59	25
4	8
0	88
0	0
6	30
4	30
1	3
39	0
0	37
0	20
0	38
0	38
0	12
1	0
7	43
7	5
29	5
0	163
0	102
362	1198
265	1229
16	14
0	31
0	31
27	444
14	446
34	11
48	10
9	100
17	0
93	29
85	29
0	0
0	7
0	7
0	0
0	1
361	0
0	0
2	377
1	0
5288	1955
0	1053
1	375
0	0
0	0
44	942
25	567
0	325
73	569
0	44
0	44
0	44
0	44
0	0
0	0
0	0
0	0
0	0
0	0
0	0
0	0
0	0
0	343
64	2766
0	446
0	1
776	4893
14	4885
59	133
57	16
0	0
37	1254
29	3828
1	4071
0	6082
341	3894
0	6954
67	7696
0	3953
1	3814
34	1677
13	103
14	1406
528	552
5	5
25	0
10	717
22	1817
1	1614
0	904
5	338
17	31
56	144
0	21
0	0
0	2
0	21
0	21
2460	1031
25	5
0	93
0	871
4	14
6	5
9	49
78	26
1	77
32	27
0	64
298	1240
403	2070
33	1777
35	1096
1	67
2	51
4	109
9	83
0	170
27	12
55	7
0	302
0	225
0	44
0	13
0	548
0	469
0	602
0	734
0	245
0	99
0	140
0	109
0	429
0	177
0	83
5	317
6	323
1	328
1	15
12	84
0	234
8	203
13	74
1	46
3	3
3	2
4	4
0	0
0	4
282	357
19	297
1	94
5	96
0	81
2	34
0	43
2	0
0	4
0	3
0	3
0	0
21	3572
284	3681
21	808
0	103
1325	6105
9	4227
354	4429
59	309
0	423
50	2700
7	4322
0	1298
0	463
41	1467
54	87
2	2368
11	14
42	33
70	67
68	286
0	190
3	40
0	41
2	52
1	1
0	119
0	112
0	117
0	41
2	44
0	50
0	33
0	117
0	0
0	0
4	18
8	17
1	16
4	32
0	32
6	30
0	7
0	5
0	5
5	16
4	10
0	10
4	11
0	2940
0	1326
0	1631
0	2790
0	1401
0	2573
0	2668
0	1361
0	1625
0	1662
0	2319
0	17024
0	0
9268	6621
21	372
30	34
115	746
107	954
14	113
2	4897
36	224
0	4831
0	0
0	0
0	0
0	0
10	20
0	5
0	25
0	22
0	3
0	26
2	3
0	0
0	0
0	24
10	2733
19	301
0	672
3	2941
99	744
15	24
79	580
2	525
0	511
5	38
2	143
16	143
0	1939
14	575
34	33
28	429
76	352
0	3
540	967
16	229
5	117
26	289
28	293
0	288
0	287
0	2803
0	2348
0	1283
63	472
21	1778
29	74
0	460
3	28
0	361
10	19
0	300
0	470
0	445
0	455
16	2
6	6
6	1
1	55
9	0
0	3
0	2
0	0
0	0
0	0
0	0
0	1
0	3
40	62
0	0
2	0
0	1
0	1915
0	659
0	288
0	67
0	232
0	191
0	826
0	490
0	570
0	263
0	652
0	1260
0	23
0	506
0	233
0	2
0	1717
0	139
0	50
3	219
4	169
3	22
0	11
0	7
0	100
0	122
0	96
0	29
0	11
0	114
3	26
1	6
0	28
4	9
0	203
0	189
8	26
0	802
0	12
0	6
14	144
42	1029
0	641
0	277
0	893
21	73
4	757
1	159
1	310
0	987
4	388
0	262
2	583
5	93
0	44
3	286
4	32
14	536
0	1
0	63
0	15
0	237
2	897
3	383
7	10473
0	413
359	10490
0	8602
5	3
146	0
68	410
2	2868
759	4135
100	4133
0	834
20	1147
7	35
16	4
55	56
10	222
5	913
26	925
21	575
4	574
1	489
2	471
75	53
0	404
5	320
0	38
1	62
0	105
0	88
19	123
13	1
2	15
26	21
16	89
43	0
0	934
850	381
13	381
1	370
2	306
0	0
0	0
0	5
0	4
0	4
0	0
0	5
0	5
369	436
17	353
8	335
45	74
11	68
1	65
4	24
6	0
27	43
0	1
0	1
0	0
0	0
505	11
153	2162
5	2
6	115
0	0
0	0
229	3029
92	2955
0	262
2	372
0	423
9	156
137	868
77	19
433	1832
35	1593
12	0
19	1832
849	994
30	989
0	0
0	1
0	14
0	0
0	14
0	30
0	659
0	29
0	54
0	545
0	0
0	0
0	0
0	0
4	8
0	0
0	1
0	35
0	28
0	3
13	14
5	0
12	1
0	1
1	25
2	10
0	659
0	649
596	11601
15	1986
74	10768
16	10820
403	2871
0	126
17	2623
3	1939
6	693
28	439
4	827
8	1865
0	4
4	5
0	1
0	1
0	1
0	0
0	0
0	0
30	269
0	273
3	293
71	152
0	306
0	21
3	8
2	40
0	254
0	254
2	51
151	58
13	386
9	382
0	72
4	155
0	73
9	424
685	1301
1	463
25	595
9	195
1	276
0	3
8	26
28	1400
3	389
5	926
58	460
6	531
1	302
3	308
4	3
6	294
0	194
11	221
11	296
16	168
0	0
5	1
0	0
0	0
0	0
3	18
0	0
0	0
0	0
0	0
0	0
0	0
0	0
0	0
0	0
0	0
0	2
0	0
0	0
16	993
0	281
48	907
0	988
2	49
189	144
0	13
1	89
1	2
2	50
51	9
0	0
29	102
0	100
0	99
0	4
6	26
2	44
2	41
0	41
82	74
1	18
0	31
0	26
20	46
2	19
3	0
0	351
2	302
2	108
4	17
14	251
66	287
11	161
42	59
2	325
21	204
0	204
0	1
0	0
0	0
0	0
0	25
0	29
0	23
1	24
2	23
0	21
0	20
0	15
0	1
0	14
0	12
0	8
0	1
0	10
2	7
0	9
5	3
0	3
5	3
6	1
0	5
0	0
0	0
0	0
0	0
0	0
0	0
0	0
1	0
31	1
4	0
0	25
26	517
304	360
9	164
4	65
9	88
9	87
7	28
8	32
6	79
12	25
1	63
1	6
1	235
17	260
2	60
26	142
29	14
0	0
1	0
0	0
0	0
82	847
88	842
0	232
243	1181
12	1213
0	71
2	19
5	140
0	60
19	1
0	50
3	103
0	207
44	3832
12	3933
12	78
27	3935
1	37
2	33
4	17
5	60
2	8
25	3918
0	75
0	91
3	0
9	3
0	926
0	0
0	0
0	0
0	0
0	474
0	54
0	60
128	204
15	204
1412	0
1	0
0	0
12	10
0	9
0	1
6	5
0	5
0	0
0	0
14	12
0	0
6	2
0	0
0	0
0	0
0	0
0	0
0	0
0	0
0	0
0	1
11	7
0	0
0	0
0	6
0	1
0	1
0	0
0	0
0	0
0	0
0	0
0	0
0	0
0	0
0	0
24	1491
0	1436
11	82
5	0
11	0
8	14
4	6
17	90
5	7
0	0
3	0
0	0
0	0
0	245
0	247
0	202
0	198
26	204
0	193
0	203
0	143
0	161
14	160
1	143
0	223
1	71
0	111
0	133
0	110
0	43
18	71
6	4
25	21
73	245
21	443
7	106
0	136
394	717
73	276
12	16
0	10
596	10
0	0
2	13
0	0
0	0
0	0
0	0
0	0
0	8
0	72
7	161
1	51
2	1128
38	184
3	680
7	1094
8	6
4	20
7	26
23	6
5	0
6	89
7	59
6	621
31	829
0	1
69	3507
55	1539
175	3430
0	3242
10	477
11	186
16	0
14	1281
7	36
19	3091
2	192
12	358
1947	23100
0	22833
1121	1813
0	1490
212	6221
0	10183
232	9765
2	9754
1	6630
2	6410
15	6099
182	5031
590	1506
10	0
23	500
12	6169
1	2236
34	4827
16	1054
0	620
5	1072
42	795
27	950
10	256
0	0
0	34
6	8
2	34
0	0
0	0
11	124
16	192
23	240
8	15
5	24
20	0
0	900
37	867
0	886
1125	3727
52	11
5	2614
92	3850
12	7
16	3098
78	981
0	0
508	728
16	692
7	159
2	100
0	0
0	5
0	0
0	0
0	5
41	1
0	1
0	0
0	0
0	0
0	0
2	262
32	393
1	65
1	56
0	4
2	11
2	14
4	252
0	47
0	27
0	1
0	1
0	1
1	4
0	0
0	1
0	0
0	200
51	186
11	196
2	1348
0	6
10	19
0	1331
5	5
0	41
1	1319
0	14
17	1327
0	1331
1	180
0	1331
0	115
5	25
2	1252
2	0
3	4
92	492
0	529
326	585
0	236
1	377
7	19
1	94
0	87
5	169
6	175
0	259
0	260
252	545
6	519
4	26
13	23
0	0
9	39
10	826
1	932
8	939
74	910
53	849
0	947
4	13
0	247
50	223
102	189
23	132
32	943
1	2
0	1
0	0
0	1
0	0
0	1
6	341
3	37
0	31
0	15
1	326
0	2
0	2
0	0
0	11
0	3
0	2
0	3
0	591
0	2047
0	180
1	2201
8	1216
1	2045
1	1963
0	238
0	278
4	1278
0	520
0	43
0	31
0	51
0	25
0	121
0	2219
0	0
0	0
22	1
0	0
0	0
8	3
0	0
0	0
0	0
0	0
0	0
0	0
0	0
0	0
0	22
0	22
0	0
0	0
0	0
0	0
0	74
0	74
0	71
0	1
0	0
168	954
0	1159
0	1138
8	1037
0	375
3	58
0	1158
0	0
0	0
0	0
0	0
0	117
0	53
0	122
0	1
0	131
0	31
0	1
2	1
0	1
0	53
0	0
46	118
148	154
0	111
0	10
3	52
19	7
5	0
4	4
0	0
0	0
0	0
0	82
0	0
0	82
0	0
0	0
0	0
0	1
0	0
0	5
0	15
0	12
0	9
0	15
4	47
0	5
0	1
0	0
0	1
0	0
690	1274
50	1104
19	1305
9	233
2	8
13	100
0	1104
0	0
1	6
122	44
155	599
0	60
1	290
0	79
0	71
34	173
22	506
59	566
15	18
9	19
58	1
1	82
3	15
3	550
17	541
0	154
0	576
0	140
0	1087
11	255
0	662
0	971
1	116
7	248
11	265
5	1087
8	0
0	0
0	0
0	0
0	0
9	2
0	0
2	16
2	16
0	1
34	44
0	0
0	0
0	0
0	0
0	0
0	0
0	0
0	0
0	0
1	5
0	3
0	3
0	6
0	3
0	3
0	3
0	3
0	0
0	0
0	0
0	0
0	0
0	0
0	0
0	0
0	2
0	0
0	0
0	0
0	48
0	0
0	0
0	349
0	172
0	98
0	0
0	509
0	513
0	428
0	316
0	143
0	30
0	87
0	21
0	14
0	0
0	8
0	1
0	9
0	1
0	17
0	15
0	16
0	5
0	549
32	14
0	31
4	14
2	13
0	40
2	47
11	33
0	0
21	32
0	0
0	2
52	2
0	0
2	221
5	275
19	220
1	81
1	35
3	31
1	30
0	55
1	34
687	392
1	0
52	82
9	82
0	2
0	87
0	50
0	55
0	0
2	52
2	67
0	5
69	4036
0	3210
46	3203
221	2622
48	521
4	53
5	19
0	30
0	35
0	27
0	9
0	20
1	2
0	15
0	14
0	12
0	10
0	2
0	14
0	1
0	0
0	0
0	0
0	32
0	0
0	0
0	0
0	0
218	0
191	26907
15	21358
0	22756
0	5841
25	22555
45	19645
0	6310
31	4835
0	2658
0	3817
55	4671
0	2270
3	1379
3	1863
49	3819
176	4
49	405
276	405
7	66
225	494
1	281
3	193
4	157
7	19
4	28
11	0
0	24
2	2
259	0
4	0
7	0
10	1598
7	1590
21	1284
0	607
1	498
0	630
6	577
0	437
0	509
13	334
0	102
0	101
2	191
0	158
40	50
1	71
0	11
51	0
0	1489
31	410
292	2859
808	2860
0	102
74	195
12	42
1	1
0	0
8	4
2	14
9	10
2	112
0	133
8	133
0	0
1	0
0	0
2	721
0	721
0	713
0	430
5	436
0	571
0	409
48	710
125	583
2	446
1	12
2	297
2	191
2	78
2	150
0	1
0	694
484	5148
6	915
0	2533
0	1971
9	870
18	434
0	1773
0	1067
1	0
0	884
11	1078
19	160
5	5053
0	5028
0	0
0	0
0	0
0	0
0	0
0	0
0	0
0	0
0	0
0	0
0	0
0	251
0	256
0	144
0	0
0	0
0	0
0	0
0	0
0	0
0	0
0	25
0	0
0	0
17	69
0	338
0	369
0	372
0	53
0	413
0	134
0	28
0	251
0	256
0	144
0	53
0	38
1	0
0	12
0	12
0	12
0	7
0	7
0	0
0	0
0	0
18	453
84	405
23	292
3	376
0	187
4	168
16	193
17	151
0	0
4	2
0	0
0	0
0	0
0	0
0	0
0	0
0	0
0	0
0	0
0	0
0	0
0	0
0	13
0	62
0	432
9	0
0	1
1	668
0	160
0	301
21	407
15	82
0	14
0	1
0	0
1	0
0	14
1	714
0	671
0	589
1	414
4	8
15	33
5	3
14	32
1	52
0	686
0	557
54	96
0	538
103	66
0	32
0	156
1	0
0	2
2	14
0	3
0	11
0	11
11	38
3	4
1	0
0	203
0	132
48	329
536	1250
0	152
47	914
1	172
4	103
475	340
3	52
0	82
0	0
0	0
0	0
0	0
9	223
1	0
1706	270
21	200
12	29
3	69
0	39
0	38
0	48
2	57
2	47
1	10
0	50
2	38
2	42
1	0
1	57
1	24
0	12
10	97
0	51
0	20
0	8
3	27
6	32
0	71
0	66
0	0
0	0
0	71
0	567
0	1492
0	387
2	47
0	1533
368	1587
3	109
12	129
1	49
0	88
0	68
32	284
0	246
0	190
0	220
0	47
0	18
0	88
50	30
3	9
5	285
5	290
0	335
1	274
0	265
1	256
0	74
1	222
0	186
2	136
0	112
0	99
22	111
20	110
0	25
0	53
0	46
0	21
2	11
0	2
0	6
0	17
1	2
20	5
3	4
24	2
0	125
0	0
0	0
0	0
0	0
61	245
2	638
11	12
0	0
884	892
4	226
7	24
12	115
19	4
0	4
0	2
1	1
0	0
0	0
0	0
0	0
0	0
0	0
0	0
0	186
2	4
0	170
18	107
1	505
1	206
0	192
0	191
11	1
0	43
0	11
4	24
0	493
0	132
734	789
0	15
0	257
5	1471
8	2454
0	2476
0	495
0	1949
0	146
0	215
4	56
1	57
0	6
0	51
10	52
13	154
1	28
0	104
2316	2907
6	165
4	2410
1	1792
5	705
12	310
152	297
902	1102
0	104
5	296
4	962
17	333
28	784
3	224
3	556
21	516
0	234
0	297
0	283
0	228
3	261
0	225
0	75
0	100
0	44
1	18
1	7
0	50
1	38
1	20
0	45
0	7
1	25
8	10
0	8
8	2
4	505
17	4074
327	5057
2	3920
2	3970
10	208
0	413
0	4027
66	4432
16	11
16	548
14	8
0	0
0	0
0	0
4	48
0	40
2	43
0	7
0	5
1	0
0	0
0	0
0	0
0	29
0	29
127	194
6	142
0	24
4	97
0	33
0	46
8	16
0	31
0	31
9	13
20	7
12	951
6	683
2	228
6	20
3	18
0	22
0	765
0	835
0	755
6	639
8	200
15	33
1	1
0	230
0	890
822	467
14	283
6	184
3	14
11	6
33	15
0	15
41	14
0	6
161	220
57	221
0	0
0	0
0	0
0	263
0	343
198	6052
70	5963
35	5184
0	4913
3	848
8	148
0	481
26	57
11	611
3	5769
0	0
0	0
0	0
0	0
0	0
201	36
0	36
1	16
0	0
0	0
0	1
0	1
0	1
0	0
0	1
1404	6414
288	3899
3	2517
0	7
0	6
9	2
0	3
482	363
4	25
0	102
1	101
7	44
0	4373
86	4853
0	37
5	425
0	13
13	92
3	91
2	91
0	76
0	11
1	1
0	396
0	391
0	64
563	492
0	196
18	392
6	0
2	17
148	41
0	128
0	128
0	5
1	1
0	1
0	0
0	0
0	0
0	160
0	133
2	159
0	38
0	26
3	7
0	0
0	0
0	0
0	0
0	0
0	0
7	576
5	9
0	0
0	0
0	0
0	0
0	0
0	0
0	11
0	0
2731	1942
15	1173
11	8
4	1253
32	350
0	1
0	1
0	0
0	1
0	1
0	1
0	1
949	196
0	172
0	104
8	168
243	227
0	109
2	71
9	169
0	4
0	4
0	0
0	0
0	0
0	3
8	99
0	66
0	0
0	0
0	0
0	0
0	7454
20	7500
114	1674
9	3
0	7
15	58
55	7343
0	3092
0	6
0	36
0	75
8	17
105	74
3	3
0	4
23	14
0	0
0	0
0	0
0	731
43	33
19	0
22	21
27	234
5	486
6	2
9	53
0	46
0	34
4	7
0	5
0	41
0	37
1	4
31	196
3	197
4	13
2	12
8	31
27	11
0	10
0	10
0	9
0	0
0	0
0	0
0	0
0	0
0	0
0	0
0	0
0	0
730	803
3	474
4	519
0	553
7	30
4	7
592	1926
13	820
2	923
12	1287
20	440
8	2
0	848
4	877
2	10
1640	767
2	14
264	471
65	670
122	863
0	177
113	664
9	175
20	22
22	54
18	1
0	398
2	26
0	618
61	537
0	132
1	81
1	90
0	15
2	90
7	5
20	0
0	574
4	0
1	52
0	177
4	166
6	148
0	50
2	9
0	27
114	69
0	51
0	52
0	115
2	105
2	165
9	23
4	4
0	157
0	166
0	0
0	0
3332	4
0	0
0	0
0	0
0	0
0	0
0	0
0	0
0	0
0	0
26	179
3	130
12	163
6	59
6	13
13	4
34	336
20	326
22	42
8	4
7	4
4	18
0	1083
0	1149
0	284
3	0
0	0
0	0
0	0
0	0
0	0
0	0
0	0
0	0
0	0
0	0
16	0
0	137
1	137
0	67
0	27
2	8
95	137
0	125
0	123
0	54
0	5
7	54
5	32
0	0
44	1642
0	183
2	1416
0	1446
86	55
44	363
0	81
7	134
0	0
0	0
0	0
11	64
14	34
0	25
0	21
1	24
0	22
1	0
0	2
6	0
2	0
0	0
0	0
20	0
0	0
8	0
13	2032
527	3291
12	2876
12	11
25	74
16	69
9	48
80	5
4	1630
0	1371
0	1464
0	1132
0	1121
1	854
19	527
0	1352
0	1331
0	1080
0	1237
0	1306
34	1162
1	452
0	1143
2	160
0	67
2	519
5	276
1	111
38	3
60	402
0	83
0	224
0	42
11	10
7	43
2	45
0	25
1	16
6	3
0	3
0	11
0	10
7	4
0	8
0	5
0	4
5	2
2	2
15	34
1	6
1	1
0	2
127	87
0	0
2	30
0	3
0	5125
0	0
0	766
0	1095
1	607
0	893
1	236
5	1029
3	5
0	3
0	452
0	856
0	806
0	655
0	741
0	285
0	635
0	910
0	451
0	663
1	505
0	134
58	429
0	943
0	908
40	29356
47	3203
110	95
444	467
0	21146
35	1039
0	0
25	577
1	1
0	401
4	0
1	574
0	838
0	979
0	51
0	101
0	207
7	303
125	322
200	0
0	0
0	33
0	33
0	0
0	0
0	0
0	5
0	6
0	6
0	1
0	2
0	2
0	1
18	30
0	1
0	2
0	0
0	1
0	0
0	1
0	1
0	1
0	0
7	13
0	1
0	1095
10	1020
0	1116
5	879
18	124
35	549
10	574
157	8
57	211
0	33
27	57
29	241
37	204
0	33
3	1049
3	880
0	0
0	0
474	397
69	160
0	339
17	37
73	129
23	10
2	128
342	0
9	654
49	265
16	240
17	948
5	561
52	772
74	515
0	169
17	556
3	193
9	87
35	226
5	958
16	1277
2	1277
11	918
451	1319
10	612
1	1201
0	84
0	11
10	33
17	710
55	450
3	295
27	494
14	35
0	251
1	308
2	49
4	446
11	464
0	402
20	52
13	2
2	343
2	3
237	377
0	340
0	248
19	148
8	3
0	12
25	114
1	30
11	26
3	11
0	18
0	2
0	18
0	4
3	363
305	472
51	361
2	2
83	1466
2592	1466
3	0
0	0
0	0
0	0
0	0
0	109
1	159
0	161
2	159
10	165
28	68
1	0
0	58
2	54
0	45
0	6
0	2
0	2
0	0
4	0
0	159
0	117
85	65
0	0
0	0
0	0
0	0
0	65
0	0
0	0
0	0
0	0
876	739
0	73
4	621
3	7
16	32
0	393
1	1
1	101
10	75
3	80
3	71
0	347
0	1
0	4
0	42
0	5
0	11
0	23
0	1
0	41
0	57
0	49
0	2
0	0
0	312
18	978
35	1022
0	36
0	19
2	45
0	4
23	31
226	45
7	405
12	406
4	400
0	405
0	421
1	42
1	131
3	4
2	16
2	8
1	26
10	4
0	401
0	407
5	373
0	385
0	421
0	0
3	1140
4	206
0	106
2	887
16	147
11	345
0	77
41	54
0	69
1	24
1	814
0	964
2	177
0	42
0	85
0	42
2	215
1	237
211	905
10	338
47	381
0	2555
2	1753
0	2652
2	834
21	220
0	406
2	779
0	688
48	260
2	106
3	531
0	678
7	919
39	6
36	1527
7	150
20	1076
143	386
0	50
0	2923
937	1646
114	73
0	576
5	1296
0	1573
3	844
4	568
25	555
107	712
0	1584
0	1584
5	572
14	31
0	3
0	135
160	121
9	18
4	40
0	38
28	56
0	43
0	125
5	21
0	31
0	31
0	35
0	0
369	1835
237	361
82	1924
0	1353
2	70
0	40
27	813
7	91
0	17
21	954
6	91
0	98
0	11
0	99
0	79
0	77
0	103
0	81
0	77
0	66
0	45
0	59
0	0
0	15
0	0
0	0
0	2
0	2
1	5
0	8
0	5
1041	2636
3	2509
1	2
4	64
2	99
13	3
3	61
1	709
3	22
0	77
0	39
0	214
0	172
0	221
1	30
0	17
0	149
0	129
171	22
47	2767
0	2393
13	2399
20	2315
32	2301
6	2337
0	45
14	130
105	1014
6	5
4	0
5	254
0	1
10	79
5	312
1	363
13	165
8	148
0	2598
0	69
71	40
424	264
3	243
0	27
3	29
4	77
0	64
9	38
14	28
0	11
0	22
0	33
4	8
0	7
7	6
9	26
0	14
1	15
0	27
0	9
31	27
8	9
27	13
0	19
19	63
5	1761
208	1761
0	1204
0	138
13	48
7	78
7	10
0	13
8	627
0	775
0	743
10	0
36	821
0	98
0	64
14	7
41	775
0	569
21	26
0	28
30	0
27	639
2	620
0	601
1	580
0	30
18	8
6	130
35	70
2	134
18	130
0	106
0	66
0	43
7	45
19	66
9	6
8	2277
81	2245
97	431
4	1867
4	1018
12	17
26	682
1	30
0	4
0	0
255	2565
0	458
34	471
1	1110
13	711
0	983
76	779
2	499
112	15
3	578
1	408
77	172
0	564
1	12
19	5
0	63
0	63
0	15
1	14
0	0
131	5290
0	4845
2	4321
2	3840
0	3355
9	115
3	127
11	51
0	50
37	5
0	32
23	171
30	29
17	294
13	135
5	1855
0	375
0	338
8	324
0	305
2	12
93	1820
12	1681
0	24
1	171
2	1719
0	82
0	147
2	0
1	129
2	1437
0	226
0	76
36	1264
0	997
21	30
23	1686
3	1512
0	1918
18	1102
19	1754
22	621
10	180
1	621
5	110
0	1708
0	621
7	1708
0	1616
5	1616
0	1023
103	219
5	896
11	521
11	1456
0	0
0	0
0	0
0	0
0	0
0	0
0	0
0	0
0	0
0	0
0	0
12	25
0	0
0	0
0	0
0	0
0	9
0	0
1710	638
45	572
331	199
5	24
1	8
0	99
1	123
1	87
0	68
9	49
2	0
0	0
0	0
0	0
0	0
0	0
0	0
0	582
7	569
1	598
0	585
1	132
0	16
2	2
0	0
19	200
0	263
12	185
0	487
0	269
60	222
1	74
9	227
19	106
1	7
8	110
2	72
33	47
38	71
3	276
44	297
21	238
8	289
6	511
0	104
0	0
0	0
0	0
0	0
0	0
166	3826
95	3826
0	406
1	188
0	155
10	46
3	236
6	137
12	264
48	49
5	134
17	27
2	741
13	445
7	268
0	129
0	312
7	3487
17	3428
0	2238
4	2873
0	1568
543	169
3	112
3	0
24	49
13	3700
4	609
511	3884
5	93
15	0
2	168
0	111
13	179
47	873
105	894
84	805
2	0
1	3245
314	3830
13	519
12	10
12	139
1	25
2	2943
25	98
5	199
16	221
6	2
130	823
21	34
4	207
0	14
0	11
23	405
1	411
18	5223
20	1076
2503	1043
22	784
51	596
4	566
0	7
0	7
0	5
0	0
0	0
0	0
0	0
0	0
0	0
0	0
0	0
0	0
0	0
0	0
0	0
0	1
0	0
0	1
0	0
0	0
1	1
0	1
0	0
0	0
0	0
0	1
0	1
0	1
2166	405
52	67
23	76
0	288
26	8
0	0
0	0
0	0
20	15
1	15
0	27
0	21
12	325
1	325
33	61
0	326
0	0
0	6
0	0
0	3
1	20
9	1
0	7
1	118
52	74
0	0
116	217
1	308
14	914
19	1085
16	211
7	153
0	15
9	510
44	110
0	379
26	342
7	90
0	0
0	0
0	0
6	1
0	0
0	0
0	0
3	2
0	0
0	0
0	41
0	10
0	33
0	35
1	26
0	34
0	29
1	1
7	12
0	8
7	4
0	2
0	6
4	1
0	3
1	4
3	4
0	2
0	0
59	515
0	121
130	10
0	0
9	1
0	0
0	0
0	1
57	90
0	0
0	0
0	0
0	0
0	0
0	0
0	0
35	12
0	0
6	6
38	114
0	0
0	0
2	3
0	0
0	0
0	0
0	0
0	0
0	0
0	0
0	0
0	143
0	0
0	0
0	0
2	155
7	155
7	0
0	0
0	0
17	145
3	50
0	0
0	11
1	134
0	14
335	81
5	3934
6	130
2	803
58	3284
1	3872
87	3210
0	93
0	1725
4	141
25	8
13	1
0	78
0	67
0	55
0	76
7	148
23	535
0	190
15	83
0	252
0	0
0	0
23	625
963	984
221	966
36	257
1	339
44	217
0	8
2	8
14	86
6	81
2	2
0	71
0	1
1	42
0	8
0	5
2	3
1	0
4	329
0	2546
10	2927
176	2774
3	2678
4	187
1	323
0	738
0	2089
4	198
1	1343
2	819
43	707
20	120
1	343
2	2546
0	19
0	19
0	0
0	6
91	1273
35	586
608	565
0	188
5	56
0	1
0	0
0	0
0	0
0	0
0	0
3	355
0	0
0	0
0	0
0	0
0	0
0	0
0	0
0	0
1	20
1	22
62	344
84	364
0	337
0	364
0	12
0	11
0	11
0	11
0	11
0	26
4	26
0	24
0	8
21	12
14	16
0	342
0	346
322	240
4	228
0	15
0	1
0	0
45	2025
5	1
4	3
2	165
0	1970
0	854
0	112
24	56
13	46
0	53
15	227
11	62
49	552
259	9441
1595	10594
0	8530
0	8756
3	10050
7	9283
0	9681
47	7570
19	1801
11	1613
0	7715
0	7565
201	6485
11	1327
320	452
4	624
107	1228
1	2002
14	91
25	1078
231	13
87	38
8	477
192	1968
0	1679
21	2552
8	2035
0	1750
0	494
38	531
2	178
22	368
2	475
1	375
0	518
6	27
0	780
8	33
21	1142
75	64
0	52
0	893
26	1091
161	1311
13	185
3	0
0	308
48	3829
92	882
22	20
8	1949
58	781
275	1436
2	254
35	2838
170	308
0	308
53	139
1	77
27	23
0	2
2	0
0	0
0	0
0	0
0	0
0	0
0	0
0	0
1	187
7	178
0	207
6	18
3	0
0	41
0	11
0	2
54	3979
5	36
2	57
2	4309
8	649
2	662
0	2325
0	1704
30	773
144	1869
0	3343
26	59
20	1481
45	594
0	361
51	6
3	168
0	122
17	1
0	3930
0	3615
0	138
0	154
0	474
0	590
0	2584
0	1350
32	143
3	74
6	2
0	59
181	59
1	0
0	0
40	35
0	0
0	0
187	746
22	346
194	79
0	144
7	279
75	222
0	0
0	1
0	0
0	0
0	0
0	1
0	0
0	0
0	0
0	0
0	0
0	0
0	0
0	0
0	0
0	0
0	0
0	0
0	0
0	0
73	1920
31	221
160	1894
288	191
2	138
71	441
52	488
0	332
120	331
0	53
0	0
1	11
0	9
0	81
0	81
1	81
0	78
9	43
2	28
0	15
7	15
7	1
1	80
3	1041
3	68
0	142
3	958
0	5
0	82
2	55
10	21
1	29
0	10
1	82
0	137
4	1
0	99
5	258
2	770
0	52
1	110
2	47
5	53
24	13
25	642
6	77
1	298
5	9
3	87
0	26
0	2
0	14
0	14
0	1
111	0
0	0
0	463
1	165
619	1811
2	1342
0	255
76	1658
0	1385
71	1514
1	1371
0	1385
0	1417
0	1389
0	1349
1	1395
7	1361
8	1415
0	1398
2	1288
2	125
0	266
53	99
0	35
40	21
36	47
8	57
1	28
0	30
49	40
190	0
19	0
0	0
11	148
0	61
137	844
1	163
55	25
0	917
0	0
3	89
39	81
8	83
1	1487
104	1808
2	22
4	2
1	324
61	202
2	19
1	192
1	5
0	1430
2	1315
109	1224
1	386
12	158
1	45
116	735
43	569
0	2052
0	2170
0	993
0	1914
0	1863
0	2010
0	1765
0	1895
0	343
0	1503
0	88
0	15
0	100
0	16
0	102
0	54
0	30
0	3
0	9
0	15
0	14
5	276
0	262
1	50
0	594
34	546
0	124
0	306
1	87
14	41
11	69
17	3
0	3
0	164
15	164
8	10
1743	3072
18	118
3	769
0	340
0	15
7	707
10	322
7	4
0	396
0	657
1	721
21	182
11	516
2	236
3	598
21	46
15	272
4	217
2	486
0	2
0	2
0	2
0	2
0	1
0	1
0	1
80	416
1	105
0	151
45	416
1	183
11	92
19	20
0	186
0	112
24	3
1	77
3	103
0	81
5	64
12	7
21	5
24	13
2	14
7	134
4	230
58	10
5	21
12	451
3	1
2	108
2	2115
2	2
2	3
0	2
0	103
10	2117
0	2241
0	1593
31	1720
0	0
49	1409
0	0
0	0
0	0
0	0
0	0
0	0
0	0
0	0
0	0
0	0
0	0
0	0
0	0
11	27
93	1017
0	1229
13	860
2	301
11	102
6	542
1	105
6	3
27	1066
0	137
1	518
1	46
15	174
22	670
36	512
3	165
0	167
0	117
0	52
0	10
0	8
0	40
0	12
0	41
0	15
0	33
1681	3660
64	3729
9	151
14	106
1	2603
0	13
0	45
0	15
59	107
0	3
19	115
1	7
0	82
41	6
0	78
29	133
577	3760
69	2376
0	1123
76	1745
2	834
0	688
0	1027
6	3
2	556
21	556
23	254
5	97
0	2803
16	35
39	735
0	778
0	487
3	111
0	35
0	23
0	296
0	434
0	357
0	260
0	185
0	252
0	178
0	1
0	84
0	3
0	100
0	51
0	0
0	0
0	0
0	13
0	0
0	0
0	0
0	0
0	0
0	0
0	0
0	0
0	0
0	0
0	0
0	0
0	0
0	104
0	489
0	187
0	2
0	662
0	803
9	630
0	129
0	328
4	202
6	65
0	182
0	132
350	11597
0	11561
65	289
15	6111
1	30
71	355
4	126
2	195
33	966
0	592
1	735
0	705
0	37
1	204
0	60
0	21
13	12
10	26
156	1129
0	346
0	1128
4	271
9	1
6	9
3	8
10	198
0	197
3	200
27	139
15	292
2	214
0	166
0	14
0	24
0	0
1	18
1	33
0	0
0	5465
0	3478
0	3689
0	3975
9	666
0	4260
7	188
13	444
6	200
0	139
1	310
0	296
11	998
0	841
0	3379
0	2451
0	4817
0	614
6	334
0	3497
15	1
6	442
2	152
14	21
85	2
2	54
54	78
105	299
25	393
27	4129
0	11
9	15
0	8
0	0
2	11
0	0
0	19
0	21
0	21
0	19
0	21
0	21
0	21
0	21
0	21
0	24
0	24
0	0
0	2
0	0
0	2003
0	2925
0	2580
0	2772
0	2556
0	1155
0	913
0	1398
0	870
0	1385
0	0
1	3
0	3
0	3
0	2
0	0
0	0
1	2
2	0
5	190
26	219
7	15
0	28
4	13
0	93
37	21
7	0
3	217
784	0
0	0
0	1
0	0
0	0
0	0
0	0
8	6
13	19
0	3
0	6
0	1
6	8
0	2
3	2
0	0
0	0
27	21
99	88
0	1
0	0
0	0
0	0
0	0
2	4
0	1
0	1
0	1
0	1
0	0
72	93
0	1
0	0
0	0
0	1
572	143
29	135
0	4
0	4
0	0
0	0
0	0
0	0
0	0
0	0
0	0
0	0
0	0
0	0
0	0
0	0
0	0
0	0
0	0
0	0
0	0
0	0
0	4
0	6
0	0
0	0
0	13
15	562
1565	2120
0	344
14	105
3	156
0	101
4	115
26	162
3	128
0	52
3	40
412	1817
0	2
3	1449
2	107
5	85
1	102
0	298
5	238
18	0
11	14
0	177
1	109
27	96
1	47
0	28
0	68
1	23
0	15
0	8
0	0
3	15
0	109
0	109
10	3
0	3
0	68
0	62
0	10
0	10
0	12
5	13
0	0
0	1
0	0
0	0
0	4
0	9
0	31
0	67
42	45
7	282
5	2
0	13
9	18
3	1
0	2
0	1
1	44
22	9
0	7
0	97
1	78
0	58
3	53
0	3
1	0
2	50
1	3
0	4
3	20
11	0
16	25
3	38
1	463
6	2828
1	450
1	513
1	234
2	227
0	1035
7	2625
16	308
2	355
29	2806
17	38
1	666
0	678
15	48
0	683
1	136
3	676
4	357
0	462
9	219
12	114
104	1285
4	866
14	1176
0	491
1	235
2	100
11	1
0	0
12	1
809	354
42	317
1	115
5	23
526	3754
1	3065
0	655
10	62
2	263
18	3761
0	0
1274	11
20	35691
0	35691
0	7533
2	30148
291	30211
0	23162
1	13460
0	11555
0	4889
1	6129
69	4348
2	4319
0	1990
0	5446
5	1067
0	825
8	676
1	278
8	4
563	2561
32	2548
51	33
9	772
0	296
0	576
0	541
0	641
0	29
0	221
0	176
0	150
0	153
0	112
0	125
0	34
0	27
0	13
0	18
0	14
0	54
0	512
0	286
676	16009
0	19476
0	9833
0	18635
308	19126
0	17010
0	17402
0	14708
0	13985
1	12465
1	11161
0	7350
8	7615
0	13695
29	19842
0	15420
3	8794
9	5509
0	4597
9	9719
11	2257
38	2267
0	2677
0	2493
8	2712
0	2730
0	2180
17	4760
5	274
4	265
9	93
0	101
16	14074
266	177
4	149
0	0
0	32
6	31
21	1485
3	1537
50	1661
1	189
2	984
0	694
0	695
0	604
0	464
0	57
0	462
0	35
0	104
0	35
0	180
0	1
0	685
0	25
0	144
0	705
0	94
0	54
0	615
0	552
0	568
0	47
0	206
0	56
0	9
0	89
0	140
0	111
0	2
0	109
0	583
0	561
0	0
0	0
0	0
0	0
0	4
0	14
0	0
1	55
0	3
0	0
0	2
0	3
6	0
0	0
0	266
0	251
0	19
0	19
0	14
0	15
0	31
0	2
164	61
8	3
1	50
6	44
2	21
0	4
0	0
0	0
17	85
98	2170
0	1903
0	1791
0	1742
3	194
165	1302
11	46
28	8
7	8
0	109
1	91
13	2
86	91
16	3
0	3
0	0
64	56
48	254
142	363
45	71
0	18
29	410
1	441
768	469
19	127
49	567
47	504
1	522
0	374
0	0
62	40
0	0
0	0
0	3
0	0
0	0
0	0
0	3
0	1
0	3
0	2
0	3
28	10
0	3
0	3
0	2
0	0
28	69
1	3
128	118
0	61
2	49
0	0
0	0
0	0
0	0
0	0
0	0
0	0
0	0
0	0
0	0
0	0
4	2
0	0
0	14945
0	10
0	14947
0	814
157	17148
137	3511
3	9755
0	4749
0	0
0	0
0	0
241	2020
0	2029
0	1752
2	374
10	122
18	3
0	22
83	1154
8	54
7	375
0	414
218	4323
23	72
24	4363
108	304
0	290
60	1079
53	881
7	114
18	414
0	10
16	850
0	0
0	0
0	0
0	0
0	0
0	0
0	0
0	0
0	0
0	0
0	0
62	1456
4	358
6	302
11	437
38	451
15	408
1	572
0	1369
1	459
0	9
0	9
0	9
0	9
0	0
0	9
24	42
0	1
0	0
0	1
9	2
0	0
0	0
3	7
0	0
0	0
0	0
2	8
6	457
26	457
0	0
0	124
0	0
0	0
0	41
0	0
0	0
0	41
0	0
0	0
0	0
0	128
0	0
0	0
0	0
0	0
0	0
43	451
7	298
7	254
0	13
8	12
4	96
9	1
7	30
8	30
18	30
0	2
0	2
5	6
0	0
1044	2395
0	20
31	5
0	838
19	1671
123	2275
89	146
0	2399
5	2147
19	2154
6	68
3	0
0	0
132	53
0	3
0	32
21	27
1	18
1	14
3	1444
2	1779
59	562
2	1490
0	1423
44	4
6	935
14	38
0	480
1	5
26	6
3	0
0	11
25	282
0	237
17	189
2	59
15	207
0	62
0	112
0	8
414	12
2	1
345	1343
5	1095
48	225
31	248
0	9976
0	11884
0	3037
0	827
0	11057
0	9810
0	6641
0	6671
0	10262
0	58
0	3995
0	3729
0	3344
0	2852
0	2100
45	67
0	24
0	161
1	166
4	99
8	105
1	22
5	36
4	92
0	142
0	15
0	62
0	28
0	9
0	65
421	413
0	44
0	36
0	19
0	370
1	2
34	330
2	150
0	15
0	8
0	0
0	0
0	0
0	0
0	0
0	0
0	0
0	0
0	0
0	0
1	32
0	1
12	1
3	32
17	249
0	14
0	10
0	20
6	11
0	11
0	11
0	0
0	0
0	0
0	0
13	24
0	0
261	791
32	130
10	748
0	84
11	193
19	553
14	499
10	460
0	538
15	532
0	535
14	136
55	431
8	32
7	17
4	22
8	75
47	101
3	0
6	5
3	3
1	122
2	18
0	5
0	56
1	10
2197	52
2	0
20	3
1	51
0	0
0	0
0	0
0	0
0	0
0	0
0	0
0	0
0	0
0	1
0	1
51	5907
21	4783
21	8
2	24
80	4227
1	95
0	2406
44	1263
10	1690
10	1690
7	2
0	0
0	0
0	0
0	0
0	0
0	0
0	0
0	0
0	0
0	0
0	0
0	0
0	0
0	0
0	0
0	0
0	0
0	0
0	0
0	0
0	0
0	0
0	0
0	0
0	0
0	0
0	0
0	0
0	0
0	0
0	0
0	0
30	33
0	0
0	26
0	26
0	28
0	28
0	26
1	44
0	5
1	14
0	32
0	16
0	0
0	1
0	21
1	2007
7	457
5	7
75	2020
9	1
8	884
7	58
5	38
6	134
7	1642
90	1204
23	1871
8	528
0	242
0	213
2	34
0	0
1	3
0	24
0	265
3	34
3	682
0	447
0	12
20	3
3	211
8	153
2	94
0	5
0	5
0	1
0	0
0	0
3462	1868
33	708
14	604
6	270
3	160
15	254
91	135
108	444
152	909
55	909
23	1790
0	1375
0	1539
24	262
20	422
826	981
15	135
0	14
9	117
0	0
296	1161
6	932
14	55
2	145
0	0
0	0
0	29
0	0
0	753
0	775
0	514
0	317
0	70
11	699
0	928
0	175
33	275
48	799
1	245
48	488
3	806
2	216
0	609
0	190
3	66
0	574
14	797
25	105
0	107
15	934
35	308
0	745
0	641
23	316
14	51
28	105
4	326
5	83
0	1727
0	1813
0	1660
0	1624
0	1572
0	142
0	230
1	139
0	366
5	304
4	130
0	64
0	220
25	284
1	262
0	10
4	154
1	19
4	57
116	193
0	54
0	271
0	0
0	0
0	0
0	0
0	0
0	0
0	0
0	0
0	0
0	0
0	0
0	0
0	0
0	1440
0	1441
0	666
0	1181
0	269
0	451
0	1426
4	0
51	55
0	0
0	0
0	0
0	0
0	0
1	6
0	0
0	0
0	0
0	0
8	19
16	45
0	0
0	0
0	0
0	0
0	0
1	7
0	0
0	0
0	0
0	0
0	116
51	0
0	1
0	0
0	0
0	0
0	0
0	0
0	0
0	0
15	968
0	0
503	0
0	150
4	407
0	412
0	583
0	690
5	57
2	251
0	42
1	191
8	17
0	136
28	106
3	61
0	102
16	98
51	188
1	177
3	6
21	45064
131	947
0	43302
394	11053
108	26257
19	29177
677	36448
2	36246
7	19843
1	8973
0	12014
0	18712
0	14142
0	27171
273	7003
7	13089
2	9017
1	10655
0	13451
21	985
0	2677
0	3802
0	1377
3	4390
0	3392
1	152
0	43467
242	4481
4	157
13	0
0	4416
0	157
10	1226
20	1666
64	581
0	420
89	737
1	101
0	163
30	812
7	574
14	203
0	364
0	30
0	30
1	7
0	20
0	11
0	14
0	11
0	13
3	31
10	3261
0	3463
10	564
1	413
138	441
6	58
2	6
0	5
0	0
3	0
0	5
0	0
0	0
0	0
0	0
0	9
27	33
71	44
41	20
0	48
0	91
9	431
0	449
0	399
14	342
7	43
1	37
1	47
21	384
10	429
3	404
2	345
0	394
22	218
7	11
9	199
48	2183
0	1980
56	1817
41	861
83	119
0	2029
0	1272
6	52
650	3580
22	3321
122	3140
0	1141
21	410
15	40
71	48
1	3
1	0
2	1
0	1
0	0
0	4
0	11
0	0
0	90
0	0
0	0
0	0
0	0
0	0
0	0
0	0
0	0
0	0
0	0
2	83
0	174
0	530
0	905
7	129
28	165
0	883
0	914
0	819
3	10
1	4
7	14
10	9
5	5
271	39
0	3
0	2
1	0
0	0
0	0
0	0
0	13
0	13
0	13
3	0
13	115
19	99
2	0
0	12
0	7
0	4
0	1
0	4
0	365
0	18
0	139
0	411
0	51
0	76
0	24
0	0
0	0
0	24
0	0
0	1769
0	1892
0	568
0	1350
0	922
0	1
0	2
0	2
0	1
0	0
0	0
0	0
0	1
0	1
0	1
0	1
0	0
0	1
0	1
5949	2933
15	2394
28	1416
86	357
0	381
0	5
0	27
4	45
5	13
1	12
0	0
1	0
0	32
1	85
0	22
0	46
0	54
4	47
16	42
0	9
21	3
0	41
0	45
71	7
12	28
1	10
0	7
2	0
0	0
0	0
0	30
61	74
7	43
0	19
6	12
0	1
760	1637
0	946
0	973
0	1379
0	1083
1	77
0	1086
0	884
0	1111
1	9
0	24
0	1056
0	1030
0	207
3	289
0	67
0	154
0	946
0	1136
0	647
0	1124
6	1061
0	1027
0	1081
0	1044
0	832
0	1064
0	970
0	838
0	744
0	973
0	1043
2	494
0	679
0	64
0	841
0	659
0	931
0	959
0	124
1	10
0	83
0	72
0	572
7	43
7	3
0	147
0	456
3	4
8	465
0	869
8	530
0	29
122	214
1	141
12	208
0	336
0	323
0	368
0	295
1	38
1	185
0	0
0	2
2	3
14	334
0	363
0	336
1791	2227
0	197
6	417
3	457
0	250
2	130
4	226
0	510
1	115
6	286
3	292
35	218
116	649
0	268
36	280
4	222
2	145
82	269
0	4698
0	4746
0	227
0	803
0	1988
0	88
0	451
0	40
0	124
0	58
0	549
0	2252
0	145
0	3592
882	165
1	47
13	185
4	70
1	124
3	27
0	16
9	1
4	61
5	219
83	2233
40	2126
157	2147
0	99
0	186
3	56
0	0
0	0
0	0
0	0
0	0
0	0
3	17
0	0
0	0
18	507
3	427
2	242
1	16
0	0
9	0
2	76
14	501
17	897
0	836
0	828
0	845
76	910
0	784
0	245
0	280
0	275
0	240
35	85
5	103
7	77
1	134
0	160
0	170
19	161
0	105
0	76
0	66
12	84
0	27
1	1
5	12
0	829
0	795
0	802
0	648
8	34
444	77
10	46
0	2
0	3
0	0
0	22
0	17
1	20
0	24
94	1
0	2
0	1
162	1097
62	470
9	320
0	23
5	887
6	40
164	232
9	64
5	81
6	153
0	23
0	30
0	45
1	44
39	35
0	44
52	153
99	689
328	665
31	240
0	0
0	5
0	3
0	0
0	0
1	0
0	4
0	6
0	2
0	0
0	0
0	5
0	0
0	0
0	0
0	0
1	0
0	0
0	0
3	1054
0	1054
0	0
0	1
0	1
0	1
0	1
87	5
0	1
0	0
1116	0
1	1
0	1
213	676
0	8
5	363
16	321
3	139
171	517
0	1654
8	1245
4	134
9	1462
13	1449
4	144
30	23
8	44
202	135
6	72
2	135
0	94
47	1612
52	1448
0	154
4	328
3	95
14	1278
0	185
39	248
0	2
0	10
17	11
11	301
12	300
106	5498
23	5985
1	4903
32	6893
155	6044
0	6067
114	4037
1	1265
19	993
18	407
5	19
68	225
3	63
2	60
0	15
1	165
0	523
10	55
0	11
0	8
0	92
0	0
1	3
4	462
0	35
0	56
6	139
143	857
1	238
10	5
14	679
0	0
1	4
0	4
0	0
0	0
5	8
0	6
227	16
1	3
38	47
0	0
0	0
0	0
0	0
0	0
0	0
427	860
4	52
5	12
191	1812
0	517
35	155
1	1029
21	381
16	240
248	510
15	60
1	7
80	767
15	1218
8926	1228
0	118
8	118
0	9
0	9
112	90
0	0
0	25
0	34
0	27
3	25
0	27
0	24
0	21
0	0
0	1
1	2
2	9
1	687
0	132
34	683
0	683
0	683
0	84
0	667
0	110
1	200
12	41
0	138
0	175
0	168
1	52
4	165
0	32
0	89
0	153
2	179
0	116
3	122
0	108
0	61
3	43
0	88
12	137
20	113
0	30
0	123
12	766
0	9
9	154
32	764
44	763
3	399
102	121
8	56
9	22
1	419
2	394
1	4
3	5
0	21
1	0
0	9
13	10
0	0
7	661
98	1188
11	1185
4	500
0	661
2	835
0	1187
1979	373
5	381
0	0
0	0
4	1400
0	1152
383	1142
0	1393
25	1147
1	1140
1591	2137
23	2099
3	661
11	660
16	408
20	35
3	36
2	29
13	36
8	35
0	15
0	694
11	837
4	627
29	171
0	429
3	567
0	332
0	128
12	117
9	17
1	97
0	8
0	336
4	664
1644	1021
40	23
32	5
6	151
15	225
3	148
0	100
8	93
52	599
17	599
0	596
0	718
0	596
456	1001
32	753
2	359
0	211
21	254
0	0
15	47
35	65
6	1730
5	11
0	1730
586	1659
19	1700
2	49
1	6
4	127
0	92
1	73
46	7
0	0
0	0
0	0
0	0
0	0
0	2
0	0
0	0
0	0
0	0
0	0
1	746
111	1038
0	197
0	891
12	33
0	118
3	218
0	159
3	345
0	2002
1	1124
0	841
3	4826
9	649
0	3077
0	3727
245	2605
378	2701
0	1356
26	337
10	488
5	302
4	3747
0	48
2	906
0	0
519	1764
11	1143
37	17
28	897
65	471
2	181
3	571
51	832
15	645
9	88
7	6
1	133
0	303
0	59
0	148
5	125
2	15
1	137
3	9
2	14
0	0
0	0
2	58
655	515
2	464
13	146
1	265
0	92
22	1
23	996
0	1928
16	2313
1	3893
20	1171
19	12
34	4426
61	4312
9	2874
0	4591
21	4591
9	3419
49	2958
1	490
37	723
2	809
115	4645
0	700
2	177
2	145
3	173
0	156
1	110
6	97
50	130
2	43
4	28
0	8
1	5
0	21
7	10
4	24
0	4
3	5
2	2
368	13
0	106
0	2585
126	835
16	501
0	54
0	54
10	3
2	76
11	139
1	13
4	11
160	2632
12	903
3	2243
8	1637
29	675
4	1328
2	1419
2	1446
49	924
0	725
48	626
7	139
29	9
12	10
18	10
344	642
5	669
12	370
22	45
34	118
0	18
0	0
0	0
18	5
2	3
8	14
1	12
4	27
1	442
11	0
0	32
0	32
0	0
1	13
0	0
11	4
78	28
0	0
0	0
0	0
0	0
0	0
5	498
0	91
2	381
0	476
94	383
1	265
5	273
30	313
0	165
0	249
0	17
0	41
0	15
0	314
5	480
0	30
16	212
138	31
0	79
0	51
4	409
14	53
2	130
0	15
103	170
0	0
0	0
0	0
0	0
0	0
0	0
0	0
0	0
0	0
0	53
0	12
0	12
0	12
0	7
0	7
0	0
0	0
0	0
0	0
0	0
0	0
0	25
0	0
0	0
0	74
0	71
17	2454
18	378
88	237
17	646
530	94
1	306
172	81
113	463
11	78
27	44
2	228
60	262
0	11
75	109
1	100
22	29
0	0
0	9
9	21
6	4
1	0
0	13
4	5
0	6
18	87
3	6
62	61
0	73
5	23
0	5
0	109
0	3
0	30
0	114
1	102
0	100
0	0
0	0
0	0
0	0
0	0
0	0
0	0
25	369
1	374
0	86
0	82
0	64
0	43
7	33
0	390
0	400
0	404
4	2
0	0
0	0
0	0
0	0
0	0
0	0
0	0
15	908
121	907
4	106
16	22
88	900
174	515
0	465
1	0
16	2068
4	1847
3	178
18	430
9	12
0	256
2	217
1	131
18	399
0	522
0	202
5	380
10	143
13	283
0	0
34	44
0	37
0	0
0	10
0	2303
90	168
13	2182
0	2217
14	11
0	2030
45	1691
1	2176
3	53
4	124
6	64
0	967
22	985
0	265
9	264
19	361
2	14
10	2
1	0
1	196
0	1
0	0
0	1
0	134
14	442
15	2165
14	2253
0	204
1	73
22	2007
0	304
0	91
7	361
29	1334
3	81
0	200
2	518
1	2
0	0
0	0
41	82
1	29
4	13
0	35
18	4648
66	4032
1	1421
15	1139
0	4290
23	9197
0	4781
3	2636
0	5804
64	18
1	4777
58	7206
77	86
0	9186
0	0
0	0
0	0
0	4
0	17
0	18
1	1
0	7
0	19
1	4461
20	4680
0	5045
23	250
0	4366
0	4589
0	4084
1	3612
4	3902
16	3214
90	0
45	1158
26	223
4	807
17	298
0	48
0	133
0	291
0	277
3	10
18	399
0	34
19	43
0	9
37	24
1	223
14	0
51	0
0	9
5	8
7	222
18	126
0	110
1	110
3	15
227	1025
0	974
11	301
24	278
15	154
3	154
1	120
10	0
223	16494
131	16083
350	16154
68	7734
0	10160
4	475
1	320
1	274
7	100
1	657
29	34
4	663
22	1702
10	1494
15	666
17	180
5	1910
3	87
8	40
0	100
4	132
0	12
9	1823
19	139
5	953
13	2084
0	2051
5	705
0	1390
15	1142
1	1102
2	970
0	453
1	251
1	423
42	369
9	103
1	133
5	156
1	78
3	21
0	17
3	18
13	1
13	14
0	1
1	14427
4102	1213
6	135
196	1148
50	85
3	54
20	13
0	0
0	0
0	66
0	65
4199	13
54	98
0	3
16	21
0	28
0	1
11	23
0	0
0	3
0	44
0	2
0	0
0	2
0	2
29	26
0	19
0	5
0	5
0	4
1	2
0	0
1	28
0	1
0	44
1070	3255
1813	3255
6	21
12	515
0	6
694	509
0	0
1	14
0	0
0	0
0	0
2	3
41	642
47	1332
240	1332
16	1689
25	2222
2	1307
4	1446
17	403
2	713
3	242
52	48
2	575
3	786
3	121
0	113
0	115
0	33
2	182
22	162
8	374
1	337
0	40
5	9
89	280
65	211
0	180
344	116
42	67
5	70
0	29
22	28
1	22
0	0
0	0
4	0
0	0
0	16
19	80
0	3
144	110
3	29
0	15
0	5
0	0
0	0
0	0
0	0
0	0
0	0
0	0
0	0
0	0
1	7
0	0
0	1
0	1
0	0
5	0
0	132
0	132
0	132
0	132
0	132
0	132
0	132
0	123
0	138
0	141
0	27
0	119
1	103
0	100
0	30
0	83
0	89
0	79
1	0
0	45
1	42
0	31
0	3
0	9
0	9
0	12
0	1
5	11
0	12
0	10
3	1
0	5
0	2
0	1
0	0
121	36
0	0
0	0
0	0
1	9
0	8
0	8
0	9
7	8
0	0
0	0
3	31
4	0
1	146
6	132
105	184
0	14
0	9
4	5
8	0
9	2
58	180
0	4
1	8
0	47
250	1882
7	459
2	579
26	1878
47	68
336	992
0	1032
0	61
5	3
320	2
16	0
14	2
0	0
0	0
0	0
0	0
0	0
0	0
0	0
0	0
0	0
0	0
0	0
0	0
0	0
0	0
0	0
143	4849
77	4836
18	552
0	181
6	269
1	317
20	94
0	780
8	723
46	1
0	0
0	0
0	0
6940	278
2	13
6	717
157	686
71	368
5	242
0	366
348	1819
4	1107
0	1490
11	797
30	1144
12	488
15	84
32	232
25	298
173	261
3	97
4	13
1	8
9	20
0	8
0	7
0	8
0	81
1	2
5	4
0	19
0	3
0	1
0	1
0	0
0	3
1	3
16	65
0	3
0	0
104	414
505	397
8	104
57	826
74	162
2	859
0	141
10	0
4	3
2	713
0	189
0	668
0	638
0	657
1	4
6	4
0	4
0	0
1	98
6	339
1	310
9	340
1	27
0	62
0	23
2	24
2	19
17	18
0	34
0	0
0	0
19	17
0	180
29	90
11	753
0	581
50	29
27	204
10	8
18	284
27	19
0	92
92	714
20	546
37	2034
1	1697
0	267
11	154
3	412
1	223
1	2
46	157
32	295
71	208
187	6021
9	5240
14	0
2	5093
7	130
10	5192
0	1304
0	111
0	34
0	372
0	42
0	63
0	96
0	42
0	121
0	44
0	312
0	350
0	482
0	29
10	37
0	0
0	0
0	0
0	0
3	16
0	0
0	0
0	0
0	0
0	0
0	0
0	13
0	0
0	0
0	0
19	9
0	1
0	0
1	1
0	0
2	4
0	0
0	0
0	0
0	0
0	1
0	0
0	1
1	0
4	0
0	0
0	0
0	0
1	0
0	0
0	0
0	0
0	0
0	0
0	0
1	0
0	0
18	193
0	388
8	78
0	68
0	12
3	200
0	190
137	227
0	231
0	215
0	281
2	1084
2	552
0	448
0	121
16	30
0	571
2	133
2	148
9	431
34	489
2	189
0	19
48	244
0	5
0	1
0	0
0	0
1	0
0	0
0	6
0	5
0	0
0	0
0	10
0	0
0	0
0	0
0	0
0	0
0	0
0	0
0	0
0	0
0	0
0	0
0	0
0	0
0	0
17	11
1	193
10	430
18	4
36	197
3	495
10	473
3	144
1	38
49	33
2	74
13	51
20	82
0	0
14	1050
0	230
0	71
4	35
0	31
1	151
0	193
4	838
11	96
2	374
1	27
12	30
8	88
4	143
0	155
3	401
0	164
0	241
0	658
11	391
2	5
8	31
8	96
0	70
2	46
14	8
16	331
0	443
0	838
0	0
0	0
0	0
0	0
4	305
0	686
0	730
10	20
0	0
0	0
56	68
0	56
0	68
2	68
12	29
45	275
9	299
0	79
0	20
0	26
3	181
7	270
930	703
10	587
72	1
0	0
4	2
4	2
1	1
12	597
810	664
9	593
3	170
291	5692
46	5217
19	4985
12	4767
18	1643
2	939
8	1715
5	201
1	285
0	219
22	52
0	812
0	774
0	631
0	608
0	514
0	1155
0	19
9	8722
25	3721
30	29312
1	11319
35	1050
1	18873
6	23
0	238
14	27485
30	26699
39	20855
0	18798
0	16314
1	23558
10	18211
0	16856
0	20659
1	18086
7	7537
129	3807
5	20192
13	12956
4	3558
1	14355
5	7667
1	947
0	5586
56	3789
0	3028
47	1346
2	3149
0	1
0	1
0	1
0	1
0	0
7	149
3	216
51	161
2811	726
13	515
37	474
64	25
572	0
0	902
0	6399
0	6901
0	4188
15	34
0	0
0	0
0	0
0	0
0	0
0	0
0	0
0	36
0	0
0	0
0	0
0	0
0	0
0	0
0	0
0	0
0	0
0	0
0	0
15	3
0	0
0	0
0	0
16	144
40	3748
11	742
0	315
0	3098
1	75
41	334
58	47
3	474
4	179
4	9
0	3667
23	90
22	183
26	169
23	165
0	14
0	2247
0	1
0	2
0	0
0	3
7	2245
0	0
0	0
1	9
0	0
0	0
2	10641
0	10669
11	10641
25	10533
0	10669
0	9600
0	9984
2	10432
5	10432
0	10449
92	9623
3	9976
2	8028
18	1755
0	579
0	242
15	137
11	3223
2	2400
47	1938
0	57
4	135
0	23
0	0
9	609
0	78
6	3
0	100
4	21
16	12
27	26
5	35
10	76
0	43
0	9
0	50
17	29
0	82
0	534
24	3642
26	3522
0	3531
0	104
6	58
6	495
26	1465
53	298
117	139
365	145
50	669
0	881
0	751
32	526
114	184
1	161
15	113
51	44
2	3
0	2
0	0
0	0
0	3
2	79
1	1
2	4
0	55
0	4
0	2
0	4
6	79
0	8
1	46
9	2
3	7
6	29
0	74
135	467
6	13
42	145
60	87
0	322
379	664
3	663
2	24
0	69
2	71
58	60
0	32
7	17
2	23
0	22
107	290
2	201
0	0
0	0
0	11
0	5
0	1
1	3
0	5
151	2297
0	39
3	286
7	25
0	48
10	36
25	1843
0	1846
10	1414
0	932
19	112
0	26
1	776
19	0
1	2024
2	470
47	905
117	661
0	745
114	1530
8	1294
0	2031
5	143
4	27
7	2050
16	15
0	6
0	14
0	1
0	2
19	456
1	406
0	221
12	121
2	95
1	80
6	63
0	56
0	28
37	2
0	12
0	92
0	11
0	91
147	1880
27	3
0	1072
9	13
11	61
1	1740
0	1844
0	963
4	3
0	75
0	18
18	65
0	88
4	81
10	14
4	0
168	258
0	242
0	219
6	1
0	142
0	51
2	295
0	219
1	1395
1	1396
28	1304
0	1467
3	750
294	818
16	136
10	169
0	104
0	3
0	322
2	181
0	91
0	100
9	11
0	12
0	1467
0	0
0	0
0	0
0	0
243	2
0	2
0	2
0	0
0	0
1	6
3	6
0	2
0	1
1	0
6	26
0	53
2	25
0	35
1	27
5	26
6	10
1037	182
0	0
0	0
0	0
0	0
1	120
0	43
15	12
252	142
0	37
50	91
31	72
479	6768
1	1801
0	5626
0	826
0	983
0	1205
1	732
0	664
0	23
3	510
0	443
11	446
0	19
81	244
1	4
0	2
1	6
0	6
0	0
0	0
0	19
0	19
0	0
0	1
2	0
4	9
0	5
1373	573
14	23
19	21
0	104
1	76
19	71
8	51
0	470
0	160
0	221
0	160
218	2058
4	296
4	383
8	99
114	1683
0	0
3	66
0	67
0	0
3	7
4	4
2	3
0	10131
8	6881
250	6536
0	8353
0	8581
0	8439
66	6058
2	3951
0	3573
0	2297
0	279
21	487
23	2342
0	1571
33	375
31	0
1	1048
3	680
2	614
7	1725
0	0
0	0
10	8574
71	1762
296	10476
11831	10477
647	69
15	47
10	0
0	0
46	85
0	0
0	0
0	7
0	5
0	2
0	2
0	1
0	0
0	2
0	3
0	25
0	1
0	1
0	0
0	24
3	87
20	101
23	54
0	0
0	0
0	0
0	0
0	0
0	11
2529	1192
0	325
24	264
0	172
1	399
1	230
0	228
3	119
13	9
0	9
33	7
0	4
0	5
0	0
0	2
0	0
0	0
0	0
196	370
0	370
0	0
0	47
15	2308
85	1807
19	2858
46	1621
0	345
0	494
0	228
32	2337
0	387
67	434
20	228
0	3
1	12
0	159
1	90
1	82
0	12
1	15
8	137
1	50
0	0
0	0
0	7
9	1
2	34
4	66
3	71
0	161
24	934
171	1215
5	239
10	61
0	871
0	0
0	34
4	326
0	81
5	519
0	57
3	323
7	42
0	71
18	520
3	161
5	1251
0	107
0	1087
48	1251
9	882
34	881
8	163
86	119
0	1
1	2
0	2
6	3
0	1
0	2
0	2
9	0
2	6
0	18
0	18
0	15
0	69
1	4
4	13
0	88
0	78
1	1
0	80
0	2
0	73
24	22
0	4
3	181
2	18
2	91
0	721
3	725
0	2
0	0
0	15
18	20
2	20
0	0
0	0
0	1
1	0
0	1
0	0
0	1
0	1
0	0
0	0
0	0
0	0
0	0
0	0
0	0
0	0
0	0
0	0
0	0
0	0
0	1
0	6
0	0
0	0
0	1
0	0
18	917
242	5174
33	5697
0	1388
5793	8259
1	0
0	33
24	33
0	173
42	402
98	419
6	126
125	6560
31	4775
0	6478
16	6
0	0
0	1955
0	5100
12	168
20	1312
15	19
7	0
7	1502
1	1750
0	3456
2	2
0	4673
3	2472
0	4118
0	3763
179	5201
18	4173
33	2362
42	157
33	1230
6	10
480	1113
4	60
80	1061
10	25
57	2056
18	2277
3	2197
169	1061
1	2046
23	119
6	59
0	5
1	176
20	1
6	39
23	1040
6	31
4	24
62	123
28	14
2	134
17	143
5	261
6	2061
0	2227
15	1800
328	2075
0	433
132	2
56	68
9	346
54	37
50	51
2	587
1	19
29	1044
12	627
44	919
21	161
26	614
15	346
31	296
7	140
0	212
48	134
6	1381
24	1374
1	196
82	1018
22	48
4	102
15	70
43	125
15	57
9	52
4	298
0	61
58	114
1	109
2	92
11	65
3	56
10	34
9	0
2	38
43	222
1	2311
63	2473
45	359
2	83
0	132
23	64
4	19
19	100
0	15
16	66
1	15
3	6
3	8
2	0
26	0
0	0
1	0
0	0
0	0
0	0
0	0
0	0
0	0
2	0
0	0
3	58
2	51
0	219
1	11
0	10
6	7
3	226
0	0
20	74
22	128
13	179
0	111
6	0
15	134
2	66
1	0
0	0
1	3221
0	2181
0	572
0	449
0	21
13	316
6	3105
0	0
0	0
0	0
0	0
57	3276
66	3424
0	956
0	319
10	288
11	818
70	48
0	0
0	0
0	0
0	0
0	0
0	0
0	0
0	0
0	0
0	0
0	0
0	0
0	0
0	0
1	2
0	2
0	0
19	2456
0	274
0	455
70	1752
0	960
0	903
4	338
0	365
0	354
0	1549
0	0
12	0
0	0
0	0
0	0
0	0
0	0
0	0
0	0
0	19
0	0
0	0
0	0
0	0
0	0
0	0
0	0
0	0
0	0
0	19
2189	87
29	87
0	1148
103	1209
38	1194
30	584
7	60
1745	47
259	22586
17	188
66	1168
7	31
1	190
137	644
22	197
4	197
3	97
29	23
132	1121
120	10
3	85
0	209
181	648
1	136
4	28
71	353
1	13
47	136
22	101
1	20
8	3
40	19
775	905
44	1
19	302
14	60
5	38
4	5
1	83
8	270
0	142
25	610
0	277
0	15
4	301
0	30
5	1
0	30
1	393
0	66
21	642
0	0
0	0
0	0
0	0
17	3716
25	356
257	1913
0	3715
0	0
0	0
110	4365
0	1067
13	1176
2	44
6	7
23	3354
2	1318
10	78
0	107
3	28
13	86
0	51
25	1969
1216	2989
61	2341
21	15
1	94
1	947
469	301
0	11
0	67
48	263
47	181
0	361
0	361
0	342
92	102
0	326
12	39
0	0
1	5
3	0
0	6
1	0
2	0
0	4
3	5
0	3
0	0
0	3
0	0
0	1
0	19
0	19
0	19
0	0
0	0
0	0
0	0
0	0
0	19
0	341
0	2909
25	147
0	130
1	3031
0	2765
18	91
1	106
0	466
0	4448
0	74
9	269
2	32
0	435
0	126
0	358
0	460
12	824
0	4035
0	3657
0	553
3	58
0	519
13	75
1	483
0	2651
1	26
0	121
0	3697
0	2072
33	107
44	315
5	15
0	980
10	1159
181	742
21	670
1	0
0	0
0	0
0	0
0	70
0	70
0	0
0	0
2	25
0	1
1	1594
0	0
0	0
0	0
1	18
0	0
0	50
16	88
0	45
1	45
0	35
0	28
0	29
1	24
13	17
0	3
4	1
0	3
0	50
0	74
0	12
0	13
0	8
9	0
2	78
2	30
0	0
0	0
0	28
0	0
0	0
0	0
0	4
2	14
2	4
5	2
1	3
18	116
0	1
0	0
0	0
0	3
0	0
0	0
0	0
0	0
0	0
1097	2154
1	323
2	1298
6	857
70	4
18	2
35	748
0	0
0	0
0	13982
4	2661
7	14106
27	367
159	4556
14	3037
65	6273
0	2574
15	224
43	312
0	15381
0	21050
15	3496
9	13683
38	556
0	224
6	20396
9	6
16	3
41	14
0	22685
1	137
0	1797
0	2583
0	19589
0	1
0	1
17	17
4	0
0	10
0	10
0	10
0	0
0	0
5	19
0	0
4	1538
0	723
0	1650
12	7
1	230
2	20
21	1
1	17
48	1544
0	1538
24	6
13	57
3	268
0	299
8	4
0	30
3	18
0	271
0	241
0	257
2	90
0	46
0	0
15	374
1	41
10	77
155	423
19	2
0	0
0	2
490	15868
98	15868
309	15115
0	2287
0	2220
11	15538
8	15921
0	0
0	0
0	0
0	0
192	3241
0	358
1	1003
0	10
226	439
1	240
6	235
4	89
6	117
12	104
0	77
437	2021
1	1290
1165	2111
0	2119
2	45
0	309
4	124
0	350
0	364
0	376
3	378
6	402
1	2
238	180
16	132
10	5
102	43
2	51
21	9
13	35
0	3
0	7
0	41
0	1
3991	1000
4	293
35	18
8	713
3	1
0	0
0	0
0	1
0	0
0	1
0	0
0	3514
2	2478
0	1415
45	611
4	1069
7	155
4	628
22	578
44	20
53	3
5	141
1	146
0	1227
0	1016
0	913
0	851
19	36
9	57
0	75
4	1264
0	3379
0	1
0	0
0	30
0	0
0	0
0	0
0	0
0	0
0	0
0	0
0	0
0	0
0	0
0	0
0	0
0	0
0	0
0	0
0	0
0	0
0	0
0	2
0	2
0	2
0	2
0	2
0	2
0	0
0	11
0	27
26	503
8	42
0	474
1	461
0	450
1	35
1	11
1	9
1	22
0	213
1	50
310	434
0	405
2	11
8	376
0	106
0	0
0	0
0	0
0	0
0	0
0	0
0	0
9	924
5	79
0	187
3	497
3	1051
0	313
0	185
8	654
39	187
1	46
35	143
13	177
8	23
0	0
0	0
0	0
0	0
0	0
0	0
0	0
323	1464
0	1059
0	187
0	1470
0	0
36	316
4	312
0	232
64	131
2	11
0	0
0	0
0	0
0	0
3	0
0	190
0	150
0	147
1	117
0	81
1	48
1	65
15	1
0	0
0	0
0	0
31	428
0	266
3	85
0	245
10	228
13	16
9	1
8	3
37	1
57	2103
17	301
15	1252
31	80
72	72
15	311
12	3
5	39
0	108
0	2748
32	4335
9	905
12	930
0	698
17	80
0	0
1	12
2	18
2	12
4	1
0	0
0	0
1	0
0	0
0	0
0	1635
0	286
0	853
0	834
0	251
0	518
0	29
0	86
0	281
5	12
1	10
2	8
881	5370
163	4593
1	5530
2	143
19	266
3	195
8	133
16	38
24	368
34	2068
4	168
7	924
27	268
9	212
0	193
34	186
1	90
0	90
0	90
0	0
0	0
0	0
5	22
0	0
41	192
6	153
5	10
22	28
9	137
1	200
60	475
66	1235
7	160
0	1337
80	1053
1	1186
26	24
0	0
1	0
0	0
0	0
0	42
0	0
0	0
0	0
0	0
0	0
0	0
0	0
0	0
0	0
0	0
0	0
0	0
0	0
0	0
0	0
0	0
0	0
0	0
2	56
3	66
0	232
35	352
31	58
8	234
0	266
62	227
2	31
15	67
0	8
0	8
0	8
0	8
0	1
0	1
0	0
0	0
0	0
0	0
0	0
0	0
493	147
14	147
1	4
0	15
0	0
11	535
24	3423
1	872
29	3231
16	520
3	830
5	851
24	345
3	147
5	726
6	656
5	495
0	718
18	25
14	82
2	185
0	537
99	197
0	1
0	3
0	3
0	2
0	0
0	1
0	2
4	3
0	3
12	38
0	2
0	1
0	14
0	1
0	3
0	0
0	1
0	2
0	0
0	0
0	0
0	0
0	0
4	0
0	0
0	0
1	0
0	0
0	0
0	0
0	0
0	0
0	0
0	0
0	0
0	0
0	82
0	24
0	0
0	2
72	54
0	82
14964	401
0	3
17	19
22	18
0	2
0	0
0	0
38	165
1	6
0	19
6	19
0	6
0	33
0	160
1	2682
10	3026
6	215
39	2308
2	2680
0	2937
1	2944
1	257
10	1857
2	136
0	2063
4	22
0	238
73	149
1	1142
5	48
39	19
2	283
4	638
222	532
0	561
4	2
3	76
4	0
0	3000
14	865
61	38
2	808
196	112
5	126
9	108
5	106
3	196
390	44
0	71
12	26
1	665
8	87
35	220
30	30
2	5
1	1
52	157
0	72
1	37
0	29
413	3
128	3
35	2435
32	1653
1	1923
2	1712
14	2181
18	194
190	59
5	319
27	170
96	956
10	51
13	17
1	182
0	95
44	285
1	61
0	182
0	254
1	68
29	335
2	0
0	0
0	0
0	0
0	724
0	669
0	2298
0	2173
0	312
0	258
0	137
0	135
0	100
0	134
0	0
11	0
0	0
0	0
0	0
0	68
0	318
47	374
0	355
17	361
14	5
10	267
0	4
28	413
9537	4595
41	2441
15	949
4	40
35	8
0	995
1	762
1	786
5	388
55	785
0	1
844	638
3	502
98	59
4	166
1	47
0	75
288	1884
0	1378
1	1702
22	533
44	653
60	638
0	512
0	214
0	49
0	140
11	20
0	3
1	16
1	0
0	0
0	0
0	0
0	0
0	0
0	0
0	0
0	0
0	17
0	0
0	0
0	0
19	4
4	2
8	0
3	2
0	0
0	2
0	4
0	0
0	0
0	0
0	0
0	0
0	0
0	0
0	0
0	0
0	0
0	0
0	0
0	0
0	0
0	0
0	0
101	19
11	19
1827	8426
6	8426
569	3225
4	727
0	333
13	2809
14	316
0	0
8	10
4	382
0	62
4	224
0	227
0	328
0	347
0	318
5	50
1	84
29	5
26	14
43	14
1	4943
0	109
58	3314
0	3429
0	3721
42	122
1	244
73	99
9	237
1	1858
0	1673
7	26
38	181
24	124
5	13
2	165
1	114
0	229
0	10
4	21
0	28
5	4848
0	40
0	54
0	36
0	0
0	40
1	98
6	20
1	87
0	10
0	8
0	2
1	59
0	8
0	35
2	108
2	85
0	97
4	4
3	7
0	0
0	8
20	109
0	83
0	0
0	0
4	0
0	0
0	0
591	411
0	210
7	223
10	18
8	12
2	21
8	0
0	13
0	12
0	12
0	13
0	9
4	582
4340	2016
14	123
6	111
33	9
12	1000
91	1082
10	716
0	999
0	857
30	88
26	58
0	0
0	11
0	4
0	0
0	90
0	0
0	0
0	0
0	0
0	0
0	0
0	0
0	0
0	0
0	0
8	59
0	59
0	50
2	52
0	0
0	0
50	9
0	38
0	1
0	0
0	1
0	1
0	1
0	1
0	6
0	0
0	0
0	1
28	610
2	518
10	5
0	126
0	12
9	617
31	465
52	465
11	89
1	61
1	0
6	90
0	51
0	12
0	2
0	9
0	3
0	5
11	19
0	20
20	15
2	1
2	13
5	26
30	799
101	158
9	707
17	31
0	781
0	33
5	21
0	43
0	22
0	18
26	50
0	50
0	1
0	0
4	55
0	1
3	0
6	34
0	14
0	14
0	0
0	0
0	0
0	277
41	182
0	180
4	174
8	0
3	10
6	23
0	16
5	35
0	2
4	2
8	276
14	9
14	502
12	1522
3	192
0	1609
2	1597
513	3738
80	1739
179	389
0	3486
2	12078
2	1661
48	16112
2	7035
3	238
0	159
2	4014
0	31335
9	16093
4	9593
490	305
2	305
0	271
11	6
3	48
1180	216
5	33
3	6
0	1
2	5
0	1
0	1
0	1
0	0
0	1
0	6
100	0
4	3
0	3
2010	7709
24	813
22	247
2	635
5	738
275	5939
24	3124
0	3118
58	3195
0	1017
0	719
2	32
26	273
4	79
1	1
0	0
0	1
0	0
0	0
0	0
0	0
0	0
2	3
0	0
0	0
0	0
30	2
0	0
0	2
0	0
0	0
0	0
0	0
0	0
0	0
0	1388
48	1314
2	208
0	277
1	224
10	161
0	0
0	0
0	0
0	0
0	8
0	11
7	28
0	27
0	1
0	58
93	1200
1	1179
36	1056
15	3
0	274
0	102
22	7
264	680
35	544
9	122
9	106
670	559
1	60
0	169
7	54
10	4
4	92
4	87
0	18
2	0
2	94
4	60
19	21
0	293
1	242
4	175
0	311
0	203
0	355
3	75
1	93
2	13
0	59
0	65
47	193
19	0
7	8
1	12
2786	35941
1	33092
189	19673
10	996
165	691
272	0
2	1076
74	4114
76	1220
199	1933
42	4360
49	1379
121	2477
0	7726
0	44
0	414
1	325
15	934
0	289
1	857
0	323
1	50
0	544
0	368
5	36
1	42
0	885
0	798
0	801
0	881
0	785
0	0
0	0
1303	1
464	397
0	310
2	280
2	286
5	315
2	336
0	311
1	2
0	299
0	84
212	505
0	498
0	0
0	368
0	472
0	409
0	76
0	170
61	74
746	301
0	3
0	3
2	6
17	42
0	180
0	50
1	6
1	182
4	132
0	35
6	0
2	27
2	47
0	15
6	16
0	16
0	8
0	216
0	113
0	0
0	219
0	0
0	0
0	0
6	0
20	229
2	150
4	3
0	5
0	199
1	8
0	12
0	13
0	14
1	162
0	5
0	69
0	1
0	43
0	284
66	506
8	507
55	21
1	3
449	252
27	32
65	112
480	192
0	209
0	84
6	190
1	74
23	92
6	5
14	65
0	3
0	0
153	643
1	2
8	1
3	0
715	629
66	51
0	51
27	94
2	100
0	100
1	87
14	33
0	0
0	1
0	0
0	0
0	0
0	0
0	0
0	0
2	0
0	0
0	0
152	516
54	516
0	0
0	0
6	166
0	123
0	25
0	69
65	1112
0	105
0	25
0	38
0	63
10	184
12	1724
0	1748
1	123
0	1676
1	58
5	56
41	59
0	29
2	114
0	285
1	68
3	0
5	55
0	0
0	0
8	3
0	0
0	0
0	0
0	0
0	0
0	0
0	0
0	3
0	0
0	0
71	1993
0	1
4	1850
0	992
7	1760
39	27
22	63
26	1634
166	1485
6	58
23	112
0	545
1	50
0	2
2	187
0	13
30	169
6	4
23	571
19	72
7	429
1	0
0	0
0	0
23	3
25	1463
32	1794
0	1429
3	280
1	42
19	214
4	37
2	1295
7	218
79	888
9	2
1	247
9	7
0	206
3	608
0	532
1452	1128
29	1126
102	2717
0	2717
8	1695
0	593
4	26
0	733
43	1660
0	1550
3	377
0	1156
0	1244
0	1329
0	1083
0	1282
0	887
0	683
0	1127
0	1452
10	575
0	1124
1	991
0	843
0	391
96	704
0	768
0	268
0	887
0	917
0	1015
0	617
0	702
0	501
0	569
0	314
0	273
0	369
3	380
0	640
0	795
0	401
0	647
0	144
75	609
0	545
0	24
0	413
0	157
0	530
2	52
0	551
0	115
1	2
0	224
0	136
0	406
0	23
14	225
3	341
1	118
17	67
0	18
0	1
1	9
0	48
0	1
0	9
0	9
0	578
0	1065
1	906
17	931
49	387
5	99
33	71
1	44
4	34
2	25
74	980
0	549
0	0
0	971
27	67
1	2
8	61
3	10
12	21
0	5
26	11
77	9
7	0
43	28
2	0
0	0
0	0
0	0
1	0
0	0
0	0
2	0
0	1
0	1
0	0
0	0
0	0
0	25
3	20
0	5
0	1
0	26
0	0
0	19
0	2
1	25
5	45
0	1528
0	2108
0	164
0	279
0	1691
0	196
0	76
0	255
0	1244
0	29
0	115
0	70
0	606
0	50
0	0
0	0
0	0
0	0
0	0
0	0
0	0
0	0
0	0
1	0
0	12
0	0
2	0
0	703
0	599
0	19
0	12
0	14
0	35
7	6
0	43
0	13
0	4
0	466
0	0
0	0
0	0
1	0
1	0
0	3
0	0
0	0
0	0
1	10
9	14
0	15
0	0
0	3
0	3
32	12
0	0
0	501
0	146
0	179
0	664
0	216
12	2535
1940	3447
69	2409
164	2503
0	430
45	997
192	1023
0	927
0	108
0	169
0	108
79	92
0	86
0	73
101	33
10	36
0	0
0	0
0	0
0	0
0	4
0	3
0	0
0	2
2	0
0	0
0	0
62	4602
7	4317
35	4195
115	3531
97	3482
74	1145
0	1577
23	962
7	1433
0	1404
0	762
6	374
9	691
5	672
1	640
0	568
0	245
0	363
0	184
33	103
0	182
0	478
0	126
12	141
0	477
0	10
1	312
0	206
1	212
0	191
18	165
1	4544
0	3920
1502	1291
2	239
0	122
1	1023
0	929
1	430
55	338
96	444
6	546
30	9
84	2876
4	511
0	641
0	558
7	38
1	2459
2	2402
9	414
1	449
2	375
0	345
14	15
0	19
0	14
0	41
0	19
0	29
1	60
0	345
0	50
2	30
0	9
2	4
1	0
2	62
1	20
0	2
2	313
0	0
0	0
0	0
0	72
30	133
0	36
0	0
11	4
6	167
0	71
0	0
0	389
0	394
0	364
0	360
0	373
0	101
0	128
0	122
0	32
0	56
2	0
0	0
0	0
0	0
0	0
0	0
196	66
0	28
2	25
0	18
0	144
0	18
0	922
0	1350
0	1892
0	1771
53	1338
0	568
0	1501
0	3542
0	1121
6	2632
4	2491
0	193
0	0
14	12
0	5
0	5
2	1
234	0
0	29
2	37
9	73
0	47
0	118
0	218
0	49
0	1607
6	1802
26	1688
2	50
0	48
0	37
2	347
0	1771
22	62
0	61
0	46
4	190
3	84
0	140
3	154
0	2
0	128
0	9
0	1719
0	125
0	40
0	51
0	71
2	80
0	1737
0	111
0	1784
0	167
0	146
0	41
0	47
0	35
0	13
1	137
2	31
2	22
1	25
1	79
0	57
0	91
3	14
0	30
0	41
0	43
0	20
0	10
0	1030
0	18
0	26
0	16
0	41
34	1
0	1764
0	40
3	110
0	73
1	125
2	38
1	154
1	113
0	91
2	11
7	186
0	65
0	89
2	84
4	113
37	4
0	68
0	1650
166	850
5	355
4	76
45	685
0	34
0	18
13	488
48	273
5	90
6	63
6	28
1	15
169	914
0	826
5	452
4	308
2	529
0	351
2	108
2	24
22	145
23	2
0	0
3	12
0	14
0	2
0	1
37	178
0	113
0	2
0	6
0	4
0	2
0	35
0	1
0	0
0	5
0	1
0	3
0	2
0	3
0	0
0	9
11	50
0	59
0	48
0	61
0	136
0	2
0	47
0	51
0	45
4	39
0	3
0	1
0	39
11	35
0	0
0	1
0	2
0	2
0	3
0	10
0	1
0	37
1	0
3	6
3	19
4	0
0	3
1	88
0	1
3	46
6	2
1	2
23	229
4	225
4	12
0	18
2	11
1	0
0	5
19	9
0	1
7	6
1	1205
21	73
0	199
53	117
0	200
10	199
0	81
0	529
0	1192
12	67
4	40
0	1004
128	761
17	635
0	666
5	579
8	65
139	506
15	69
4	261
3	212
12	12
27	227
2	139
2	108
40	137
6	868
20221	2808
11	2
61	661
6	1294
6	648
895	335
2	240
13	6
17	70
39	28
0	1019
0	1407
0	855
0	264
0	738
0	901
0	1183
0	1014
0	1015
0	424
0	678
0	750
0	0
0	3
0	0
0	0
0	3
1193	130
9	94
0	92
0	14
1477	16
0	33
55	105
0	34
771	630
18	35
0	575
0	614
0	630
35	484
68	23
12	18
6	366
30	394
0	38
3	7
0	284
40	383
676	0
0	0
0	21
0	21
0	0
0	20
0	21
0	3
0	20
0	12
0	0
0	0
0	1
0	19
0	1
0	19
0	18
0	0
0	19
0	0
0	3
0	0
0	0
0	0
5	12
0	0
0	1
0	0
0	0
0	0
0	0
0	1
0	10
0	0
0	0
0	0
0	9
0	0
0	5
0	0
0	9
0	0
0	1
0	0
2	4
0	9
0	1
1	9
0	4
0	1
0	9
0	1
0	0
0	0
0	0
0	0
0	0
0	0
0	0
1	0
0	0
0	0
0	0
0	1
0	0
0	1
0	0
54	3274
26	4436
458	517
113	517
53	1344
14	2754
9	1786
28	575
79	1130
2	249
11	0
79	2026
0	309
7	1568
1	20
0	25
0	139
5	9
0	38
20	53
8	0
20	588
14	131
33	31
5	1536
11	95
0	0
4	23
0	133
0	0
0	0
0	0
0	0
0	0
0	0
0	0
1	0
0	0
0	0
1	0
0	0
298	242
6	88
2	154
8	378
8	375
11	71
0	12
1	32
8	55
12	271
4	75
15	34
1	9
0	6
0	1
1	164
0	280
6	257
55	73
90	10
0	0
0	0
0	0
0	0
0	0
0	0
0	0
0	0
0	0
0	0
0	0
7	13
3	13
0	887
401	1243
2	1367
10	1005
22	1201
16	1377
6	1298
1	1184
175	1271
41	382
0	396
1	63
0	664
0	287
0	111
0	1296
3	229
10	58
0	51
782	446
11	74
2	30
2	32
2	6
2	10
0	0
3	441
299	444
3	24
7	25
10	377
78	1381
0	107
5	1289
162	1190
1	56
0	1507
0	7
0	23
0	0
0	2
0	0
0	1
0	0
0	1
0	1
0	0
4	7
0	0
34	5249
0	319
3	2692
0	5150
1	2905
0	2483
0	2475
67	508
0	2237
1	1218
2	4078
77	483
36	62
3	219
7	106
2	134
0	150
0	26
2	28
0	266
0	49
0	18
0	94
1	10
0	4
3	0
1	130
2874	2220
152	5194
20	1762
64	6169
0	3230
0	33
2	1683
1	1426
78	649
1	541
11	221
60	604
25	2375
0	4275
0	0
1	3
2	3
0	1
0	0
0	0
0	0
0	0
0	0
0	0
0	0
0	3
0	3767
0	2972
0	70
0	1976
0	81
0	38
0	75
76	6276
24	218
0	907
2	978
0	4372
18	5025
6	521
23	139
7	36
157	19
0	685
13	5
0	5319
76	95
14	74
3	9
2	3
0	0
4	0
15	101
13	80
9	83
0	19
0	24
0	16
5	12
0	7
1	6
0	6
4	117
0	180
0	4
3	5
1234	183
31	3
0	3
1890	4660
8	10
1	140
1	0
90	1369
38	1518
52	616
0	170
35	72
94	5
14	143
4	45
0	4633
0	13
0	9
0	12
39	38
0	4
0	4
0	1
0	0
0	6
0	0
22	17
0	0
0	0
0	11
0	8
2003	984
42	872
53	19
7	302
2	303
10	121
6	223
0	12
17	0
27	5
19	119
2	67
1	22
9	43
4	7
98	234
47	1190
26	3388
2384	4342
134	1460
3	115
0	98
4	9
7	1
5	705
3	114
12	254
9	11
0	450
5	151
1	78
9	34
811	9640
4	9640
0	575
3	2850
22	15
49	305
0	20
18	363
23	713
5	662
0	502
3	0
0	0
0	0
0	0
0	0
0	0
4	23
2	32
0	12
0	0
0	6
0	0
0	0
0	8
1	6
0	0
0	0
4	3
0	0
0	2
0	5
0	0
0	1
0	0
0	1
0	0
0	1
1	5023
18	3894
0	1411
11	1927
5	601
2	10
79	267
47	837
1	1056
38	814
47	125
18	37
7	44
103	231
66	445
95	42
3	238
12	27
8	245
10	9
9825	0
0	1
0	0
0	1
0	0
0	0
0	0
0	4
0	11
0	0
0	90
0	0
0	0
0	0
0	0
0	0
0	0
0	0
0	0
39	294
733	965
35	295
1	365
69	1078
9	150
2	1783
96	1915
1	1618
6	172
22	83
3	4
0	59
3	696
25	9
14	10
0	76
0	335
1	830
15	1212
0	1010
0	233
1	428
0	318
0	208
33	1
5	1753
11	1079
7	153
0	1035
39	0
55	525
10	105
3	1677
0	1926
14	1009
2	138
4	76
0	58
1	102
736	1571
6	982
9	1056
1	494
3	47
8	0
3	101
374	324
26	12
16	35
0	288
14	21
10	64
0	76
35	130
362	6453
0	233
7	151
12	6457
2	703
17	708
4	86
3	23
508	0
0	41
4	3
0	65
0	5
0	65
1	0
0	41
17	47
1	22
0	65
0	65
0	52
0	31
7	37
51	61
78	168
22	168
0	75
0	28
0	0
26	0
19	0
0	0
0	0
25	87
1	124
0	109
2	25
39	95
0	1751
11	1702
74	2282
3	2000
5	1805
1	2011
3	1678
0	1945
0	2006
0	1743
0	1712
5	355
65	1049
21	700
0	645
0	1836
5	567
3	1139
0	1060
0	1248
2	1454
5	4
0	620
0	737
0	171
0	968
0	143
59	32
39	641
0	338
0	183
0	123
21	334
3	0
4	43
72	199
15	7
234	0
5	44
114	85
3	91
0	413
0	475
0	1860
0	467
0	349
0	15
0	359
0	309
0	60
0	2
0	2
2955	78
9	71
623	3952
64	3624
0	3730
1	592
20	137
34	21
0	0
0	0
0	0
3	0
7	21
11	7
0	0
0	0
2479	2908
78	1188
32	309
0	265
2	299
60	33
7	598
16	156
1	8
8	436
10	285
11	189
0	314
18	95
1	45
0	30
61	314
0	288
0	861
0	941
0	543
0	47
0	249
50	10
1	26
11	17
0	26
0	4
4	7
14	3
2983	2209
3	1934
2	1988
4	12
16	165
9	12
7	2
11	112
12	6
14	0
3	153
5	156
1	156
2	971
160	971
14	243
6	1
0	147
4	111
12	15
193	108
4	62
3	40
0	71
13	43
0	90
1	84
6	1509
0	1227
0	1496
0	1313
0	1225
0	863
21	72
29	308
43	8
8	17
0	2
2	1
0	1317
2	1511
0	1207
0	0
13	1722
38	1996
56	3003
8	3139
4	628
58	889
0	686
11	1537
0	1587
34	127
14	13
6	158
6	253
26	236
0	36
0	0
0	0
0	0
0	0
0	0
0	0
0	0
0	0
0	0
0	0
0	0
0	0
0	0
1	255
69	4309
0	2442
7	2816
6	1245
2	78
0	146
4	2234
0	3251
25	670
3	21
12	14
1	2896
626	3088
147	4806
156	4570
50	4261
0	2044
78	668
94	653
287	445
0	57
5	103
0	100
1	95
0	97
0	106
0	4
0	55
4	0
0	2
2	3
0	6
0	2
0	5
1	3
0	9
0	30
0	6
1	2
0	37
2100	3599
114	4355
2918	1512
69	755
222	17
322	51
0	0
0	4
0	13
0	2
0	0
1	1
4	0
1235	989
0	556
14	571
2	0
5	96
13	10
0	805
142	2589
22	2011
14	144
0	70
89	433
0	36
0	147
1	465
30	119
3	1959
1056	38
0	3
0	0
0	3
0	0
0	3
0	0
0	0
0	0
129	1554
0	1
24	523
7	1010
0	1412
1	992
1	1311
2	705
18	781
5	297
47	346
0	607
3	45
43	45
1	22
0	701
19	86
29	25
5	559
0	128
38	51
0	80
1	170
5	91
17	101
0	229
13	29
9	0
6	4
4	4
18	4
0	8
8	479
7076	515
21	134
0	370
4	612
1	518
9	58
4	29
0	70
36	249
16	161
5	0
18	1089
1	1093
5	704
2	73
0	55
13	261
0	149
5	150
7	60
2	150
9	156
16	156
73	965
88	1423
3	1421
14	56
0	1309
9	243
121	271
10	30
17	0
161	3284
16	3227
110	3223
0	189
820	3343
22	51
24	45
51	70
6	0
9	2
0	2
0	2
0	0
0	0
0	0
7	15
3	21
72	29
181	284
0	12
27	10
13	22
76	257
102	555
48	555
4	1
42	93
20	252
2643	4430
0	262
3	3112
239	2093
1	758
55	1225
2	271
61	3660
12	3239
47	84
0	32
1	450
68	60
27	670
0	68
47	9
20	358
27	356
51	47
0	580
9	57
52	738
4	31
25	17
67	665
9	292
1	908
100	465
1	307
13	502
10	561
25	323
7	219
0	230
2	447
9	184
7	239
48	46
0	291
8	8704
16	22
0	310
15	2271
0	5492
0	9452
0	803
13	1683
0	1393
3	792
11	7111
8	1643
7	1892
1	1040
4	1371
75	352
0	5787
1	259
15	186
40	66
198	47
0	4599
53	464
31	1232
0	3859
13	4610
414	5034
1	676
25	1690
1	1312
0	23
17	1054
20	255
5	872
0	297
0	5092
0	0
0	0
0	0
0	0
0	0
0	0
0	0
0	0
0	0
0	0
0	0
0	0
0	0
0	0
13	1723
3	160
49	128
9	48
5	217
0	1487
26	1237
9	121
21	458
0	33
13	68
2	251
4	22
16	32
0	608
147	498
0	618
4	34
5	5
0	0
0	0
1	0
0	0
0	1877
5	1808
7	1816
82	411
0	0
1	0
0	0
0	0
0	0
0	0
1	95
0	86
0	24
0	0
0	0
1	516
25	437
31	481
1	135
37	9
0	16
46	10
83	148
0	0
0	0
0	0
0	0
0	2
0	0
0	2
2	3
0	2
30	451
2	277
0	419
6	1
0	0
432	203
0	203
0	100
1	58
9	24
0	0
6	12
39	46
27	545
0	184
0	265
8	6
125	90
219	73
0	141
0	239
0	255
0	282
0	35
0	112
0	0
0	2
0	57
0	38
0	57
2887	73
0	0
11	1630
6	1333
22	777
1	1632
0	5
0	122
1	87
1	3
10	5
1	124
1	120
0	80
0	120
0	122
1	128
0	2
2	132
0	0
0	0
0	0
520	996
34	1193
6	122
87	6
199	355
9	27
311	217
6	217
0	2
0	1
1	1
0	4
0	2
0	1
0	0
0	2
0	4
104	4388
0	428
2	187
1	82
3	5
5	1
2	7
22	3
4	0
1	17
73	621
4	4388
38	888
240	881
0	0
0	0
0	0
0	0
4	1
0	0
0	0
0	0
0	0
0	0
0	0
0	0
0	0
0	0
895	530
50	478
0	69
0	62
0	93
0	101
0	103
2	14
0	4
0	14
0	19
452	2054
9	1691
61	2318
31	845
7	368
40	727
2	368
1346	1394
0	1638
2716	1321
0	504
63	551
5	116
6	164
208	625
28	83
0	3
0	0
11	13
0	2
61	16
1526	692
178	688
1	191
19	2
6	0
37	320
11	462
38	2692
0	1684
1	1169
1	1131
159	64
15	38
293	106
0	34
4	9
0	0
0	0
0	0
0	0
0	0
0	0
0	0
60	0
0	0
270	8418
27	1043
0	9282
0	8878
0	9686
6	216
0	8179
1	173
0	8587
3	380
2	957
13	4
134	6505
4	6304
7	6586
4	5499
34	404
0	9589
0	9500
0	5535
25	974
0	13
0	3
0	12
0	14
0	0
0	1
0	0
0	14
4	0
0	0
0	0
0	0
0	0
1	1
0	0
0	0
0	0
0	0
0	1
2	1
0	0
0	0
5318	131
147	8
340	242
0	100
1	171
0	1419
0	4
0	33
0	44
0	417
23	36
0	5
0	16
0	16
0	13
0	16
0	0
0	0
0	0
0	0
0	0
0	0
0	0
0	0
11	1505
42	1091
1	1293
155	415
95	415
21	479
2	888
4	832
18	31
201	879
4	484
2	13
0	0
0	0
0	0
0	0
0	0
12	0
0	0
2	0
0	0
0	18
6	44
3	4
0	14
38	65
0	14
0	35
0	26
0	23
3	34
1	22
0	17
0	6
1	0
0	1
5	2
1	0
0	6
0	0
0	1
0	74
0	24
0	63
0	73
0	0
0	2
0	11
0	1
1	1
0	1
0	0
15	116
77	181
37	90
3	23
88	41
0	37
0	776
0	985
0	976
0	1013
0	159
0	46
0	80
0	45
0	2
0	2
0	2
0	2
0	7
0	4
0	2
0	1
0	3
0	1
3	0
0	0
8	240
82	5704
0	964
1482	7682
204	2175
213	6198
69	7158
3	1484
21	458
19	57
76	464
2	666
295	2870
0	931
22	1
81	1637
29	47
5	2588
0	88
0	62
1017	149
5	149
0	10
1011	278
1	157
27	83
1	29
0	0
4	1559
38	1705
0	1376
7	10
3	5
0	147
82	39
4	38
6	738
580	777
0	392
0	57
1	14
0	0
1	1
0	0
0	4
2	3
0	1
0	0
1	0
1	2
14	117
0	105
0	12
31	52
0	24
1	149
0	218
74	1493
2	568
49	923
1	25
9	43
4	36
4	237
5	9
0	1
177	337
0	91
2	83
9	52
16	268
26	82
1	26
76	538
0	111
3	467
0	28
0	128
2	52
0	52
0	0
0	0
0	0
0	0
0	0
0	0
0	0
0	0
0	0
0	0
0	0
0	0
0	0
0	0
0	0
0	0
0	0
0	0
0	0
0	0
0	79
0	223
0	141
0	100
0	156
0	136
0	222
0	227
0	161
0	140
0	170
0	163
0	7
0	11
0	60
0	205
0	217
0	9
0	147
0	152
0	132
0	127
0	218
0	213
0	178
0	107
0	55
0	93
0	141
0	21
0	75
0	53
0	24
23	200
0	383
0	381
0	518
0	516
0	200
0	0
170	475
11	475
163	68
6	13
12	52
4	28
1191	460
26	292
39	384
0	78
3	112
5	32
0	17
10	13
0	0
0	0
0	465
1	108
0	413
0	56
14	56
66	369
15	0
0	91
8	40
0	50
0	7
8	37
0	131
0	6
4	95
0	250
0	55
0	28
3	1
0	12
29	9
81	54
9	1208
0	375
0	239
0	415
19	554
0	1047
7	945
28	966
13	775
0	302
0	243
80	169
1	950
1	650
0	687
1	350
63	1
6	1197
7	4
0	0
0	0
0	0
0	0
0	0
27	16
0	6
0	0
0	0
0	1
0	8
0	0
0	0
0	8
0	0
0	2
0	0
0	2
0	11
0	11
41	146
36	212
0	5
3	18
0	199
42	389
0	447
10	91
47	54
0	68
6	2
15	399
40	448
0	446
0	2361
0	2337
5	2148
0	15
0	15
0	15
0	0
0	0
0	0
0	0
0	0
0	0
0	0
228	59
0	0
12	0
212	2650
0	578
208	1982
0	2957
0	411
4	413
7	93
5	160
6	141
0	2951
0	1894
2	1776
3	2189
98	984
2	86
1	125
13	58
1	837
0	191
1	130
9	191
17	350
0	480
4	5187
1402	5187
13	5173
2	5184
17	5184
0	0
0	0
0	0
0	0
0	0
0	0
0	0
0	0
0	1216
10	1217
94	1236
13	155
6	155
84	1706
0	1530
10	1636
177	433
1	1461
1	1534
0	1573
52	1498
18	151
29	289
44	0
41	181
15	19
9	67
3	64
0	52
0	40
1	31
951	106
11	62
0	83
0	18
0	0
0	0
0	0
0	0
0	0
0	3115
0	2986
0	3067
2	399
0	2927
0	377
6	330
81	2133
0	2792
0	58
0	489
0	29
0	170
9	59
0	183
0	0
4	3
0	89
0	37
0	11
0	6
0	86
0	85
0	7
9	33
0	56
0	71
0	11
0	15
0	4
0	77
0	53
1	48
3	0
187	132
3	45
0	57
0	41
0	108
2	3
0	0
3	39
0	236
6	457
0	2079
0	1472
34	1316
1	871
1	876
0	177
39	337
0	189
4	46
12	176
11	2223
5	97
1	97
4	3
1	1
0	35
0	35
0	0
0	0
0	0
0	0
0	0
0	0
0	0
0	1
0	0
0	0
0	1
0	0
0	0
0	0
0	0
0	0
0	0
0	1
0	0
0	0
0	0
0	0
0	0
0	0
0	0
0	0
0	0
0	0
0	0
0	0
0	1
0	1
0	0
0	0
0	0
0	0
0	0
0	0
0	5
0	0
0	0
0	0
0	0
0	0
0	0
0	0
0	0
0	0
0	0
0	0
0	0
1	0
0	0
90	1883
46	4040
9	24197
20	18145
53	17506
154	6186
29	5359
73	12
39	5928
62	368
577	5500
55	5843
2	2180
0	1483
15	9
32	838
0	0
2	0
0	0
0	1
0	0
0	25
0	25
0	25
0	25
0	0
0	0
0	0
0	0
0	0
0	0
0	3
0	5
0	1
0	24
0	1808
5	2682
11	14565
16	1014
26	2
25	1716
64	12921
12	1940
3	2521
6	2461
13	54
95	62
0	2937
4	11605
10	8421
5	286
6	4
6	22
16	1513
43	8402
31	2698
9	1085
29	719
22	4751
326	440
1	406
7	344
16	281
6	244
1	13
0	77
0	71
242	2690
0	67
61	180
15	1107
0	1367
232	1032
22	1331
0	2417
53	39
136	503
476	1986
7	62
10	292
14	106
0	602
3592	472
5	8
1	461
7	197
8	24
9	0
12	114
0	13
0	104
1	57
0	13
2	3
0	3
0	0
103	81
0	80
11	80
0	19
0	18
0	15
0	8
0	1
0	0
0	1
0	4
0	0
0	22
3159	71
12	62
1	2
5	0
0	0
0	0
0	0
30	22
0	3
2	53
0	59
0	37
0	4
0	11
0	6
0	3
3	3
0	3
0	8
0	3
6	3
3	0
0	50
0	0
0	0
0	0
0	0
0	0
0	0
0	0
18	684
4	86
0	5
309	4459
17	445
122	4412
9	1610
49	443
402	35
2	0
0	1
0	0
0	0
1	0
2	35
1	25
0	5
0	1
0	31
0	4
7	39
0	5
0	5
0	5
0	28
0	25
0	21
3	49
0	5
0	2
0	2
0	8
0	5
0	1
0	1
0	0
0	0
0	0
0	0
0	0
7	38
0	2
412	801
18	762
2	219
2	19
4	2
0	68
3	0
3	5
3	267
46	1407
0	677
875	2419
52	674
18	1153
12	12
0	6
0	6
594	639
17	12
0	49
13	428
0	548
12	16
25	118
0	380
0	434
2	4
5	52
1	46
2	17
0	166
0	0
597	1
8	0
0	19
0	11
0	4
228	512
80	24
8	24
0	224
6	1
11	49
0	348
0	17
7	14
0	41
0	779
531	1820
1	697
0	689
0	872
3	553
123	1930
74	810
0	1910
36	1905
6	669
0	84
0	129
5	0
2	2
0	1792
0	0
0	0
0	0
0	0
0	0
12	30
8	22
0	0
0	0
11	6
0	0
0	3
0	0
0	0
1	0
8	1
0	2
0	0
0	4497
0	4398
0	4338
0	3845
0	4410
0	4374
0	804
0	468
0	939
0	18
0	649
0	2
0	331
0	158
0	304
0	55
0	73
0	2291
0	3657
0	4395
0	4372
0	352
0	0
0	0
0	0
0	0
0	0
0	0
0	0
0	0
0	0
0	0
93	15
15	15
0	0
30	33
0	14
1	0
0	0
0	4
2	0
462	115
49	115
70	7197
38	2643
1	6463
32	4245
17	6824
13	1759
0	838
4	5956
2	339
5	2
0	621
5	104
6	398
1	620
10	8
13	12
0	289
0	461
13	2
8	2
0	591
12	870
1	97
14	276
19	6
21	20
0	2
0	2
0	0
282	5031
0	2591
9	2165
0	1664
0	416
114	3361
12	1888
6	14
7	305
19	34
1	193
33	15
4	108
0	157
7	89
9	21
18	97
4	31
19	6
0	9
1131	6097
0	685
0	14
0	16
0	16
0	17
0	6
0	6
0	15
0	12
0	12
3	15
0	0
0	1
0	1
1	0
1	240
0	2
1	0
8	2
0	0
0	2
0	0
0	1
1	1
0	1
401	8640
73	8647
5	223
7	1546
3	219
1	204
4	350
2	51
0	0
283	6
2	6
0	0
4	1453
176	2871
24	2166
23	697
67	68
0	11
0	0
0	0
0	0
0	0
0	0
20	42
0	30
5	15
0	30
85	67
0	24
0	7
0	9
14	14
1	4
0	3
13	7
0	0
1	0
3	397
0	114
3	448
0	92
1	20
9	50
5	31
0	181
2	376
0	60
2	107
0	67
14	211
4	204
12	80
0	3
10	40
28	63
20	23
10	9
0	14
46	1
30	19
3	40
0	214
5	25
628	270
54	208
2	159
13	89
712	1928
6	1606
2	72
0	241
0	831
4	54
14	28
0	820
2	76
1	57
34	80
58	35
0	0
0	0
0	0
0	0
3	0
0	2
0	2
0	2
0	0
0	0
0	0
0	0
295	1921
237	579
2	1275
5	300
0	0
56	1228
30	1221
4	240
0	122
0	124
0	25
0	294
0	27
0	25
15	9
0	0
3	18
3	5
51	65
0	0
258	184
9	184
0	0
12	59
0	12
0	9
0	7
0	59
26	41
0	33
3	51
17	123
5	106
16	15
4	24
3	126
3	25
3	96
7	11
0	53
0	70
0	6
0	4
0	65
5	5
0	31
0	51
50	12
0	5
2	26
1	76
12	2
8	36
0	11
0	7
0	24
7	0
7	26
2	0
20	0
2	0
2	0
0	1244
1	418
60	1653
10	953
2	506
17	403
0	500
0	762
11	748
6	787
0	0
2	21
13	5
0	795
20	88
4	16
0	12
0	5
0	0
9	0
0	0
0	0
3	0
0	865
7	1297
99	1297
0	0
2	67
1	8
0	0
6	5
1	4
7	23
55	1406
4	838
6	338
64	1332
0	0
0	0
0	0
0	0
0	0
1	1
43	964
7	6
1	3
217	940
9	929
46	769
8	771
4	1
11	82
4	66
0	171
6	62
6	14
1668	984
0	80
0	706
28	633
26	149
0	1713
0	1658
0	1929
0	3122
0	2896
0	3019
0	3122
0	3019
0	349
0	222
0	0
0	0
0	0
0	0
0	0
0	0
12	0
0	0
0	196
1	3
0	6
0	1
0	7
40	395
1	2
929	837
17	10
17	23
13	808
76	677
0	104
444	104
5	54
0	103
780	12404
9	11584
9	90
0	259
36	493
1	823
30	419
30	191
102	1968
0	265
117	1196
0	1096
8	424
28	111
7	114
0	12131
11353	4877
3	641
15	1496
16	55
8	0
7	441
24	1386
10	228
1	1311
116	1806
1	1332
5	162
7	3049
75	3330
0	2966
0	1040
1	2245
0	860
0	824
0	530
41	18
2	601
0	406
0	288
1	293
14	288
0	279
0	245
43	64
4	397
30	257
10	12
32	196
2	261
0	273
0	7
5	24
0	9
0	35
0	2063
12	2016
87	1675
19	1816
0	1912
14	1160
3	859
9	383
11	360
17	156
0	236
2	183
0	116
2	100
12	58
29	75
1	4
0	0
0	3
0	2
0	2
0	52
0	15
0	4
0	3
0	0
0	2
0	0
2	1258
104	1310
36	29
5	60
5	1229
21	135
0	638
36	121
7	1398
0	4
0	0
0	0
0	0
0	0
0	0
0	0
0	4
9	0
0	0
0	0
0	0
0	0
0	0
0	1328
0	1449
0	968
0	47
0	1
0	249
840	591
20	34
42	160
5	83
6	230
12	199
0	104
3	204
18	1007
7	1
14	1339
90	1378
0	0
0	0
0	0
40	29
0	0
0	0
0	0
0	0
0	0
0	0
0	0
0	0
0	0
0	575
0	0
0	0
0	0
0	0
0	0
0	0
0	0
0	0
0	12
0	0
0	0
0	0
0	0
0	52
0	0
2	103
0	1081
47	1099
0	8
34	87
55	21
705	23240
4	3050
419	13836
102	13959
184	19133
9	13907
23	13655
6	2667
0	9844
428	1840
44	3457
0	1
0	1
33	1627
3	1626
7	876
11	231
14	131
24	21
0	29
0	28
0	27
99	668
6	629
8	0
0	402
1	460
2	0
26	30
10	23
4	15
37	15
4	27
2	668
14	112
0	70
4	6
2	28
6	18
0	19
1	4
0	117
0	5
0	1198
0	808
0	22
0	319
0	649
0	602
0	554
0	657
0	657
18	194
58	74
0	35
0	125
0	440
0	184
11	15
2	120
6	226
1	19
27	2
4	24
1	606
0	9
0	35
0	230
134	788
4	183
0	583
5	108
1	80
0	59
0	82
23	63
5	369
3	177
0	177
19	693
1	357
4	58
0	92
4	32
7	48
0	291
0	66
0	81
2	19
0	69
2	4
3	13
0	355
385	83
1	14
0	1
0	40
1	5
0	23
1	0
0	0
0	0
0	0
0	1
0	2
0	1
3	0
0	1
2	1573
6	1467
6	528
2	83
85	430
13	15
120	402
11	315
3	11
4	73
1	37
1	33
4	18
0	16
0	105
1	61
0	60
31	0
20	33
0	0
0	0
0	0
0	0
0	0
0	0
0	0
0	0
0	0
9	93
10	39
5	73
3	71
3	21
6	11
0	15
2	58
7	88
0	91
0	93
18	332
3	298
0	270
0	11
0	16
0	6
1	126
1	222
65	3
85	257
0	164
5	96
8	268
0	76
0	85
1	0
0	702
0	0
0	604
79	696
10	383
6	0
14	0
0	21
0	608
1080	694
3	182
7	626
208	6353
99	5956
7	385
0	1585
19	64
0	25
91	1197
3	23
0	2838
24	4013
204	3267
166	4204
586	2708
1	1055
21	202
11	209
0	600
71	89
21	362
1	13
0	90
0	1084
0	0
0	0
0	0
0	0
0	1
0	1
0	1
0	1
0	1
0	1
0	0
32	494
210	1068
1	190
23	211
6	68
1	227
0	258
0	289
0	181
0	812
0	774
0	631
0	608
0	514
0	1155
0	19
0	37
0	22
2	292
0	48
0	125
3	174
0	43
0	62
0	104
0	45
0	72
5	197
0	86
0	23
1	110
0	550
0	107
0	37
0	37
0	127
0	24
16	84
0	600
0	0
0	0
0	0
0	0
0	0
0	0
0	0
0	0
0	0
3	0
0	0
0	0
0	0
0	0
0	22
0	24
0	29
0	29
119	1047
14	906
0	782
3	410
0	312
3	171
0	172
2	9
9	62
0	0
0	0
0	0
0	0
0	0
0	0
0	0
0	1
0	0
0	2
0	2
0	0
0	0
0	2
1	1
0	0
0	0
0	0
0	0
1	0
1064	2325
21	48
53	2277
0	6
0	6
0	0
0	0
0	0
0	6
13	0
0	0
0	0
0	0
0	0
0	0
0	28
11	21
0	0
0	0
13	36
0	0
2	319
1	88
1	183
3	109
264	102
36	68
0	230
1	2
2	3
63	7
0	1
0	2
0	0
0	0
0	1
0	0
0	1
0	0
0	1
0	1
0	0
0	0
0	1
0	1
0	1
0	1
0	1
0	0
25	79
7	14
1	11
1	11
1	0
1	7
18	33
0	7
0	5
5	10
11	40
0	2
0	0
0	0
0	0
0	0
0	0
0	0
0	1
0	990
0	33
0	573
0	489
0	374
0	445
0	440
0	27
0	38
0	316
0	160
0	9
0	201
0	101
3	7
0	12
266	2614
2	2223
125	1902
52	1704
23	933
51	116
136	1187
7	3
1	236
23	0
67	1
1	82
2	1
9	23
2	1184
0	465
2	236
53	2067
0	538
0	352
21	131
2	10
6	562
9	19
1	575
0	4
15	650
0	612
3	39
1	17
3	33
5	46
5	2067
1264	639
18	316
0	383
9	100
11	268
26	2
20	9
170	20
64	2531
2	210
17	50
11	2329
10	14
4	202
8	109
0	88
1	863
0	1121
24	34
2	1151
154	1898
3	64
78	1456
1	0
0	0
0	0
0	0
0	0
0	8
10	277
7	66
4	32
3	57
3	7
2	33
0	173
1	8
1	277
0	0
16	465
0	0
0	0
0	440
0	14
0	17
0	10
1	17
0	5
1	2
1	2
2	133
1	131
0	7
0	133
0	6
3	140
0	6
0	0
1	1
17	67
11	67
1	2
1	0
0	5
0	57
525	149
0	39
0	142
0	146
96	274
0	28
0	26
2	221
1	163
49	279
22	304
0	246
10	275
1035	408
94	396
0	300
3	100
2	88
3	116
6	23
2	73
0	33
0	12
22	13
4	0
0	93
0	37
0	10
0	5
0	89
0	90
19	120
0	430
3	264
0	1899
0	215
0	365
0	209
0	241
0	209
0	32
80	802
4	2329
0	2360
0	2321
2	1777
4	405
4	1161
9	861
24	616
13	119
0	478
0	301
0	225
6	99
0	112
0	232
0	248
1	247
9	213
0	273
0	170
0	199
0	133
7	74
0	74
24	35
0	42
84	681
6	130
0	67
15	6
0	704
0	679
0	679
6	0
0	2266
0	2861
0	1753
0	23
0	0
30	831
6	1136
160	2877
10	674
2	229
1	1621
27	1616
23	1207
0	599
13	14
179	585
79	250
333	64
23	585
0	240
0	168
0	149
0	0
0	0
0	0
0	0
0	0
0	0
0	0
0	0
254	1235
1	898
2	1146
110	99
0	55
1	47
2	4
0	811
207	33
1	10
0	2
0	3
14	59
0	9
3	40
0	50
0	50
68	5594
0	5927
53	5704
7	3529
11	29
0	124
16	500
1379	269
3	165
46	106
0	0
23	130
134	1118
11	80
54	1311
25	1089
1055	1229
58	283
4	112
68	200
0	406
0	405
8	18
0	15
0	144
0	78
7	5
11	124
0	4
4	85
1	107
2	114
0	90
0	4
3	5
8	11
4	0
1	13
9	22
2	1
0	119
0	0
1	0
0	0
0	0
0	0
0	0
0	0
22	13
0	0
0	0
0	0
0	0
0	0
0	0
0	0
1454	317
11	317
7	1528
11	186
16	382
0	1528
304	641
1	32
10	339
2	43
3	60
4	75
0	602
16	80
2	123
1	18
0	35
35	1143
0	965
10	188
6	258
32	5
74	955
0	470
0	914
0	183
9	249
32	97
0	16
0	15
0	1
0	16
17	18
1050	0
4	0
3	936
0	0
31	0
4	334
0	716
16	778
7	629
0	948
39	218
3	678
0	398
68	447
10	105
1	105
4	8
0	12
2	56
0	78
2	82
1	8
1	37
1	10
4	15
3	12
0	538
58	114
6	13
0	12
0	222
0	349
0	1658
0	3831
0	443
0	3696
0	3086
0	1929
0	1713
0	3656
0	3767
0	34
9	29
2629	311
3	267
57	44
0	1
0	0
0	30
0	0
0	0
0	0
0	30
0	0
0	0
0	0
0	0
0	0
0	0
0	0
0	0
0	0
0	0
0	0
0	0
0	0
0	0
0	0
0	0
600	0
2230	6807
240	6976
225	566
114	22
146	19
2	7
2	18
0	37
6	5
33	62
0	6772
18	6772
0	2169
80	417
0	933
8	1379
39	9
0	431
0	105
2	108
0	492
0	79
16	320
0	0
0	4
0	4
0	3
21	1059
27	2539
16	662
9	1879
3	182
9	1054
30	6
8	190
0	70
0	2400
0	0
0	31
0	0
0	28
587	648
188	469
94	190
80	222
20	2169
3	228
29	371
51	601
2	812
0	445
2	1480
27	458
2	287
0	45
7	472
14	9
0	68
13	82
52	1270
0	21
0	24
1	0
0	0
0	1
0	0
0	1
0	1
0	0
0	1
0	1
1	1
0	1
0	1
0	1
7	1027
4	1138
16	2296
10	6015
21	20
0	43
4	4575
0	5115
4	907
1	536
0	5075
0	238
1	5294
10	1940
55	750
0	3976
0	617
0	5
0	3650
1	693
0	227
0	344
19	410
0	1524
6	269
0	1612
0	1690
0	1075
1	1439
1	1434
5	1161
0	1321
0	525
0	475
0	818
0	862
0	394
0	194
0	479
0	88
0	433
0	320
0	139
0	944
2	944
0	24
0	86
1	93
2	286
2	653
0	28
1	229
83	4017
34	2056
2	4832
0	7038
30	6609
355	5246
0	17841
7	309
3	9322
1	4474
5140	35550
0	0
566	1500
9	811
2	211
0	502
4	829
4	810
0	435
3	86
5	469
86	3007
2	1582
3	2051
1	45
10	201
16	140
3	215
0	2779
316	2
0	2
0	1
0	1
0	1
0	0
0	1
0	1
4	0
0	0
0	0
0	0
0	0
0	0
0	0
0	0
0	0
0	0
109	2498
2	1673
13	949
0	1330
0	2175
33	171
0	496
0	9
0	25
0	13
1	14
2	2
2	15
0	9
0	15
1	0
0	4
1	4
0	11
1	20
0	2
0	0
16	20
18	11
0	11
5	8
1	6
0	196
0	124
0	73
0	134
0	154
0	144
0	144
0	8
0	1
0	0
8	16
7	16
3	6
0	8
0	8
0	39
0	24
0	2
0	10
0	3
0	2
0	7
0	7
0	7
5178	4200
31	4200
38	1270
36	142
27	1060
130	1418
8	1157
113	118
18	1045
0	555
0	275
1	40
6	202
0	651
26	19
0	324
10	97
0	425
567	13
0	1901
597	6648
6	3166
75	500
261	5976
0	278
0	837
0	19326
0	19350
0	1525
0	1407
0	19217
0	1329
0	19230
0	1262
0	1140
0	798
0	18748
0	18091
0	19047
0	18317
0	1125
0	1324
0	19203
0	0
0	0
0	0
0	0
0	6
2	11
0	0
0	0
0	0
0	0
3	0
0	0
0	0
2	1
0	1
0	0
7	3442
1	272
18	1052
0	160
0	23
3	431
7	229
0	508
1	30
9	380
2	391
5	201
2	3254
0	2459
0	0
0	0
0	0
1	0
25	2
0	111
1	124
10	56
54	149
4	111
0	18
0	11
0	93
0	10
132	780
40	1
0	135
0	78
92	474
0	127
7	290
32	103
2	91
8	85
0	181
27	10
5	271
27	0
0	0
0	0
2	784
22	806
0	413
7	451
4	7
7	84
79	221
9	32
10148	216
34	75
29	155
0	16
0	15
0	8
0	0
0	0
12	579
2	470
51	540
11	137
0	93
20	51
0	51
18	652
26	2138
27	2202
135	1132
41	102
14	56
0	110
6	0
10	148
22	14
0	218
12	187
1	182
0	91
33	28
28	39
7	2269
416	1735
89	1682
10	16
0	784
0	924
16	10
0	851
76	1672
0	0
0	0
1	3
8	1223
1	609
9	29
11	115
0	62
1	16
0	1
0	7
0	1223
31	429
5	1245
89	1551
0	1261
2	1274
1	83
28	1085
6	286
0	118
1	76
14	200
0	0
0	0
1	3867
0	3306
27	2960
2	2960
0	174
11	539
0	852
3	3520
12	2837
0	3380
2	692
0	573
10	55
12	1
0	608
36	7
4	3519
373	2050
8115	2084
256	286
0	14
6	152
2	265
23	1000
19	645
23	645
0	1000
24	20
0	0
0	0
2385	8869
33	7588
468	4638
0	3158
23	2309
1	1608
59	1424
3	513
5	770
1	1352
88	290
159	3460
12	6
3	3
38	3556
70	2305
0	3467
2	3360
7	1029
45	933
45	3432
2	66
1	66
57	343
0	65
2	10
3	28
149	642
0	414
1	524
15	29
2	38
124	261
25	232
199	253
0	215
1	92
0	23
0	29
791	1144
8	102
0	181
6	854
7	80
4	135
1	22
0	3
1	22
1	4
3	465
11	5
1	72
0	1
5	29
51	899
75	893
16	87
0	459
384	4550
96	4528
130	1718
8	43
32	12
1	0
0	0
0	0
0	3
0	3
0	0
0	0
0	0
0	0
0	0
0	3
0	0
0	0
0	3
3	112
22	10
4	84
0	109
0	43
2	37
0	9
0	0
0	0
1	103
1	8
0	1
0	0
0	2
32	4
0	119
0	0
0	10
0	6
0	0
0	0
0	0
0	5
0	0
0	0
0	0
0	0
0	6
0	0
0	0
333	499
0	431
9	340
0	0
0	0
85	99
4	0
85	999
0	4
80	961
28	675
0	549
1	486
16	465
3	239
0	166
0	123
0	170
0	183
0	183
3	133
0	64
1	123
0	175
0	41
0	91
2	93
2	97
0	50
0	3
0	3
69	31
0	71
39	2
7	0
0	23
20	2
2	22
26	42
1	402
7	385
15	49
0	44
4	89
8	116
21	5
0	371
2	54
2	39
5	5
119	83
71	1707
201	461
21	151
57	13
0	201
14	1662
0	0
0	0
4	144
0	169
0	219
8	183
1	202
6	182
1	192
29	45
20	57
0	71
86	34
0	64
59	22
0	38
17	24
1	41
4	54
5	15
3	9
0	324
0	342
1	265
0	0
0	0
3	723
145	1015
111	303
0	434
3	1010
2	238
0	75
0	9
0	10
0	132
0	0
6	4
6	64
16	58
0	15
7	64
0	0
0	0
0	0
0	73
3	74
0	57
0	35
0	35
14	57
1	35
0	199
14	5
0	23
0	404
4	475
0	422
0	460
0	448
2	428
20	136
0	446
9	506
4	22
1796	608
0	50
2	103
29	300
2	81
0	157
17	7
0	6
0	13
0	0
0	0
0	0
0	0
0	0
0	0
0	0
0	0
0	0
0	9
0	0
0	0
0	2
0	13
0	5
0	0
0	0
0	36
2	34
0	36
0	14
0	19
0	3
0	0
0	0
0	4
0	6
0	22
7	26
0	0
0	0
0	0
0	0
0	0
0	0
0	0
0	0
0	0
0	0
0	0
0	0
0	0
0	0
0	0
10	15
0	0
0	0
0	0
0	0
0	0
10	11
0	0
0	0
0	0
0	0
0	0
0	0
5	94
0	70
0	18
0	2
0	1
2	17
0	11
0	4
0	3
0	4
0	2
1	1
5	5
0	0
0	0
0	0
0	0
0	0
0	0
211	462
9	94
13	94
3	263
12	342
1	0
0	0
0	0
0	0
1	0
2752	2930
9	2750
50	37
12	21
37	180
132	0
2	26
3	19
0	14
0	10
0	0
3	8
0	13
0	0
10	386
327	430
26	48
25	404
0	0
0	0
0	0
0	1
54	12
2635	3153
4	467
4	730
10	581
0	337
19	151
13	549
36	565
4	586
4	558
0	348
0	346
4	98
0	0
0	92
0	83
0	4
2	0
3	30
0	16
0	0
0	16
0	5
0	16
0	16
0	0
0	0
0	0
0	0
1616	1076
25	371
1	19
17	703
473	4129
0	6
1	104
0	251
0	61
5	0
43	3
1	0
7	28
66	4103
274	21
0	1
0	1
0	1
0	1
0	1
0	0
0	0
0	0
0	0
0	0
0	0
0	0
0	0
0	0
0	0
0	0
0	0
0	0
0	0
0	0
0	0
0	0
0	0
0	0
54	72
7	0
124	1857
51	726
14	1066
1	877
34	929
246	579
0	344
5	211
11	140
2	570
6	569
0	567
0	2
1	74
3	2
1	18
0	1
0	17
663	2444
81	735
59	2092
80	156
12	29
117	20
61	443
142	752
78	169
39	797
0	131
15	609
17	167
73	605
26	255
1	88
74	3
0	1
34	107
6	116
0	4
24	116
3	3
3	114
0	6
5	0
3	117
0	0
1	0
0	0
0	0
0	0
0	0
2	474
1	518
0	108
5	252
0	5
0	14
0	8
3	20
5	0
2	318
2	37
0	12
1	35
1	49
1	0
0	26
2	2
24	3
3	0
1	3
1	1203
16	114
5	663
6	657
7	217
3	214
7	295
26	22
4	5
0	1093
103	1914
0	2118
8	1739
18	308
47	11
48	816
26	514
0	454
0	2128
0	836
0	2560
0	763
0	33
0	44
0	417
4	561
0	307
1	4
0	1241
1	46
73	38
3	258
1	206
7	195
0	163
0	175
87	226
1	174
0	179
0	100
0	9
2	20
22	21
0	0
0	5
0	0
1	6
0	0
0	0
64	23
0	0
0	0
0	23
0	0
0	23
14	707
1	5
19	68
0	715
14	250
7	110
0	3414
0	667
8	1507
0	697
233	379
0	600
0	772
12	163
15	329
3	340
0	107
0	23
91	116
153	344
159	3238
8	3501
1	3313
7	42
4	42
6	481
51	514
7	230
29	86
332	113
10	5
0	81
6	11
290	1208
0	1045
80	862
35	851
1	293
3	426
429	1168
82	749
0	38
0	902
0	667
36	407
5	403
0	330
8	317
0	66
72	201
0	14
2	36
0	52
0	1008
0	0
0	0
0	1
0	1
0	0
0	0
0	0
0	0
12	244
16	255
0	72
0	1
62	1
14	0
0	19
0	186
0	356
0	197
1	17
0	31
0	31
0	21
5	0
41	29
6	12
6	10
0	356
26	3
523	3817
2713	5144
63	17
207	288
7	239
40	693
19	1700
5	137
2	117
39	0
0	2
4	37
5	169
4	399
4	10
4	10
714	80
0	0
4	0
0	19
1	12
1	5
0	0
1	1
2	3
35	12
3	27
9	16
16	184
36	143
30	64
0	12
2	102
0	128
8	13
0	1235
0	19
0	34
0	41
0	54
0	508
0	306
9	842
7	35
14	51
0	520
0	543
2	1
2	26
1	23
6	5
3	458
5	939
3	852
0	907
0	879
950	6379
2	297
4	475
0	1110
17	3570
5	200
17	71
70	2800
0	252
0	245
0	267
0	232
0	268
0	286
0	264
0	111
20	131
9	51
7	51
9	70
0	23
33	6
0	280
0	79
384	27
16	27
4	38
1	38
0	0
0	0
0	0
0	0
0	0
194	204
0	148
7	135
0	123
5	45
0	0
81	3467
0	156
8	3723
0	621
112	2862
87	3009
0	193
2	1750
4	5
3	5
4	4
3	2
0	2
0	1
1	1
0	0
0	1
3	1
0	1
0	0
0	0
0	2
0	1308
417	310
352	6087
16	3
99	4279
0	3657
181	18
0	4520
19	5071
0	17
0	35
0	17
0	1
0	2
0	6
0	12
0	12
5	9
5	33
31	402
30	391
1	271
1	306
2	239
73	37
1	7
0	10
3	2
2	1
0	0
0	0
0	39
0	276
0	23
0	23
0	549
0	18
3	0
0	80
0	5
23	18
1238	0
0	16
885	1993
1	702
10	754
24	890
5	742
22	127
14	99
0	1212
13	891
0	1048
0	21
0	19
0	0
0	0
2	16
0	2
0	0
6	24
0	13
0	2
5	2
0	0
0	0
6752	1144
73	1144
0	1370
0	56
0	2069
0	1474
0	1064
0	703
0	2112
0	2032
0	0
0	0
0	2
0	2
0	2
0	2
3	5
0	0
9	8
64	27
0	1
1	4
0	3
6	1
4	1
0	0
0	1
2	1
0	6
0	8
2	6
1	0
0	0
0	4385
0	4941
0	1165
0	1697
0	482
0	3358
0	373
1	1698
76	4475
0	3773
0	3196
19	158
0	156
117	96
16	134
241	2575
6	302
50	1
71	117
16	59
17	189
2	138
49	1293
0	11
0	0
0	0
0	0
0	0
0	0
0	11
70	2371
408	2533
10	1904
39	10
4	7
1	7
0	0
0	2
0	34
5	34
15	22
2	468
0	329
31	435
3	341
4	58
0	1
0	1
7	56
0	28
1	27
0	0
1	140
5	62
2	153
6	213
0	43
0	4682
0	12
0	1
0	197
0	270
0	216
0	171
0	206
0	210
0	261
0	292
0	285
0	1
0	1
0	2
0	2
0	0
0	0
0	0
0	9
0	9
0	0
0	0
0	0
0	113
0	0
0	0
0	0
0	0
0	0
0	0
0	0
3	0
0	0
88	1157
26	396
16	802
1	21
0	50
4	937
12	7
0	9
0	9
0	1
0	7
0	3
0	9
0	9
455	695
0	164
49	183
3	563
1	21
5	0
1	1
24	22
2	0
4162	3388
142	3353
2	48
1	226
8	211
214	176
0	211
0	210
2	154
0	254
0	0
11	39
15	412
12	408
0	33
0	27
79	537
44	299
6	334
4	9
16	199
1	195
0	73
4	12
0	73
0	0
15	1
0	0
0	0
56	19
0	4
0	1
124	608
0	521
0	242
4	136
0	140
0	14
0	22
2	2
1	3
0	0
0	0
57	0
0	0
0	0
0	0
0	0
0	0
952	291
0	246
3	30
2	49
7	45
77	2110
3	2064
37	2069
395	2211
16	1411
13	125
0	520
0	907
8	70
1	11
9	9
5	256
0	234
1	229
0	221
19	160
1	7
0	33
3	200
4	205
1	121
0	8
0	99
12	67
2	20
0	90
6	30
0	3
2	0
6	30
0	38
0	39
0	1
0	0
158	1352
53	595
18	1525
0	1557
8	1525
0	268
38	319
1	452
0	260
1	137
3	300
4	111
0	1330
120	1128
10	2
0	296
2	136
13	1081
6	0
0	50
1	534
39	686
8	4
0	11
3	778
28	694
3	0
4	775
0	1
30	58
0	0
0	0
0	0
308	82
2	92
11	1827
4	2048
2	1756
3	1729
2	1553
0	59
0	161
21	270
25	103
6	72
4	44
0	9
0	1
0	0
0	3
0	20
0	20
0	8
0	8
0	13
0	4
0	4
0	2
0	2
0	0
0	4
0	0
0	0
0	0
0	0
0	2
0	2
0	0
0	15
0	0
0	0
0	0
0	0
0	0
0	0
173	2086
100	1301
14	325
0	157
68	15
5	86
0	2075
0	16
0	15
0	0
0	15
0	16
0	16
0	15
0	16
0	0
0	0
33	45
41	3316
1	3479
6	1187
1	975
2	262
0	111
9	299
2	783
37	4377
1	2846
0	390
386	1101
0	132
5	1069
0	0
121	0
0	1
1	3
8	98
0	38
2	62
25	747
0	67
0	206
66	6
0	311
1	167
2	126
1	417
16	766
16	7
0	58
0	832
9	131
1	132
4	60
14	831
83	699
17	70
78	710
1	906
0	13
0	13
0	0
0	0
0	0
0	0
0	0
0	0
0	0
0	0
0	0
0	673
2	514
27	525
0	353
1	26
0	10
0	372
8	655
0	0
0	0
0	0
0	0
0	0
64	1302
67	542
14	224
534	1493
0	691
0	1297
25	130
21	75
19	320
0	1086
1	244
52	72
13	109
62	197
5	72
4	69
0	22
9	30
3	10
0	10
0	1
0	0
0	0
793	1800
7	754
0	1518
0	214
59	757
0	1747
14	6
37	516
0	194
1	421
27	77
0	42
9	44
0	0
0	43
0	9
0	29
0	43
0	1
0	0
0	50
0	50
0	1
0	1
0	43
0	0
0	0
0	0
0	0
2	1
0	0
0	0
0	0
4	3
0	0
5	5
0	0
0	0
49	84
1	58
21	140
4	142
84	123
4	2
2	470
2	94
0	1614
4	1528
10	16
0	138
0	40
30	49
57	414
0	1625
4	91
0	110
1	4
6	10
1	14
2	75
3	198
0	151
3	59
24	262
6	10
4	1549
32	177
0	177
1112	2062
31	660
42	24
0	1091
2	1111
38	584
0	0
0	662
0	871
0	866
0	905
0	163
0	46
0	81
0	45
0	2
63	75
0	0
0	0
0	1
4	14
0	1
0	0
7	1402
352	225
13	140
15	167
26	48
36	1161
0	1224
12	1134
23	1110
3	65
57	200
1827	239
15	130
13	74
1	0
0	0
0	0
0	0
37	6
18	1027
28	1027
0	98
7	164
0	130
0	68
0	162
0	1029
12	1649
25	1683
6	448
23	679
0	61
0	409
19	347
5	1650
0	63
1	195
19	11
8	335
0	333
0	329
0	303
7	1649
0	337
56	126
2	1663
0	244
35	1658
0	337
0	0
0	0
0	0
0	0
0	0
0	0
0	0
0	0
0	0
0	0
0	0
89	124
0	23
0	158
0	31
0	52
0	0
0	34
0	36
2	41
0	43
0	40
0	34
0	1
0	33
0	6
0	1
0	35
0	0
3	1
9	32
0	24
0	1
1	13
0	1348
4	1218
8	141
0	1407
0	1086
0	1068
29	289
4	104
8	121
4	2
17	45
56	5
0	93
1	494
0	551
0	0
35	682
15	619
0	89
3	95
26	283
0	621
25	22
0	35
4	594
22	79
8	242
2	173
8	1
4	136
0	8
0	11
8	12
0	10
0	1
19	71
8	119
0	62
1	8
0	0
0	0
0	8
0	2
0	0
0	8
1	1262
0	29
2	0
2	8
3	17
4	161
0	147
1	55
56	82
0	1269
6	134
0	44
0	11
0	10
0	11
0	2
0	1
0	0
0	1
0	0
0	1
0	1
0	0
0	0
0	0
0	0
0	0
0	1
0	0
0	0
0	0
0	0
0	0
9	2
0	0
0	2
0	0
17	5
0	0
0	442
469	818
10	663
1	332
8	185
0	96
5	43
0	2
0	0
1277	455
4	337
2	23
0	12
0	4
1	33
0	6
0	30
2	58
0	17
2	5
0	5
0	4
0	4
0	4
0	0
0	0
0	0
0	0
0	0
105	2889
12	1911
21	2390
71	372
18	1908
18	1538
15	1707
3	78
57	0
0	0
0	0
0	0
0	14
0	15
0	15
0	6
0	4
0	2
0	10
0	27
25	23
0	0
0	15
0	14
0	0
3	0
81	605
11	428
16	165
2	128
1	58
0	2
0	0
14	11
0	0
0	1
0	2
0	2
0	0
0	0
0	0
0	0
0	0
9	109
5	98
0	39
0	79
21	24
0	5
0	17
0	3
4	22
3	10
10	2
3	5
8	3
0	42
0	12
6	26
0	7
0	0
0	0
0	16
0	4
5	15
2	3
1	3
0	0
0	0
0	0
0	0
0	123
146	1093
0	124
0	964
23	805
10	109
118	6918
33	957
1	6879
5	6594
15	78
69	7208
17	1154
1	45
0	1209
8	28
6	892
5	85
4	55
12	5
0	1940
0	203
0	60
0	190
11	0
0	24
3	218
11	253
0	137
4	85
1	46
3	29
0	104
0	40
16	136
0	35
8	41
0	105
1	62
0	48
0	5
0	8
2	27
6	23
2	27
0	4
2	2574
0	2098
4	30
0	1
0	586
0	32
0	2629
19	188
0	0
0	32
8	149
29	12
0	12
8	7
0	26
2	41
7	28
1	3
812	1733
13	1733
0	3
0	0
0	0
0	3
0	0
0	0
0	0
0	3
0	3
410	618
8	523
0	509
1	16
1	63
0	44
32	200
3568	0
0	0
0	0
0	0
724	72
0	15
4	18
3	3
33	46
5	6
16	190
953	2599
0	275
5	99
0	2298
2	573
22	340
7	7
58	7
3	39
5	0
7	6
0	0
0	0
0	0
0	0
0	13
0	13
0	0
0	0
0	0
0	0
0	0
0	0
0	0
0	0
0	0
0	0
0	40
0	31
0	0
0	0
0	0
0	0
0	0
0	0
0	0
27	6
0	0
0	2
0	0
6	0
0	0
0	0
3	9
37	2561
94	1687
6	1
48	461
6	2568
124	20
11	83
5	47
3	103
4	972
0	88
60	856
42	61
4	89
0	142
3	1
2	61
36	29
0	2541
3	247
8	1338
26	4
3	362
0	1215
35	42
21	7
2	30
0	47
0	47
0	0
1	16
0	0
5	356
667	507
3	43
3	0
5	9
5	22
5	0
7	120
9	20
3	56
17	64
0	10
10	0
0	311
10	222
3	220
2	205
8	202
0	20
0	210
0	216
0	8
1	17
2	22
0	3
4	17
1	0
0	5
2	0
0	264
4	89
0	49
10	61
14	47
9	89
355	453
6	21
6	56
5	22
18	12
9	2363
539	2378
5	2363
242	1554
0	1232
2	308
5	550
8	137
5223	525
0	11705
0	11625
164	5955
40	12
630	507
5	2140
140	6577
7	6577
11	101
10	11705
0	0
0	0
0	0
0	0
0	141
1	10
0	132
0	106
12	131
0	135
15	117
55	1112
3	295
9	1058
0	27
0	0
3	37
2	0
0	114
4	66
1	1
3	3
9	13
18	2
0	353
27	403
0	316
37	229
7	63
1	133
2	268
12	141
46	241
34	151
6	112
0	36
3	35
0	1
20	21
1	12
0	19
4	19
4	15
1	72
0	11
0	12
1	8
0	20
0	9
0	48
0	6743
0	271
0	1129
0	789
0	139
0	24
0	59
0	502
0	34
0	259
0	1377
0	448
0	303
0	3108
0	832
0	341
0	848
0	630
0	51
0	695
0	616
0	270
0	421
0	63
0	1828
2	0
723	6506
37	5395
62	6041
31	296
0	0
0	1
0	0
0	0
0	1
0	0
0	0
0	0
0	0
0	0
0	0
0	0
0	0
0	1
0	1
0	0
0	0
0	0
0	0
0	0
0	160
0	13
0	11
0	12
0	2
0	8
0	4
0	1
0	0
0	0
0	160
0	0
0	4
0	7
1	3
0	0
0	0
12	4944
0	6322
32	1660
6	4847
54	3562
70	90
44	1140
226	1371
14	0
22	149
977	968
17	569
0	546
3	74
22	4
0	158
0	0
0	7
0	48
0	48
0	65
21	63
0	0
0	1
0	0
0	0
0	0
0	17
0	0
0	2
0	0
0	0
0	2
6	86
0	0
0	0
0	0
0	0
7	8
13	20
0	0
0	0
0	0
0	0
0	0
0	0
5	12
109	1431
17	45
0	1431
3	60
0	1427
0	0
1	0
0	0
0	2328
0	1872
3	136
5	722
0	639
0	1557
9	1066
21	1
2	157
1	3324
0	6093
109	7116
192	100
9	87
89	253
30	331
22	211
213	12225
5	11129
30	63
0	985
21	2070
3	1346
64	582
15	407
0	0
0	2
1	0
0	0
0	0
0	0
0	0
0	0
0	0
0	0
0	12
0	3
25	44192
12	35384
0	20452
4	232
110	5
10	28
22	264
19	3
9	734
4	28
7	763
35	27
10	1719
15	2135
0	1586
13	2260
26	8876
13	12060
143	351
1	303
8	70
26	94
0	82
81	188
0	29
0	55
0	41
19	1802
40	1802
7	205
6	60
12	44
0	66
389	171
4	2
31	952
0	31
0	895
4	393
67	813
1	520
19	1129
32	585
96	350
74	777
1	973
12	749
16	187
6	189
0	9
3	10
0	31
2	4
0	0
1	983
2	5709
0	10
0	3
0	0
0	0
0	10
0	10
0	10
0	10
7	507
0	22
0	501
0	4
0	4
0	0
0	0
0	0
0	0
0	0
0	0
0	0
0	0
0	0
1	30
0	30
0	0
0	0
127	789
218	796
2	20
11	20
1	17
0	20
1	14
1391	20
0	8
1	5
0	1
0	6
0	7
0	2365
56	2020
0	2098
87	2198
36	2276
0	1968
9	1793
23	100
0	183
10	35
4	14
12	2
2	55
6	40
12	23
1	89
0	503
2	381
1	1
4	1323
5	1329
0	4
0	3
1	34
2	11
0	10
0	8
10	27
0	25
0	0
1	1137
5	403
25	264
1	131
4	173
1	290
0	38
5	93
0	22
3	35
0	113
0	35
3	90
0	48
1	44
6	3
0	168
5	1106
0	151
0	2
0	0
0	0
0	0
0	2
0	2
0	2
0	0
0	0
0	0
0	0
0	0
0	0
0	0
0	0
0	0
0	0
0	0
0	0
6	338
0	6
17	71
0	226
0	47
0	17
2	7
49	7
79	47
64	36
1	347
0	26
0	0
0	0
0	26
23	472
8	105
0	378
13	0
0	159
6	246
0	374
293	109
0	79
7	38
2	8
0	22
0	0
0	0
84	1414
0	1414
63	983
0	1299
1	397
6	20
0	17
0	16
0	38
2	64
9	0
1	28
0	37
5	5
11	4
4	46
2	0
0	1299
31	228
30	618
52	592
74	896
0	651
32	53
0	0
0	1
0	1
0	25
0	0
0	0
0	32
0	0
0	0
0	0
0	0
0	0
0	0
0	0
0	0
0	0
0	0
0	0
0	0
0	0
0	0
0	0
0	0
0	3
2	3
0	33
0	31
0	31
7	5377
370	6532
1	6007
822	6562
20	5677
0	3352
0	2663
0	2506
18	2046
0	1970
3	1759
1	1220
0	819
4	844
1	288
0	466
5	466
0	69
29	51
0	70
420	449
111	449
11	19
39	47
172	685
791	685
57	18
7	1
0	1
0	1
0	3
0	0
0	0
5	19
0	5
1	2
1	22
39	31
0	2603
1	167
0	2592
14	232
0	1544
6	1135
46	788
0	226
9	1
0	2595
0	1503
0	3323
0	193
6	2169
1	2214
9	712
6	1730
7	68
0	12
31	42
1	101
79	68
0	80
4	95
17	0
12	39
4	19
13	23
3	34
3	24
914	175
6	97
0	78
943	344
12	278
0	159
0	70
0	0
0	3
4	3
1	49
3	24
40	45
122	9
0	34
0	6
3	0
7	1
4	20
1	12
2	332
1	4
12	4
0	40
0	320
7	14
7	5
0	320
0	328
0	0
0	0
0	0
0	0
0	0
0	0
0	0
0	0
0	0
0	0
0	0
0	0
0	0
0	0
0	0
0	0
0	0
0	15
0	15
0	2
0	11
0	10
0	16
0	15
0	7
0	0
0	0
0	7
0	7
0	7
0	7
1390	1862
2	1677
49	178
0	129
3	40
0	125
2	172
0	19
7	40
11	2
3	47
0	187
0	144
0	25
0	53
0	62
0	8
1	46
285	339
2	196
22	19
0	47
0	53
0	18
1	0
0	0
0	1
0	1
0	1
208	13330
53	1969
1281	13484
6	1278
9	692
5	1109
225	1124
76	91
19	70
4078	0
55	5498
1264	4636
2	617
39	118
3	545
46	2051
81	1327
27	620
1159	708
99	709
95	87
0	70
16	296
22	71
0	0
0	0
0	0
0	0
0	0
0	0
0	0
36	773
3	570
0	607
0	670
0	534
31	358
1	156
2	103
0	24
619	647
15	644
2	15
68	4
0	2625
12	2214
0	2110
248	2607
0	2308
0	1894
5	2048
23	403
62	177
6	639
48	402
26	447
73	256
1	54
0	65
6	41
2	2651
0	8
0	0
0	0
0	0
0	0
0	0
0	0
0	0
0	1
0	1
0	1
0	1
0	1
0	1
0	1
0	1
0	1
0	1
0	5
0	1
1	0
14	28
7	0
37	2454
2	3636
0	188
20	236
1	267
4	3257
16	97
1	3664
12	322
0	366
44	3
75	219
1	3286
29	54
13	215
21	108
29	151
28	10
29	10
32	1
0	404
7	0
1	22
1	22
0	22
0	22
0	22
0	21
1	1
0	0
0	0
0	0
36	134
706	615
0	97
14	96
5	344
4	124
8	49568
0	51846
0	51587
0	50104
0	309
239	21079
0	3430
22	1689
18	2181
10	1703
21	593
7	1593
7	1821
9	425
21	687
12	56
0	50298
1	44104
16	2107
162	1156
0	682
0	252
0	144
0	1972
0	2105
28	0
0	236
98	3829
40	3153
8	602
96	3829
0	0
0	0
0	1
0	1
0	1
0	36
0	36
0	36
0	36
0	0
0	0
0	0
0	0
0	0
0	4
0	14
0	1
0	0
0	0
13	19
100	1963
0	1870
104	3
30	1426
1	124
4	3
0	1419
19	66
4	369
360	315
5	416
92	637
70	109
31	321
3	87
24	97
30	38
0	2
2	8
0	3
0	0
0	0
0	0
2	3
0	3
23	867
77	118
432	1369
23	1372
1	3
0	1
1	1
0	1
0	3
0	1
0	0
0	0
0	0
0	0
3	18
0	0
1	6
0	0
0	0
0	0
0	0
1	156
0	490
46	437
0	415
0	0
0	3
1	125
28	71
3	30
13	499
2	156
1	38
0	55
117	468
0	4
0	117
0	52
6	90
16	453
6	44
23	53
0	109
0	51
1	120
20	14
0	75
0	0
6	69
0	38
0	41
0	62
2	48
0	0
3	11
2	8
4	2
2	1
2	8
2	101
1305	909
12	258
0	87
1	21
6	12
1	21
4	36
7	101
4	100
3	82
6	473
14	259
6	0
0	0
5	33
7	34
6	6
0	6
0	12
0	0
0	0
0	0
0	0
0	0
0	0
0	0
0	6
0	0
0	0
0	50
10	318
6	173
271	400
7	255
41	176
0	60
0	23
0	0
0	0
0	0
18	11059
0	11880
0	1012
0	10542
79	11058
37	397
14	1188
34	5
137	7418
33	46
14	278
14	434
3	1269
0	11180
1	0
0	0
340	1212
0	944
0	846
0	933
1	1003
97	382
0	803
0	860
0	881
0	953
0	68
0	859
0	882
0	851
0	775
1	545
0	718
1	673
0	794
0	652
34	17
16	23
0	3
2	327
5	3086
9	77
3	216
0	93
0	275
0	0
0	0
0	0
0	0
0	0
0	0
0	0
0	0
0	0
0	0
992	84
0	84
6	17
0	825
11	837
54	827
0	232
1	139
0	196
16	227
4	149
0	225
1	147
0	758
3	771
2	758
2	763
0	762
55	0
26	453
1	2
2	13
0	453
36	4890
115	3514
1	3238
19	1841
7	886
0	4
15	76
0	3510
0	3837
0	0
0	0
0	0
0	3
0	0
0	0
0	0
0	0
0	0
0	0
0	0
0	0
0	0
0	3
0	0
0	0
0	0
0	0
0	0
4	187
1374	2455
27	702
9	1001
15	644
76	265
25	325
153	32
189	206
2	459
38	9
197	69
0	10
12	292
61	45
0	231
92	32
2320	1675
13	169
1	1297
8	1253
12	133
2	459
8	457
9	82
0	234
5	1741
32	376
4	233
1	86
3	28
12	80
0	1584
1	124
0	0
0	0
34	27
0	0
0	0
0	0
0	0
0	5
0	2
0	3
0	0
3	2
0	2
0	1
0	0
1	56
0	283
1	1
0	28
0	28
0	29
0	29
0	56
0	298
0	2
0	56
0	56
0	56
0	128
0	0
97	531
94	485
224	435
1	324
7	62
31	77
0	63
0	12
0	82
0	552
34	4
0	0
46	549
0	427
16	340
12	5
2	93
1	15
7	122
0	0
1	18
3	22
0	3417
2	91
0	59
0	3323
0	8
0	16
3	6
0	13
0	14
0	39
8	47
3	72
0	86
11	3392
0	1072
14	3226
0	12
3	3133
14	54
2	231
2	58
0	1397
5	48
0	17
20	18
0	45
1	48
0	85
2	24
0	67
0	101
4	1
1	3
0	11
0	99
1	153
7	151
0	126
4	95
26	2123
1	49
0	129
2	178
134	3324
309	74
117	74
854	1696
16	1696
28	28
40	986
9	70
67	178
3	129
27	158
8	39
0	170
11	10
11	781
67	177
0	18
1	161
0	11
0	125
24	60
0	1
3	1
7	59
9	6
14	12
0	783
0	0
0	0
0	0
0	0
0	0
0	3
0	1
0	2
0	1
1	1
1	0
7	0
10	434
16	454
17	34
0	411
7	361
46	1
22	28
16	17
0	0
0	0
0	0
0	0
0	0
0	0
0	0
0	0
0	0
0	0
0	0
0	2
0	2
0	0
0	0
0	0
0	0
51	4
17	255
0	82
0	141
0	131
0	1
2	118
2	52
3	30
2	10
0	10
0	1
0	10
0	8
0	132
0	130
1	497
20	325
8	458
0	250
0	250
0	35
6	69
0	69
5	23
0	121
5	111
2	1
2	79
0	31
0	28
1	59
2	33
5	469
63	3614
94	1002
21	1128
16	949
0	219
71	0
29	2421
0	1649
0	2587
7	12
1	495
5	32
68	505
0	0
0	0
0	0
16	0
0	0
0	0
0	1371
1	1274
4	1111
6	109
41	32
5	1149
11	1166
3	1209
10	1169
191	525
0	153
3	362
0	331
0	21
806	309
1	215
4	19
4	94
4	1121
69	5310
2	1192
4	765
34	1160
37	4462
4	11
68	212
0	31
11	72
39	384
8	12
339	233
0	17
171	70
25	678
10	346
9	330
0	354
28	4
4	97
4	88
8	90
0	7
1	65
6	25
2	19
0	370
49	44
16	281
0	335
161	354
2	19
163	640
15	620
2	41
6	148
8	21
8	25
2	451
16	47
0	5
0	7
0	23
2	202
2	96
0	46
2	28
5	26
0	626
8	66
4	1615
0	157
110	1570
21	100
3	63
2	4
43	1469
44	104
0	881
46	77
3	78
7	74
0	575
0	80
0	64
0	41
0	38
0	104
1	74
14	93
1	662
1	91
0	45
0	42
0	373
1	1
0	19
0	16
0	6
0	17
0	15
0	15
1	53
23	20
15	2
0	10
0	7
0	61
0	0
0	0
0	0
0	0
0	0
0	0
0	0
0	0
0	11468
19	10750
18	90
98	90
2	0
4	1244
10	1332
0	1201
0	1165
16	2
0	177
6	0
5	2
4	104
9	1221
47	2725
4622	2484
666	2272
2	59
8	14
6	602
17	288
6	2230
5	573
10	93
5	636
1	160
17	267
24	3
12	150
0	2
37	510
89	269
185	211
13	664
9	326
0	116
8	307
24	427
18	102
102	189
2	100
10	32
39	0
52	26
0	56
15	63
29	73
63	101
26	281
0	382
8	551
3	463
0	440
1	250
0	221
5	19
4	30
0	104
3	2
5	17
0	113
2	42
4	43
0	2
8	27
3	13
55	72
4	1
1	2
1	5
5	7
2	4
0	432
0	504
0	3
0	0
0	0
0	0
0	0
0	0
5	17
0	5
0	17
13	374
95	1035
13	227
2	525
1	320
38	534
28	0
150	21
26	71
48	16
0	1
0	5
0	23
0	6
0	0
0	23
0	10
0	1
0	1
0	27
1	32
0	0
0	0
15	2
1	4
0	0
0	4245
0	4293
0	3042
0	1910
0	3198
0	764
0	311
0	315
0	127
0	74
0	127
0	133
0	212
0	38
0	217
0	82
0	70
0	1577
0	718
0	766
0	726
0	159
0	228
0	12
0	53
0	38
0	43
0	871
0	986
2	27
82	1368
36	1082
1	134
32	601
109	137
44	1082
0	1107
622	40
0	2
17	0
1	38
1	3
15	65
0	46
0	13
3	36
2	16
0	11
0	4
4	2
13	38
0	0
0	555
0	565
0	142
0	271
0	135
0	11
0	82
0	120
0	5
0	275
0	54
0	0
209	4572
14	2419
0	3897
23	238
21	2311
15	24
8	140
32	291
10	0
27	124
12	315
420	17862
202	10172
3	7848
12	13770
125	14624
15	9021
78	6376
66	4448
15	3664
0	9578
5	3522
11	1858
4	9
0	8162
0	825
12	20
18	22
0	16
7	18
19	0
4	0
0	3
0	3
0	3
0	3
0	0
0	0
0	0
0	0
24	5
0	0
0	0
0	1
0	0
0	0
0	0
0	1
0	0
0	0
0	0
0	0
0	0
0	0
0	0
0	0
0	10
0	10
2	7
0	1
0	0
0	6
14	74
43	434
5	890
23	386
17	610
0	667
12	305
31	725
18	473
1	717
8	269
0	237
15	376
3087	526
11	498
12	31
86	1987
11	1987
8	0
0	0
0	0
1	0
0	0
0	0
5	20
0	0
0	0
0	0
0	0
0	0
0	0
0	0
0	0
0	0
0	0
0	0
6	389
0	1023
33	966
0	1912
6	1783
78	1866
29	1255
0	93
96	464
64	330
54	113
0	472
0	1271
21	158
0	83
19	65
193	328
112	356
154	88
169	99
11	136
21	72
2	1831
0	119
0	0
0	0
0	0
0	0
0	0
0	0
0	0
0	0
0	0
0	0
0	0
0	0
0	124
1	12
0	18
10	70
0	11
2	71
0	103
83	595
30	599
6	572
4	2
0	153
19	556
1	0
625	810
12	765
2	502
13	503
1	471
0	110
39	353
13	59
0	11
113	20
0	6
7	18
130	388
1	65
14	307
0	13
0	13
0	6
0	3
0	0
0	0
0	0
0	0
0	0
0	298
0	19
5	74
53	226
6	298
1	34
41	121
10	12
0	0
0	1
0	1
0	1
23	1219
178	4375
0	1311
8	114
0	4371
0	4011
2	2
0	2
0	2
3	2
0	4
0	0
0	1
0	6
5	14
0	1
0	1
0	6
21	6
2	4
0	0
0	0
0	0
0	6
0	6
19	17
0	120
8	560
2	562
16	745
15	38
9	74
0	115
0	419
13	723
4148	42036
145	42040
217	42045
242	10254
15	3486
5	7749
45	1223
37	3662
55	2685
2	12525
0	0
0	0
0	2
0	0
1	18
0	0
0	0
0	0
0	0
0	2
0	0
0	0
0	0
0	2
0	0
0	0
0	0
0	2
0	0
0	0
0	0
0	0
0	0
0	0
0	0
0	0
0	0
0	0
0	0
0	0
0	0
21	144
0	22
0	144
0	1555
0	666
0	659
0	579
0	1258
0	8
0	941
0	340
0	1408
220	50
17	50
0	6
0	8
3	3
2	6
3	6
0	6
2	0
4	25
0	0
0	0
0	0
0	0
5	51
155	829
1	12137
11	0
2	678
90	12007
58	1626
61	1952
30	11527
14	2720
34	1430
161	6671
0	159
6	140
5	132
0	27
1	126
0	122
11	148
5	48
0	5
0	453
0	932
0	157
0	435
0	156
0	88
0	691
0	152
0	747
0	179
0	2
0	12
0	704
0	112
0	5
0	77
0	12
0	41
2	37
0	31
1	34
0	1710
3	338
0	335
7	244
0	31
4	137
3	152
1	14
0	0
1	28
37	140
5	140
0	12
0	107
0	32
0	110
0	107
0	0
0	51
5	140
30	6
0	6
0	0
0	0
0	0
0	0
0	0
0	0
0	0
4	2
0	0
0	0
615	1511
0	321
1	167
8	72
0	74
3	72
0	52
0	1511
0	33
0	3
0	1
0	1
0	4
0	1
0	3
0	33
0	1
0	1
0	3
0	0
3	4
2036	2336
0	56
5	897
24	623
6	1879
4	1
1	599
0	1
20	708
17	26
12	1
1	477
0	0
1	0
0	0
2	1
5	7
4	9
0	6
0	3
1	6
2	3
0	0
2	2
0	0
5	316
1	432
558	310
4	4
0	1
0	39
0	33
1	0
5	38
0	7
0	8
1	3
0	0
0	2
0	6
0	0
0	35
0	39
0	43
44	817
0	111
0	64
0	0
0	0
0	0
0	0
0	0
0	0
0	0
0	0
0	0
0	42
0	2
0	63
0	3
0	1163
1239	1914
17	698
23	1104
345	3343
0	1235
38	960
24	1681
0	38
21	23
0	2148
6	21
1	134
31	750
3	159
0	20
0	143
8	238
8	86
0	0
0	0
2	2014
0	1253
0	944
0	176
764	68
2	50
23	57
11	32
1	26
1	30
0	9
20	22
42	2079
0	3
2	1894
57	1934
0	1503
7	588
79	1409
0	1213
10	429
0	105
25	251
8	336
11	1
8	181
0	317
27	260
2	180
0	489
0	437
0	299
0	319
84	382
0	60
8	20
10	242
7	245
0	67
0	138
1	31
0	65
10	67
0	140
6	5
1	1891
0	1877
0	973
3	299
0	67
0	218
83	3942
56	1947
114	3078
36	3207
22	824
27	1746
36	2776
27	3562
0	2981
18	237
34	3
0	0
0	0
0	0
0	0
0	0
0	0
2	525
18	490
138	539
0	258
13	57
15	57
3	12
4	55
23	0
0	11
0	41
0	45
33	11
0	0
5195	539
4	12
8	304
7	235
0	0
66	9633
42	51
218	12088
18	9923
22	4820
17	8394
0	720
194	9663
0	9664
25	2768
24	9643
0	2
10	11
0	0
7176	0
1048	15
86	24773
16	15206
0	24772
10	6744
108	2518
110	2910
48	8613
407	3170
174	5397
150	2852
78	0
26	1755
0	225
0	341
0	325
0	199
0	177
0	33
3	136
0	17
0	38
0	20
25	856
174	29
44	917
1726	922
3	24
158	584
2	16
3	187
2	525
0	60
0	473
6	3
5	30
180	165
10	150
1	1
1	12
5	17
5	37
0	1
0	0
0	0
0	24
1	23
0	17
0	4
0	10
0	7
0	24
0	4
0	7
0	22
0	22
5	18
0	0
31	204
0	195
15	73
4	81
3	87
1	3
0	21
0	124
0	181
0	139
0	62
0	4
0	15
12	25
0	8
0	47
161	535
6	631
4	163
5	436
3	197
0	30
1	479
3	52
35	2145
14	727
3	43
2	3
4	1637
3	2112
3	6
0	0
0	0
15	5
0	0
0	0
1	9
0	0
0	0
0	0
0	0
0	0
0	0
0	0
0	0
0	0
23	719
1	251
5	107
4	121
0	511
3	16
0	162
0	36
115	615
10	23
0	124
58	559
0	176
23	167
7	21
13	50
12	27
48	351
84	726
0	326
3	735
1	849
0	440
6	56
0	0
0	0
731	906
0	163
23	366
5	45
16	26
15	0
0	0
0	0
0	0
0	0
0	0
0	0
0	0
0	0
2	510
0	491
1	155
0	53
4	34
4	49
11	155
5	11
3	40
2	0
0	37
0	41
2	45
0	32
0	26
20	47
0	25
27	40
4	7
5	8
108	0
0	0
0	0
0	0
503	10
2	6
18	4
0	0
0	0
0	0
0	0
0	0
0	1
0	0
0	0
0	1
0	1
0	0
0	0
0	0
0	0
0	1
0	72
8	18
0	127
64	1861
14	54
73	3
7	84
14	1861
2	1239
0	116
16	1
16	2
66	1616
4	56
0	605
3	42
10	17
2	129
0	168
13	21
1443	0
122	3691
48	792
54	180
68	1497
34	2617
52	3123
0	2855
4149	500
0	498
11	17
13	110
222	111
0	0
3	307
1	270
6	260
0	257
0	211
1	222
0	208
0	157
18	148
1	100
0	105
0	9
0	5
0	0
0	1
0	27
0	0
2	1
1	3
1	1
0	5
0	2
6	1
0	262
0	216
0	257
113	228
0	0
0	0
0	0
0	0
0	0
0	0
0	0
0	0
0	0
0	0
0	0
2	0
0	0
0	0
0	0
0	1273
0	2786
0	169
0	596
0	27
0	124
0	122
0	11
0	50
0	49
0	162
0	43
0	0
0	0
0	0
0	0
0	0
0	0
0	0
0	0
0	0
0	0
0	0
0	0
0	0
0	0
0	0
2	0
0	0
156	872
50	790
2	95
0	9
0	9
0	0
0	2
0	10
0	2
0	13
0	10
0	0
0	6
0	1
0	4
0	1
0	0
0	0
0	32
0	0
0	1
7	4
90	295
26	301
74	210
1	14
0	46
0	1
0	1
0	30
2	182
36	1382
2	18
0	75
13	597
5	15
1	16
0	21
0	96
40	1029
4	904
30	1403
4	106
3	253
6	269
956	1495
10	1222
3	712
9	542
2	46
0	38
0	28
1	9
0	62
21	50
1	4
11	1
0	3
0	1
1	0
0	4
0	1
0	1
0	0
1	0
0	0
0	0
0	0
53	66
0	0
0	0
0	0
0	0
0	0
0	0
0	0
0	0
0	0
0	0
0	0
174	7460
0	257
54	433
42	3027
28	115
18	7461
83	1316
0	211
3	81
0	119
6	31
2	3
0	285
3	224
1	258
4	3
6	794
0	153
4	6
66	817
1317	121
17	125
30	85
1	231
0	128
28	826
1	52
5	92
0	296
0	161
0	151
0	148
4	12
9	51
5	635
5	69
0	55
15	139
570	168
2	56
0	99
4	121
36	129
3	79
0	40
0	0
0	3
380	3764
8	26
1	131
192	241
17	0
12	158
11	3368
4	104
0	40
0	32
3	9
0	10
4	3
0	6
0	5
0	5
0	2
0	1
0	36
965	702
0	174
0	206
1	42
4	188
6	262
9	143
8	110
17	103
0	561
21	333
6	115
18	103
3	365
1	425
1	238
8	357
13	19
4	85
5	5
3	12
1	51
14	3
25	0
3	160
9	55
0	4
0	4
1	510
75	1116
20	1112
108	895
102	1815
27	90
11	209
284	1860
31	1445
0	440
32	270
13	163
18	11
1	315
1	36
1	1095
124	844
0	1081
2	60
11	0
9	0
7	34
9	87
5	27
2	39
24	260
0	318
0	23
0	1092
0	882
0	752
0	1048
0	1055
0	1081
19	295
0	57
0	81
0	46
0	18
0	4
194	2609
43	1631
11	971
5	452
3	475
0	0
0	0
0	0
0	0
0	30
4	34
0	10
4	27
0	7
0	4
0	6
2	6
0	1
0	85
1	180
0	169
2	63
135	101
2	2
0	2
1	15
0	3
0	5
19	1
0	145
6	42
0	5
0	1401
2	641
11	213
0	43
0	62
0	301
0	67
0	42
0	304
0	358
0	46
0	44
0	291
0	65
0	313
0	40
0	153
0	26
0	76
2104	2
7	2
5	0
2	196
1	1
0	1
0	2
0	1
943	0
8	20
4	7001
0	6811
29	5793
6	1875
2	351
2	15
0	300
9	32
21	14
13	85
17	230
11	3530
0	3434
5	6
3	474
8	80
8	231
12	5
1	276
0	6889
4	60
1	3
18	709
1	34
3	395
0	389
5	452
107	83
22	514
27	208
4	42
22	47
2	336
0	44
1	202
1	133
1	170
15	45
0	11
1	6
0	151
17	171
0	364
2790	0
26	9
20	20
0	16
0	0
0	0
0	0
55	3062
39	2885
12	63
2	2581
0	322
0	700
5	95
120	1416
33	1126
12	356
10	340
3	131
0	2
47	13
3432	0
16	0
0	0
7	8388
5	10350
15	3274
141	7352
15	6237
163	6137
0	143
12	0
2	0
0	1
6	0
15	243
2	241
4	404
52	397
1	178
5	342
0	71
5	289
5	265
1	322
1	220
20	218
0	125
0	35
9	94
3	32
0	17
12	0
2	1
0	0
0	0
2	0
0	0
0	0
16	7
5	104
21	20
0	16
0	19
8	22
3	8
0	0
1	87
0	0
0	0
194	1162
70	1162
29	33
0	0
0	0
0	33
15	14
0	0
0	0
0	0
344	4865
555	4865
46	201
0	975
22	348
0	0
0	0
0	0
0	8
0	0
0	103
0	105
0	15
0	269
0	15
0	25
81	491
10	50
15	24
10	39
23	307
0	280
24	205
72	1728
19	984
0	52
0	74
0	49
2	1704
0	1652
2	1643
264	0
0	0
2	0
0	0
0	20
3	31
0	24
1	31
1	23
4	4
0	10
1	3
4	9
11	130
19	123
15	64
7	99
0	21
0	0
0	0
0	0
0	0
0	0
0	0
0	0
17	3315
1295	2104
0	3185
0	2881
0	2623
14	2798
0	3196
10	2560
9	135
29	460
32	205
171	585
9	521
0	318
27	150
30	5
0	5
0	448
7	116
10	347
0	348
0	3202
0	329
3	108
1	31
0	537
216	3068
3	2728
120	3149
2	50
17	2
0	0
0	0
1	8
5	9
7	4
0	10
0	2570
0	2616
130	1695
24	1701
10	1552
35	152
0	0
2449	0
1041	1986
18	1428
1	1602
13	1
14	229
497	4981
10	555
21	731
41	13
4	842
5	351
8	165
12	4325
4	91
19	91
41	45
8	13
3	36
2	4
0	0
3	4
1	106
5	108
35	29
70	923
650	1168
17	71
2	42
23	927
14	590
1	0
0	0
0	0
0	0
0	1
0	2
0	2
0	0
0	9
10	19
1	11
0	1
0	1
4	2
5	0
0	19
0	6
1	1037
278	1595
47	775
11	871
8	47
4	47
0	18
20	75
0	173
5	840
205	65
258	409
38	31
0	0
4902	0
0	0
0	0
0	0
0	0
0	0
0	0
0	0
0	0
0	0
0	0
0	0
1	115
390	663
14	4
6	163
13	463
13	111
0	660
0	717
0	748
0	640
0	544
0	644
0	642
0	82
0	43
0	43
61	85
0	51
5	55
1	1
1	4
1	386
0	30
71	53
0	1079
1	7
1	933
0	861
0	683
1	108
2	1031
18	1002
0	25
3	1140
0	962
0	951
3	10
8	1081
2	7
63	1029
0	10
3	12
0	68
3	159
35	252
2	11
2	310
3	27
1	90
0	96
10	94
40	49
7	89
5	0
0	1
0	18
0	0
5	19
4	20
0	12
1	8
0	25
0	33
1	25
36	877
12	603
9	185
0	487
3	433
3	443
0	461
1	380
1	19
0	96
8	10
16	13
1	288
0	355
1161	495
0	469
7	10
184	198
1	0
0	0
0	79
2	0
4	0
0	1
11	132
0	243
0	81
10	73
0	69
0	30
10	68
5	27
0	25
0	9
5	21
0	109
1	2
2	4
1	8
4	21
0	229
1	2
0	4
0	0
0	231
0	81
0	76
0	19
0	32
0	8
0	14
0	12
0	1
0	20
0	19
0	13
0	12
0	4
0	12
0	8
0	11
0	7
0	7
0	1
0	0
0	1
1	77
10	4
41	1068
4	361
4	794
0	2
3	126
7	203
12	134
5	225
18	1405
2	1197
6	3320
6	1300
0	1457
10	46
3	29
4	2779
2	976
3	2325
1	3131
0	13794
0	7336
0	0
0	0
0	0
0	0
0	0
0	0
0	0
0	3
0	0
0	0
4	1430
24	1055
1	335
20	1139
0	431
15	55
0	694
35	453
104	567
57	398
28	525
9	65
30	62
14	30
0	3
128	75
16	12
3	11
69	44
0	1
0	0
0	0
0	0
0	0
0	1
0	1
0	0
6	7
23	538
5	259
48	337
0	212
964	884
0	242
0	422
258	394
0	357
0	385
2	37
1	34
15	10
6	3
1	0
9	0
0	37
0	137
0	8
0	3
6	9027
0	7601
0	533
0	2603
54	703
411	3585
2	7096
0	1032
0	3481
0	2389
0	627
0	1258
3	6458
46	7849
2	5281
0	780
1	844
0	1057
3	62
2	1531
0	1039
0	6694
0	901
0	2495
0	7421
13	5535
0	5371
0	6309
0	1643
23	245
0	862
0	699
0	586
0	3298
36	14
5	83
3	4
1	5
0	0
4	29
2	71
0	66
37	199
1	25
5	157
9	98
0	54
0	56
1	25
0	1
0	14
1	12
0	3
0	0
0	0
0	0
0	0
3	31
0	8
0	31
827	21
6	72
0	182
11	57
8	231
0	34
11	127
12	36
0	291
6	45
36	20
0	87
0	79
0	102
6	11
0	372
0	395
0	474
0	400
0	364
0	327
4	35
30	265
7	104
0	344
2	439
0	315
0	0
0	1
1	26
0	0
0	23
0	9
0	47
0	12
0	19
5	7
0	355
0	0
743	1025
9	811
3	826
0	520
0	12
27	808
4	114
311	720
19	504
7	43
0	667
0	6
0	1
0	1
0	4
0	0
0	0
0	0
0	9
0	0
0	3
0	3
0	3
16	12
0	1
17	713
53	528
20	248
30	201
3	479
20	211
1	89
20	0
113	374
4	43
25	160
4	44
0	0
0	0
7	713
2	344
2	228
1	56
2	201
2	184
0	211
0	83
0	781
63	745
18	35
0	40
769	562
10	151
9	83
0	0
0	0
0	0
0	0
67	40
0	1046
0	1331
0	1277
0	1518
0	356
0	341
0	230
0	205
0	150
0	137
0	127
187	1362
116	1679
9	1295
15	265
7	124
15	2693
1	2270
16	2245
9	2087
0	992
5	971
0	612
0	784
2	1006
0	1294
10	613
8	6
7	479
13	578
18	241
68	413
4	13
37	84
0	810
3	1131
0	1143
0	1161
16	963
17	1137
0	1163
0	420
0	446
0	33
6	11
1	159
0	90
3	84
0	67
2	64
5	63
4	26
0	12
5	6
4	28
20	34
14	1137
11	1958
2	908
101	336
1	1669
1	665
0	1703
7	1679
0	1346
2	1722
0	1767
0	1609
0	1957
0	94
4	1765
19	0
6	20
5	5
6	1087
0	900
0	1558
8	306
3	5
0	5
0	14
58	68
1	6
0	1
5	17
24	17
4	49
1	8
0	277
0	348
0	376
0	0
0	10
0	19
62	2007
1	1843
1	1832
7	1847
0	965
15	1509
5	139
1	234
2	88
26	8
0	0
0	0
0	0
348	9
6	9
0	0
0	0
0	0
0	0
524	172
6	44
0	118
3	46
0	26
0	19
2337	242
88	17
1	152
4	0
0	1
0	0
0	0
20	586
22	734
80	963
50	44
11	123
95	491
36	199
0	120
185	122
0	68
17	102
0	173
0	20
166	163
0	1493
0	1252
0	867
0	193
0	66
0	45
0	52
0	125
0	324
0	59
0	23
0	27
104	51
0	52
0	40
1	1
17	0
9	2
5	4
10	4
4	1
50	1
202	234
1	0
3	44
0	3
0	3
0	3
0	3
0	3
0	0
0	0
0	0
0	0
0	0
0	0
0	0
0	0
0	0
0	0
0	3
168	180
0	6
4	5
2	171
15	11
0	5
49	129
0	236
591	3634
120	3130
6	844
33	886
6	334
2	1
0	1
0	1
0	2
0	1
0	0
0	1
0	1
0	186
0	162
4	97
1096	384
2	154
14	257
0	110
8	53
15	203
0	162
0	154
2	173
0	97
0	136
3	180
0	146
0	164
22	65
0	3
0	16
0	28
0	0
4	256
4	57
0	237
0	0
0	23
2	19
13	227
3	28
0	110
0	573
0	324
0	143
0	621
4	255
0	621
0	596
0	348
0	594
0	570
0	645
1	231
1	578
0	555
1	18
2	66
7	363
4	32
6	584
0	535
0	306
0	469
11	2
0	618
0	222
0	644
0	584
0	618
4	41
0	537
0	614
2	691
0	482
41	96
0	622
0	337
4	357
0	618
0	641
0	602
10	129
0	665
1	1146
516	4877
1	1358
21	2190
8	38
0	2347
23	751
56	1827
25	233
1	2107
15	525
0	208
16	35
0	4826
24	1
0	0
0	839
11	238
5	2
6	57
14	405
0	569
0	358
30	233
47	46
26	853
0	161
2	123
2	154
0	32
1	60
1	88
0	46
0	207
0	60
20	21
9	92
1	41
0	144
0	548
8	67
0	0
0	0
3	17
0	0
0	0
0	0
0	0
0	0
0	0
0	17
0	0
0	14
1	62
0	1
0	0
2	1
1	1
11	13
0	13
0	0
0	0
0	0
0	61
0	0
0	1
0	0
0	0
0	1
0	1
1237	1434
7	954
11	151
10	17
3	84
5	58
19	135
6	135
4	39
5	12
127	43
6	48
1	46
9	31
20	256
0	859
18	1296
79	2454
1	561
3	1157
136	2414
36	841
30	166
23	1
39	9
0	0
0	0
0	0
0	0
0	0
0	0
0	0
0	0
0	0
0	0
0	0
0	0
46	358
393	2149
43	73
0	134
359	1401
0	89
71	244
105	123
1	178
0	41
0	45
9	36
3	9
1	3
5	11
16	6
0	36
0	49
0	49
5	57
0	32
0	32
0	32
0	1
0	0
0	0
0	0
0	0
0	0
0	0
0	0
0	1
0	0
0	2
0	0
0	2
0	0
0	1
0	2
2	25
7	155
0	25
0	9
0	24
2	19
16	5
14	5
1	31
1	8
1	17
3	2
0	19
0	0
0	176
357	4740
12	3317
0	2070
0	4758
0	0
250	1
0	268
4	277
2	7
42	109
0	3
0	5
6	624
0	1805
6	302
8	1116
0	0
0	9
11	0
0	75
22	14
0	5
53	1805
0	582
3	570
1	236
0	157
6	58
0	81
37	537
0	555
0	312
0	144
0	625
0	270
0	601
4	460
9	547
8	498
1	26
6	499
31	74
0	598
4	93
0	453
1	204
5	288
0	190
0	264
0	423
4	330
0	233
3	189
0	72
5	12
1	208
0	467
0	383
0	965
19	888
8	769
14	804
0	842
0	878
0	728
29	145
4	573
0	29
10	94
28	109
29	11
6	5
13	74
0	60
14	78
0	13
0	28
0	645
0	150
295	1878
15	1745
0	1627
0	1511
0	2524
13	352
0	2148
10	55
17	16
22	1468
13	1435
10	364
6	92
4	5
8	128
10	45
40	227
1	10
5	188
0	2480
0	2529
0	1491
0	1554
0	0
0	0
0	0
0	4
33	1337
64	1582
2	1089
18	435
4	100
0	1740
30	75
31	35
0	10
0	73
0	72
0	4
0	73
37	76
0	0
0	0
1	3
2	0
0	0
4	10
5	0
3	12
1	2
0	1
0	96
0	66
0	98
1	14
3856	147
25	0
1	50
6	51
115	2940
64	2958
35	132
0	39
36	26
2	38
1	9
3	73
39	9
9	328
0	343
15	113
267	106
3	73
5	33
14	55
1	42
0	709
0	57
0	137
20	1442
2	1012
0	83
0	103
0	1418
0	282
0	100
0	1413
0	1062
32	1576
13	1757
8	187
16	918
64	496
10	272
7	436
15	1552
16	977
4	1246
282	2626
152	497
6	260
0	170
60	129
3	634
330	56
109	25
42	330
12	379
0	389
0	1
75	642
0	1418
13	1294
36	186
37	595
40	597
0	19
0	19
0	19
0	0
0	0
0	0
0	0
0	0
0	0
0	19
0	0
0	0
0	19
50	1061
91	1226
4	567
10	6
10	46
0	5
2	0
0	5
0	0
0	0
0	0
0	0
0	0
0	0
0	0
0	0
0	0
1	0
2	4395
6	118
0	2598
5	60
9	2356
0	1985
9	830
17	1033
1	2506
0	30
0	0
0	30
0	2
0	28
0	30
0	30
0	30
0	30
0	30
0	28
0	33
0	33
0	30
0	6
0	0
0	0
0	0
0	0
0	1
0	38
0	16
0	17
0	17
0	17
0	17
0	17
0	17
0	11
0	9
1	7
0	3
0	0
0	0
0	0
0	0
0	0
0	0
0	9
0	0
0	0
0	17
0	17
0	17
7	567
0	0
0	1
3	13
0	0
4	1570
0	3686
1	666
26	893
27	808
12	10
0	901
14	625
7	3641
0	3504
2	3660
56	217
29	2780
14	1098
0	1576
35	1443
249	2882
4	118
3	40
0	122
0	252
5	277
113	367
14	119
18	182
0	105
36	49
31	1403
21	1636
73	137
102	498
6	497
8	138
44	366
1	15
140	609
9	4
0	554
4	10
47	0
4	0
5	24
98	134
6	280
2	122
9	1424
16	958
20	7526
1	477
0	207
0	1770
0	2671
16	796
29	775
26	251
16	10
10	1299
1	6818
6	499
796	1343
5	522
2	5
0	895
12	953
5	124
7	373
1	124
0	48
24	92
0	99
0	7
148	226
18	184
0	19
1	111
23	111
44	17882
57	8764
349	14258
0	17882
2	6904
0	3
104	827
0	1172
87	2911
56	4612
23	1637
63	1489
6	405
2	397
17	398
2120	1
1	24
0	6
0	5
0	16
5	3
1	1
0	4
0	2
0	0
0	0
0	24
0	0
0	0
0	5
0	5
0	5
0	5
0	5
0	9
0	1
0	0
1	14
0	0
65	829
720	1229
7	653
5	622
20	729
92	476
8	301
246	81
17	14
0	19
10	63
3	8
0	8
2	8
0	0
4213	0
2048	1978
6	89
0	25
0	34
403	50
365	769
31	685
5	105
29	118
13	118
3	5
56	54
1158	2586
130	825
16	1474
22	231
30	1221
6	676
11	2730
9	2091
5	2623
7	2565
0	2729
3	2592
2	470
15	64
29	14
0	179
2	100
16	1846
2	2539
16	62
2	55
2	115
2	72
2	2568
0	2446
7	3
1	3
0	522
49	2368
0	106
50	1230
6	253
27	230
0	5
0	19
19	1532
13	920
11	789
4	647
3	44
2	1
4	20
0	24
2	24
3	12
13	271
0	0
0	0
0	13
0	13
0	0
0	0
0	0
0	11
0	0
0	5
0	8
0	8
0	5
0	31
0	74
0	73
0	65
0	58
0	19
0	63
1	67
0	12
0	58
0	59
0	53
0	68
0	51
0	9
0	0
356	127
1	0
8	13
818	203
2	55
7	42
374	2018
15	289
1	681
3	26
28	1502
18	5
0	516
20	44
8	409
12	341
5	139
66	303
15	226
0	0
0	0
0	0
0	0
7	97
0	90
0	78
1	70
0	89
1	88
1	85
0	54
0	21
0	16
1	1
1	22
155	903
0	182
1	16
0	0
1	0
0	1
2	4
2	13
10	9
0	4
109	19
10	90
0	91
0	77
5	0
29	110
0	0
0	0
0	0
4	1425
189	1408
0	185
0	387
1	524
0	459
0	125
13	19
20	13
22	24
1	9
0	27
17	94
2	1244
12	354
0	1446
1	16
4	45
0	1816
0	76
0	92
0	746
0	0
0	781
3	7
25	70
0	40
1	41
0	0
7	273
0	285
6	164
1325	5
21	204
0	145
6	195
0	6
83	40
17	23
83	80
1	107
91	37
2	8
2	28
16	343
74	797
255	725
8	73
4	192
30	220
0	93
0	851
1	691
7	446
2	341
21	590
22	509
0	212
1	328
19	293
0	170
10	190
2	16
36	42
10	912
283	980
10	156
5	216
3	18
59	293
1	29
0	140
17	460
18	2474
0	2379
1	2464
24	176
20	1338
10	0
59	2
34	2
0	107
0	513
0	127
0	102
1	80
14	66
65	137
14	115
12	379
0	0
0	7
0	1
0	0
0	0
0	7
0	6
1	5
30	9
2	3
4	3
374	2391
3	878
3	1750
4	283
3	364
23	478
16	7
0	114
9	95
7	405
18	169
13	39
127	496
0	192
0	4
0	4
3	0
63	3607
5	3126
5	684
460	1073
7	1086
23	64
13	1
0	1653
1	0
88	1653
0	2332
775	5775
0	1629
60	331
0	966
7	824
0	1998
3	5098
39	883
58	1421
0	980
21	420
0	1030
10	981
106	461
0	1226
44	471
2606	717
14	657
7	76
0	6
0	0
0	6
0	2
0	0
0	1
9	5
0	1
0	4
285	1771
1	55
5	227
0	1052
36	115
14	1597
65	1060
14	73
1	163
0	16
11	78
3	31
0	70
0	91
21	890
0	492
22	146
6	178
1	337
6	51
0	347
49	124
10	189
0	121
17	35
194	421
64	6096
0	2442
2	3661
30	3632
37	3620
0	6069
18	424
1	0
0	422
0	422
0	8
0	165
0	262
0	225
0	78
0	23
0	30
0	23
0	5
0	22
0	1
0	17
0	26
0	4
2	107
1221	3415
59	2695
6	2627
31	106
0	270
17	2053
5	164
36	1
7	3
157	106
89	230
100	210
19	205
1247	2039
3	234
15	185
0	244
16	2040
4	21
0	20
8	17
0	20
0	15
0	5
194	4
0	1
0	1
0	0
0	0
0	10
0	0
0	0
0	0
0	0
0	0
0	0
0	0
0	0
0	0
0	0
0	0
0	0
9	0
0	0
0	0
0	0
0	0
0	0
0	0
0	0
0	0
0	0
0	0
1536	1
4	0
16	0
2113	51
6	2
0	32
0	0
0	0
116	1827
52	1636
0	1003
33	106
24	144
12	1
0	0
0	0
0	0
21	57
0	0
0	0
0	0
1	365
1117	1271
1	1036
6	0
4	1761
0	1900
2	250
28	12
12	79
198	1903
0	6
4	13
0	0
0	6
0	0
0	1
1	1
4	0
0	5
0	5
22	15
6	7
0	874
0	437
0	738
3	646
16	339
5	315
11	28
0	156
0	774
0	643
1	100
1	648
0	730
0	703
0	709
2	765
0	136
7	359
3	0
0	133
6	112
19	2
126	120
3	18
0	56
0	563
0	0
0	0
0	0
0	0
0	0
0	0
0	0
0	0
0	0
0	0
38	245
0	0
2	0
0	0
0	0
0	0
0	0
0	0
0	0
0	0
0	0
0	0
1	80
3	210
8	350
80	1157
20	53
0	53
0	688
5	406
0	592
4	196
0	532
7	464
9	0
1	13
9	1301
7	1271
15	50
8	18
31	7
0	1
3	28
5	179
1	17
3	0
0	18
1	45
1	6
0	416
0	39
5	454
0	60
1	175
0	38
1	59
0	20
1	0
0	10
3	18
0	5
80	21
8	675
56	103
7	34
4	60
0	24
1	24
0	19
0	24
0	24
0	8
0	6
0	3
0	0
0	0
0	24
55	628
0	647
2	28
71	111
12	637
470	288
4	229
7	31
1	221
0	279
2	4436
56	3003
1	2502
0	141
4	7
0	1853
8	0
13	304
0	3958
10	3855
0	123
3	124
0	72
1	148
0	31
0	88
0	130
0	1
0	1
2	0
0	11
0	11
0	15
0	15
0	25
0	8
0	9
0	0
0	2
0	25
23	0
40	8
6	12
0	72
4	172
4	189
0	155
175	294
1	64
22	38
1	7
0	57
2	49
0	122
2	18
0	30
0	1
0	22
5	52
11	37
0	10
20	25
0	11
0	70
32	0
42	349
0	0
0	21
1	309
15	349
0	11
45	58
0	72
21	0
0	10
9	16
4	16
26	22
3	8
7	171
1	16
74	210
0	41
0	2460
594	67640
139	1667
8	3323
39	61019
31	3558
298	8962
260	4976
69	4931
3	19392
0	19773
0	0
0	0
0	0
0	0
16	731
0	2431
25	197
11	479
2	19027
46	4000
41	396
0	1256
28	10136
14	3250
0	1191
8	5418
0	898
24	2683
14	14264
0	16686
0	5
0	0
0	0
0	0
542	195
0	188
0	19
4	44
20	23
8	7
0	0
0	43
0	104
0	255
0	175
0	79
0	36
0	156
140	43
10	28
8	96
0	0
0	0
9	7
0	1606
42	1830
0	1604
70	1852
75	1876
2	1453
0	205
0	316
6	628
3	1944
1550	0
1	24
17	2122
11	1958
0	425
0	738
6	30
50	313
1	328
8	180
0	182
39	1158
19	699
182	1585
4	340
225	19
0	8
2	2
1	3
0	0
0	0
0	0
0	428
0	511
0	447
0	529
0	517
6	500
0	117
0	483
2	24
0	393
2	0
2	62
1	6
26	301
0	11
1	49
0	30
6	785
10	854
0	565
1	542
33	670
21	111
2	48
1	134
17	4594
1	326
106	4345
13	1242
27	4219
102	4847
55	3677
22	8
106	391
236	2833
4	721
127	3548
4	10134
572	11137
0	9993
1	234
4	149
0	2728
13	2363
28	1995
33	507
16	9202
22	296
0	53
31	302
3	258
0	351
7	327
0	0
0	0
7	23
0	0
0	0
0	0
0	0
0	0
0	0
0	0
0	0
0	0
0	0
0	0
192	662
46	77
2	30
0	30
0	71
58	662
1	1825
33	1643
0	53
3	1031
2	1153
10	20
0	896
3	6
13	48
39	71
0	87
9	126
0	155
8	112
0	83
0	80
99	33
13	1928
0	145
0	62
0	80
83	483
14	28
15	303
0	494
0	422
1	72
0	58
0	0
0	3
0	1
0	4
2	33
0	4
0	67
2256	166
33	30
34	90
0	182
2	14
1	1489
2	1609
4	14
11	3695
2	895
0	499
12	690
0	1318
33	3216
1	1156
6	899
1	648
23	2947
0	506
0	2351
21	251
0	2437
105	373
11	100
47	32
52	333
96	59
0	2609
0	3412
0	0
0	0
670	0
0	98303
20	98951
621	76139
1	79749
5	83897
51	66541
38	18440
44	20162
0	15937
3	9134
117	7968
96	1734
33	1088
4	1074
118	7768
496	8315
95	35
525	115
0	115
0	343
0	549
0	0
0	5
0	5
0	0
0	0
0	112
0	0
0	0
0	15
0	251
0	256
0	144
0	0
0	0
0	0
0	0
0	0
0	0
186	3394
51	3394
14	33
9	11
12	66
13	9
16	564
1323	105
15	98
7	42
0	1637
8	594
0	1294
2	588
8	1503
1	1504
0	1553
46	182
264	1599
9	77
0	0
6	3
0	0
0	3
0	0
0	4
0	77
0	579
2	1479
0	335
9	19
14	2
6	1311
12	218
0	261
0	201
2	221
0	104
0	238
0	26
0	50
1	403
9	8780
688	14375
0	5557
40	15621
22	2339
1	2277
0	14686
0	5660
1182	1261
2	6672
18	15571
1	1651
9	5625
0	13789
11	4748
0	6725
29	1705
0	3699
58	5839
37	1178
19	12861
0	0
0	1713
0	1658
0	1929
0	3111
0	3767
0	3656
0	3696
0	3831
0	349
0	222
0	34
0	443
1	627
0	695
66	835
1	610
2	108
3	401
0	832
8	623
3	104
9	2
35	95
9	15
3	96
4	367
3	7767
15	3162
22	6066
1	7205
13	5767
9	238
12	332
2	721
5	328
13	368
5	51
0	117
1	874
37	195
14	2277
17	3
18	541
15	576
0	57
0	0
0	52
0	62
12	562
7	57
1	63
2	549
6	59
0	38
22	49
0	124
31	541
4	12
13	460
0	253
0	249
0	7
1	9
0	3
1	4
1	8
0	0
12	3
0	5
0	5
0	5
0	1
0	2
0	1
0	0
0	0
0	2
0	0
0	0
0	0
0	0
9020	1835
0	644
22	561
8	319
3	618
3085	3415
4	60
4	3369
2	193
0	233
0	63
0	85
0	265
0	196
81	46
649	48488
253	32714
35	16372
3	13733
32	15943
55	18236
6	1771
6	20367
1	14572
0	1059
8	515
8	15
6	796
1	28935
0	0
0	1
0	33
0	0
0	33
0	33
1057	2348
15	343
1	47
2	146
0	0
70	3603
11	27
41	1514
0	1970
0	506
0	684
0	3093
0	392
1	199
2	911
1	1579
4	2003
6	1471
11	337
5	338
4	4
5	52
1	2901
0	0
0	1372
0	1488
0	1594
0	1969
0	0
0	0
0	0
0	0
0	0
0	0
11	10232
2567	5928
70	10227
13	7822
2	11539
9	10228
2	9796
7	6770
0	4944
0	732
3	198
14	187
0	2167
1	174
6	1010
15	1531
3	457
0	945
0	869
0	610
0	1822
0	4
9	690
1	91
0	150
0	0
0	0
0	0
24	15
0	0
37	60
7	19
2	50
4	6
1	37
0	48
0	17
0	0
0	4
0	11
0	0
0	90
0	0
0	0
0	0
0	0
0	0
0	0
0	0
0	0
2	102
85	87
0	935
130	948
114	1015
51	925
0	99
6	200
5	135
182	5
0	300
8	791
0	167
0	60
2	102
0	310
57	496
0	0
0	11
19	524
56	223
2	422
33	152
0	113
0	786
1	740
12	14996
14	19929
0	13625
0	11164
10	14186
22	3947
1	5904
0	5149
55	1251
1	237
4	6143
17	3820
1	1204
0	3170
0	1170
11	1305
3	939
11	694
46	7
10062	1667
2	1667
1	262
1	222
9	356
12	356
21	16
15	4
24	181
14	164
116	131
0	101
0	84
4	0
10	39
0	2
29	88
9	6
3200	15399
14	2314
239	1
3	15399
0	7160
0	5447
4	5038
0	4444
3	4178
4	5997
3	6844
20	6446
0	6659
0	0
0	0
0	0
0	0
1	302
8	306
1	4
7	63
1	19
0	37
3	1
0	210
12	6
33	335
0	1490
157	1699
0	653
59	152
3	1720
53	1779
0	7334
0	7456
84	12786
45	9010
155	9053
55	286
0	7205
208	7910
0	1458
30	23
25	7634
2	1916
4	2745
2	2814
2	6608
32	2075
10	220
4	25
10	133
0	2
1	7547
11	326
0	369
12	635
125	689
0	368
0	662
0	1
0	230
0	339
44	263
0	53
0	36
1	32
13	69
0	3
3	1
0	0
0	96
1	74
2	122
1	12
4	31
13	10
0	0
0	0
0	0
0	0
0	0
0	0
0	0
0	0
0	0
29	61
0	0
65	821
14	318
11	405
6	496
3	151
1	59
0	10
6	64
34	65
4	0
0	6
6	495
0	472
0	326
1	4
26	2
0	21
91	0
0	495
0	6
0	6
0	0
0	0
0	2
0	6
0	6
2	173
0	126
41	163
12	23
7	155
0	9
11	17
3	166
72	2894
2	1830
0	1949
5	1503
5	165
8	1187
31	195
32	167
0	59
5	852
0	1029
0	103
5	28
0	4
45	249
19	201
18	867
0	0
0	0
0	0
0	0
89	3
1	3
2	23
0	23
2	34
0	17
0	4
0	0
1	11
2	1
15	2
8	0
0	0
0	1
0	1
0	0
0	1
2	113
0	242
124	942
2	145
26	104
0	78
1	116
2	121
2	60
7	316
10	160
0	942
0	8
0	9
0	1
3	7
66	11799
15	10773
68	10757
2	1321
18	5459
1	5464
12	1765
0	3065
0	2266
16	2786
3	2603
2	1011
84	2317
1	1633
0	1628
25	596
50	935
0	878
0	529
1	193
18	26
32	11010
0	11758
34	17
0	15
0	2
0	0
0	5
242	5940
0	8651
40	6128
1	2653
25	2634
0	1919
64	7578
2	1768
0	1768
1323	3491
23	3372
0	74
1	13
0	51
0	269
0	137
6	1132
22	911
2	827
0	135
0	463
3	138
0	137
0	25
66	3
555	694
87	282
11	453
0	0
0	0
0	0
0	0
0	0
649	252
9	4
0	49
4	119
7	13
19	106
4	3
0	0
0	0
0	3
0	3
0	3
0	0
0	6
3	4
1	2
29	37
0	15
0	17
5	0
0	0
0	1
0	1
8	36
0	36
0	0
25	285
0	323
64	89
2	24
14	24
0	45
6	0
1	3
0	2
0	10
0	0
0	0
0	0
0	0
123	69
7	290
101	97
0	26
6	15
2	6
24	19
194	16
0	290
515	7786
0	7454
21	25
8	369
24	353
56	810
0	79
43	710
0	0
5	825
0	5
0	32
0	30
2	4
0	12
1	3
0	11
3	1
0	0
0	12
190	185
0	24
16	91
12	8
14	57
6	16
3	99
18	1
0	38
0	29
71	238
139	242
1	1
28	978
0	642
24	461
11	16
11	291
0	502
12	5
186	59
9	49
8	0
0	1037
411	2379
2061	2379
319	1464
0	2
0	2
5	30
0	0
0	0
0	0
52	728
0	757
1	705
1	265
17	139
5	493
3	0
18	1
0	74
0	2208
5	2795
0	2724
0	2481
16	2361
23	42
9	1609
2	694
1	21
18	1339
1	639
15	585
23	1
15	3389
0	2659
8	3577
3	2645
30	2800
0	258
8	1656
11	1139
2	674
6	415
191	3401
3	193
23	92
34	451
0	3310
1219	855
0	222
45	488
21	846
24	68
30	304
48	165
0	0
0	0
0	0
0	0
0	0
50	9
38	11
0	0
114	493
24	5
490	543
5	249
7	21
36	133
0	1540
13	1713
0	1574
0	157
0	1585
0	1684
3	2372
26	385
2	46
46	919
4	88
3	110
6	49
0	214
0	31
3	24
1	127
29	109
0	4
2	2296
7	1769
31	1395
68	382
73	1376
2	994
0	0
0	0
15	0
77	261
4	0
1	210
7	269
0	0
107	131
0	1
0	693
31	22
19	2
54	10
47	127
4	140
4	14
2	24
466	189
0	18
7	515
6	32
9	32
10	101
3	36
28	10
0	693
14	557
186	294
0	181
316	99
0	416
9	28
3	77
3	16
4	16
2	704
32	334
24	348
8	11
16	296
1	144
0	36
0	11
6	50
13	28
2	213
50	142
7	6
5	53
15	98
0	0
0	212
0	212
0	681
0	700
16	160
0	630
0	371
0	624
0	579
0	276
0	87
0	113
0	48
27	371
0	81
0	64
0	180
0	17
0	17
0	29
0	1
8	7
0	9
0	8
0	7
2	6
1	3
0	1
0	2
0	1
1	1
0	9
0	7
0	0
0	0
0	0
0	0
3	9
0	243
352	243
1	71
0	1175
0	1519
0	593
0	499
0	182
0	410
0	281
0	56
0	32
0	201
0	49
13	493
1	192
4	594
4	581
115	797
0	620
1	687
8	348
0	297
0	423
23	52
0	387
0	542
0	518
0	329
0	296
38	2
8	105
11	8
23	39
12	210
2	49
1	41
7	5
0	741
0	559
0	696
0	0
0	0
0	0
0	0
0	0
0	0
0	0
0	0
0	0
4	2
0	0
0	0
0	0
0	0
0	0
0	0
0	0
0	0
0	0
0	0
0	0
0	0
0	626
0	586
0	249
0	112
0	74
1	32
0	1
0	606
16	39
10	203
0	289
28	2295
5	204
0	203
0	2141
0	2304
2	176
12	2452
0	17
3	0
0	155
0	323
0	120
0	307
0	80
0	166
0	145
2	2278
0	249
11	47
20	253
23	2
2	110
13	158
69	542
0	17
1	618
0	287
0	341
0	402
0	234
0	60
2	43
0	0
0	0
0	0
0	0
0	0
6	24
66	24
3001	0
0	22
1	20
17	7
0	0
0	157
0	128
24	5
5	5
0	0
2	0
60	640
0	265
11	53
31	560
28	2
0	0
0	0
14	3
0	0
0	0
0	0
0	0
0	0
0	0
129	84
41	642
1337	2992
10	6
49	1668
1	7
3	1
16	1478
7	68
9	33
35	320
9	157
1	2
0	2
4	3
0	2
0	2
0	46
0	15
0	11
1	1
0	3
0	25
0	17
0	26
0	3
0	0
470	201
14	120
11	41
10	81
1	6
16	3515
5	3264
18	3213
0	1627
86	3109
0	1257
5	778
8	489
2	640
1	182
10	207
0	3110
0	0
0	0
0	0
22	457
29	391
52	405
54	1247
127	1247
31	9
6	355
15	0
5	4
816	780
0	203
3	62
3	2
7	111
7	17
3	265
9	296
19	21
65	1464
1	1080
1	2560
50	2476
6	1979
0	1464
2	33
1	99
12	51
1	1235
1	77
0	73
2	24
0	0
0	10
0	0
0	0
0	3
0	3
0	3
0	7
1	4
0	4
9	8
0	10
183	158
69	154
1	22
0	5
2	14
0	5
0	5
0	4
1	14
0	5
0	6
3	0
1	1
2	8
1	1
0	14
18	589
2	591
2	20
0	74
5	693
0	600
0	696
0	594
2	113
0	574
22	4
1	43
5	3
10	21
6	160
0	135
39	230
2	112
3	0
11	54
0	2
0	0
0	0
0	0
0	0
0	0
19	0
0	3
0	0
0	0
0	0
0	0
0	0
0	0
0	0
0	4
0	0
9	28
0	2
0	3
0	0
2	0
0	3
560	1401
1	1347
0	1035
12	177
0	177
7	73
2	71
1	103
14	2
27	64
0	62
1	87
0	37
2	35
11	17
25	23
0	7
0	7
0	0
4	7
0	7
4	49
92	3760
0	695
0	3886
19	3114
2	3108
19	4737
1	4737
0	125
0	263
0	483
0	282
0	173
0	466
0	526
0	283
0	255
0	134
36	1986
50	1958
0	54
512	1030
31	1173
1	528
11	654
5	156
1	139
3	132
0	103
26	474
6	1115
0	831
6	516
18	231
0	0
0	1
0	1
0	0
0	0
0	0
0	0
1	3
0	0
0	3
0	0
0	1
0	0
0	710
0	112
0	1699
0	440
0	14
0	51
0	53
0	506
0	1040
0	347
0	203
0	1595
0	317
0	12
0	883
0	504
0	460
0	147
0	202
0	105
0	81
3848	2690
0	45
40	1354
3	503
82	100
1	0
0	283
1	24
0	180
0	255
0	183
0	228
0	273
1	235
19	238
16	219
1	313
0	84
12	234
4	453
12	304
0	200
2	205
0	191
0	219
0	204
109	149
1	31
6	141
8	219
0	173
0	150
24	271
1	1
0	243
0	60
32	62
0	0
0	70
0	8
0	22
2	19
1	20
0	3
0	70
10	7124
28	990
1	390
55	58
0	640
1	865
1	833
0	47
2	149
1	642
7	733
0	712
0	570
0	4546
4	536
1	1625
2	473
9	3379
0	364
15	6
1	931
0	2956
25	1491
7	52
4	282
0	425
22	343
0	1529
1	1286
92	964
0	1326
10	332
22	35
14	221
0	1219
0	58
0	126
0	354
0	300
0	334
0	419
0	40
0	2
10	20
2	427
0	373
0	87
0	0
0	32487
0	3081
339	37361
76	710
12	29773
51	29561
4	31094
1	23829
37	4195
62	1380
176	810
174	4103
155	4840
122	6284
0	27
0	6
0	5448
18	955
0	188
23	6101
0	5206
0	5544
16	6410
0	6113
120	4163
0	5593
0	4
4	35
1	313
0	153
3	132
0	20
1	219
14	0
0	219
9	219
9	57
0	23
8	27
3	23
7	0
4	5442
0	5786
0	0
0	0
0	0
1	44
1	44
0	44
3	6
0	4
0	1
0	52
0	307
0	50
0	49
0	25
0	1
0	1
0	1
0	0
0	82
0	0
0	1
2	1892
0	922
0	1350
0	1771
0	568
7	0
1	10091
78	62
0	5496
0	4936
0	820
0	4465
1	4444
52	4599
1	2360
0	1898
37	46
30	0
0	9296
16	4290
0	9236
0	0
10	293
1	217
4	234
1	166
5	59
4	68
0	153
88	223
30	318
1037	528
15	229
100	366
207	909
1	804
69	847
2	478
1	46
19	19
8	1
0	1445
0	222
177	992
0	1664
0	1655
0	1917
0	316
9	1090
2	1012
0	19
62	154
0	126
0	43
8	87
5	46
9	0
8	0
0	138
0	154
0	410
0	526
0	3872
0	1833
2	1360
0	532
21	122
0	622
11	555
67	1
1	477
1	541
14	853
68	2
1	463
96	625
9	668
16	487
181	456
1	460
2	76
0	99
4	124
27	279
319	220
0	169
1	148
0	366
65	34
3	3542
0	3060
0	5
0	0
0	0
0	0
0	0
0	0
0	0
0	0
0	0
0	3
0	0
0	0
0	0
0	0
0	0
5	3
3	3
0	125
0	263
0	468
0	282
0	173
0	466
0	517
0	280
0	259
0	134
0	0
7	1565
57	4193
0	4919
73	1587
0	4741
1	3362
181	3533
50	2587
0	90
57	318
66	1541
0	1771
487	1828
17	537
0	4824
0	993
0	946
353	1157
633	1264
278	1260
6	53
33	208
4	17
3	6
13	17
7	2
11249	0
0	0
14	520
84	716
7	199
23	69
7	34
4	2
0	1486
23	120
79	1245
0	1288
53	1075
42	38
12	29
26	58
75	404
0	1359
141	8041
9	718
0	1257
2	137
0	1151
13	864
10	110
100	7433
0	1180
16	6528
342	6486
34	53
2	125
34	37
1	41
191	2300
12	909
81	120
8	11
1	708
0	0
0	0
0	0
0	1
10	806
27	913
0	182
0	87
0	612
0	82
0	184
8	30
0	0
0	0
4	0
0	151
6	57
10	725
0	188
10	731
475	3191
7	1272
0	3049
2	1595
12	3
28	173
3	172
11	1208
100	1376
4	1264
30	406
2	2770
0	0
0	0
1236	2204
140	1340
2	1299
0	0
0	0
0	0
0	0
0	0
0	0
0	0
0	0
0	0
2	669
0	465
23	494
0	415
1	104
1	180
17	272
5	0
3	621
93	3386
0	3138
13	2463
0	3078
145	808
15	2180
20	1231
23	187
0	242
0	328
8	57
24	0
0	0
4	288
0	19871
1	1823
0	19447
0	19215
0	19431
9	4664
8	4762
0	18035
0	18834
0	18284
0	18268
84	3
13	3431
123	159
0	13685
89	381
3	12374
29	11954
0	11620
35	3457
0	10162
44	1729
7	8765
41	1091
1	1983
3	485
16	1
2	7
0	8016
25	153
27	8059
12	239
54	79
77	1128
25	444
9	84
9	2861
43	4457
0	4176
0	4279
0	4225
0	4370
0	467
0	4201
0	3858
10	4121
0	4201
4	3916
2	820
3	3434
1	851
6	2938
0	2449
0	2518
6	18869
129	5006
5	5346
3	604
7	207
3	9
30	112
1	27
1	42
11	9
0	7
7	37
5	85
2	119
12	147
5	81
2	0
12	1
5	311
13	5304
10	5277
0	5161
0	0
279	1854
0	659
18	659
3	55
7036	7519
135	668
123	1321
329	4169
2194	5285
176	136
2112	1879
0	1225
0	1225
172	163
0	228
0	0
0	0
0	0
0	44
0	121
0	55
0	134
2	1
0	0
0	1
0	1
3	16
0	24
79	126
0	24
0	5
0	23
0	8
0	220
0	344
0	207
0	24
0	188
0	188
0	754
0	2238
0	26
0	446
9	18
10	141
222	131
0	75
0	72
3	18
5	87
2	189
0	377
842	49
0	19
0	11
0	0
0	8
0	2
19	69
15	69
0	0
0	0
0	0
0	0
0	0
0	0
0	0
0	0
0	10
0	6
0	1
0	0
0	0
0	0
0	3
0	0
0	0
0	0
0	0
0	4
212	5685
109	22
0	1401
39	768
25	570
17	957
8	649
34	465
1	1108
12	1040
21	128
0	209
29	5474
0	69
0	0
0	0
0	0
2	95
40	1500
0	807
0	118
2	135
0	45
1	6
0	49
0	102
0	30
0	79
12	31
0	72
0	655
6	324
4	118
3	65
0	134
32	18
5	1441
12	89
0	108
1	108
0	0
0	0
0	0
0	15
0	41
0	44
0	29
0	0
40	84
10	7
0	0
0	0
0	19
0	22
5	20
0	22
0	21
0	21
0	19
0	19
0	27
14	124
0	84
0	39
0	33
0	20
0	63
0	186
0	62
21	182
0	6
0	8
0	14
15	77
0	250
0	160
34	94
0	58
0	86
11	3
2	17
53	58
1	8
0	12
16	32
3	13
0	13
1	12
0	12
0	7
0	8
0	1
0	0
0	0
0	0
0	0
0	0
0	0
0	0
0	0
14	98
1036	1103
37	12
32	1104
0	977
3	291
4	159
13	113
52	331
1	140
0	0
0	17
0	0
0	17
4	2602
156	2737
1	147
46	26
10	111
0	0
0	0
22	870
23	936
0	280
8	60
3	463
7	76
11	85
3	34
298	271
0	38
3	8
24	199
9	191
34	0
169	4216
18206	26809
21	9980
8	8450
3	8738
37	1044
11	844
15	639
0	45
0	0
0	0
0	0
0	0
0	0
0	0
84	313
1	76
0	132
0	46
2	216
5	44
1722	2827
1	42
16	31
16	11
4	2766
2	321
0	6
0	431
0	522
0	169
5	429
0	460
0	333
0	457
0	182
0	276
0	362
0	258
0	321
6	454
0	442
0	454
5	205
0	67
0	118
0	322
0	323
0	276
0	310
1	11
0	1
120	419
9	311
0	388
2	195
0	292
0	76
0	206
0	110
0	364
13	305
0	417
0	389
0	360
0	215
30	323
3	249
0	312
0	104
0	79
3	256
3	219
0	311
6	37
0	210
0	243
0	108
0	172
1	21
36	194
0	66
0	54
34	173
12	182
16	184
0	31
2	13
0	1
0	0
0	17
0	0
0	0
0	0
0	17
0	0
0	0
0	0
0	0
0	0
0	0
0	0
0	0
0	0
0	0
0	0
0	0
0	0
0	0
0	0
0	0
55	14
0	3
0	4
0	13
0	5
0	3
0	5
0	0
0	0
1568	461
2	460
80	10
0	1
16	4481
0	3865
0	3564
0	950
0	62
23	3714
5	159
133	537
0	630
5	3760
1	166
110	56
1	435
0	381
7	505
0	332
0	446
0	528
0	155
0	359
34	375
58	420
253	2776
1	1169
0	831
4	925
28	297
34	946
23	8
0	579
0	621
0	569
0	333
0	15
0	41
0	307
0	18
0	9
0	153
0	30
0	75
0	24
0	26
0	58
0	27
0	597
0	12
15	885
6	722
8	228
1	286
0	656
0	667
2	600
0	107
69	2
2	217
7	126
21	200
6	32
9	63
14	154
22	597
0	0
0	0
0	0
0	0
0	0
0	0
1	4
0	0
0	0
0	0
0	0
0	0
0	0
0	0
0	0
0	0
0	0
0	1
0	0
0	5
3	5
3	3
0	2
0	0
0	0
0	0
0	0
0	0
0	96
0	37
0	11
0	6
0	92
0	93
1777	2349
2	2349
706	8109
0	5769
11	6240
0	4337
26	2773
24	264
12	2930
0	1333
27	2071
0	314
0	278
0	0
0	0
0	0
0	0
0	0
0	0
0	0
0	0
0	0
0	0
41	225
0	406
9	320
14	135
4	37
43	31
84	496
3	628
10	21
8	92
0	365
0	81
5	118
19	585
141	205
0	11
7	128
0	12
0	12
0	12
0	7
0	7
0	0
0	0
0	25
0	0
0	0
0	1408
0	1586
0	1337
0	737
0	1308
0	251
0	256
0	144
0	5
0	21
2	257
4	6
2	18
1	264
0	113
0	77
0	207
0	67
0	211
0	930
0	381
0	847
0	766
0	118
0	110
0	61
0	84
0	106
0	126
0	125
0	16
0	0
0	0
0	0
0	0
57	1521
697	1431
86	1523
0	0
0	0
0	0
1	82
38	579
12	570
4	116
3	11
30	2371
7	45
4	302
511	2642
4	275
38	2382
3	25
205	64
8	988
0	1030
94	1568
0	0
0	0
0	0
0	0
34	81
0	0
0	0
0	0
1	39
0	0
33	2765
3	165
2	1392
121	10657
0	11416
8	11413
0	11409
0	11423
3	11412
1	10953
0	10960
2	11406
0	964
4	199
0	12400
65	9488
0	202
1	6729
87	3171
4	971
10	11165
25	6726
6	9787
73	359
32	8
30	224
1	2542
0	2529
0	1287
0	434
25	17
13	1017
0	0
0	0
3	141
0	153
0	1133
4	889
0	167
14	0
4	66
12	23
20	28
2	5
8	194
0	111
8	28
8	240
2	113
1	1007
0	44
0	268
0	195
0	118
0	197
0	2241
0	589
0	588
0	25
47	906
2	1103
6	100
2	582
27	289
4	31
8	236
9	23
0	0
0	0
923	821
7	109
34	29
23	678
80	182
0	109
0	78
2	276
0	359
0	146
0	0
0	0
0	0
0	0
0	0
0	0
0	0
0	0
10	371
17	405
189	2
21	3
0	3
0	1
22	87
0	6
0	0
1	2
0	2
13994	5748
0	1066
39	1194
13	1115
5	1054
26	1319
0	0
0	0
1063	4
45	3
0	0
0	0
0	0
4	1
0	0
0	0
0	0
0	0
0	0
0	0
0	0
0	0
0	0
1	0
0	0
0	0
0	0
2	0
0	0
0	0
0	0
0	0
14	5
0	0
0	0
0	0
0	0
0	0
0	0
1	327
0	327
28	5248
0	923
7	1376
0	1545
0	941
33	1030
1	4489
76	464
36	527
104	226
1	880
6	687
4	375
89	65
82	580
6	7
20	3
0	4425
0	5061
0	4694
16	299
11	1198
0	150
0	123
18	12
7	11
0	32
3	35
170	1212
149	15
11	17
8	13
11	17
2	516
9	461
0	197
12	13
1	35
3	27
30	8
0	1525
0	251
0	11
0	447
0	703
0	251
0	15
457	174
34	137
6	94
14	7
4	1762
53	964
24	1063
60	710
19	276
0	797
6	749
1	139
452	330
0	290
1	139
0	171
3	455
6	105
2	0
0	1475
5	111
27	160
1	17
1	34
6	53
0	5
0	0
0	0
0	0
0	0
0	0
0	0
0	0
0	53
0	34
0	16
0	16
0	34
0	0
0	0
0	233
0	3
2	27
0	75
0	0
1	0
7	228
5	254
17	11
1	205
817	457
47	205
10	22
0	0
0	0
54	12
26	150
22	598
13	598
23	91
2	141
0	572
0	534
0	63
14	54
20	28
8	75
23	258
0	0
0	0
492	5125
0	2769
5	4676
1	501
17	800
18	1109
0	39
1	0
0	39
0	39
0	0
11	12
0	5
0	5
0	0
0	0
0	11
0	5
0	0
0	0
0	0
0	6
0	0
0	0
0	44
0	105
0	172
0	80
2	47
0	27
2	2672
2	109
29	2648
0	27
0	1534
1	1251
3	148
0	995
2	180
8	131
177	666
30	26
81	35
10	114
16	10
3	0
0	2620
0	0
4	0
0	0
0	0
0	0
21	20
0	0
8	12
6	198
46	735
9	86
75	735
15	149
32	2019
1	1472
3	1514
17	1149
5	1046
7	0
25	13
2	31
16	122
3	48
3	190
1	30
0	1
0	1
0	1
0	1
0	1
0	1
0	1
0	1
0	1
0	0
0	0
0	0
0	0
0	0
0	0
0	0
0	0
0	0
0	1
0	0
0	0
0	0
0	0
0	0
31	0
5	493
0	752
8	459
0	710
0	552
12	179
19	32
29	495
10	6
22	42
8	1
3	1
11	18
0	5
5	2
12	6
0	0
5	3365
67	493
0	398
4	47
7	9674
197	9647
130	9642
0	7177
27	6112
1	1158
14	955
0	756
1	601
16	2845
23	138
10	445
10	347
11	1386
2	1031
12	1654
2	915
4	1609
78	1417
1	1412
0	638
0	15
2	1205
5	1065
5	1040
0	460
0	392
7	63
14	79
3	30
16	61
0	5
1	47
2	59
0	8
0	8
0	10
168	44
0	0
0	0
0	0
0	0
0	66
0	66
5	2
0	0
0	0
0	0
0	0
0	57
0	0
0	22
0	0
0	0
0	0
0	0
3	13
0	12
0	25
17	190
1	190
43	253
26	474
11	182
7	8
0	26
13	18
4	5
8	56
0	0
0	0
0	0
0	0
0	0
0	0
17	13050
8	11867
19	11846
69	11494
1	1661
0	4335
4	2042
28	4363
3	5266
0	3491
5	1734
0	1666
20	1527
16	1361
0	1062
4	399
31	6
5	444
0	0
28	1977
24	8230
2	8005
0	342
67	95
1	28
0	1
0	3444
63	3018
111	2330
30	416
53	40
0	7630
9	1772
4	278
402	343
33	14
1	12
21	441
32	450
5	454
0	25
0	21
4	21
7	2
5	1
2239	12
18	12
0	4
0	11
0	2
0	7
4	7
0	0
5	16
0	9
93	484
2	41
31	494
1	21
1	127
1	123
1	20
0	107
3	29
0	133
3	58
3	93
19	96
0	96
13	96
1641	330
4	199
5	134
0	0
0	0
0	0
0	0
4	33
49	656
152	673
46	101
0	0
44	10771
0	679
3	158
3	30
0	21
31	154
15	127
0	157
0	13
42	6
0	4
0	0
0	0
0	0
0	1
0	1
0	0
17	24
0	0
0	0
0	0
0	0
0	0
6	0
9	1289
22	331
0	246
15	1
1	66
3	85
5	45
3	0
2	0
10	0
0	0
2	13
1	10
0	438
0	38
6	41
1	42
0	456
0	6
0	36
0	411
1	26
0	25
0	373
0	403
0	54
0	241
8	350
0	75
1	79
0	58
1	6
0	10
0	83
0	10
1	1
6	0
1	71
2	2
2	125
0	39
1	0
15	102
0	2
0	0
0	591
0	2047
0	180
0	2152
0	1090
0	2027
0	1963
0	238
0	278
0	1205
0	520
0	43
0	31
0	51
0	25
0	121
0	2170
1	0
0	0
185	1510
83	499
17	1363
0	80
12	40
4	187
1	16
16	46
124	955
0	254
0	541
15	526
15	561
0	583
1	275
3	37
32	60
88	61
41	13
0	36
0	36
10	26
0	2
46	598
256	1984
9	185
0	25
16	40
3	18
26	1336
42	16
164	42
86	3
16	67
1	133
85	61
1	0
0	40
0	40
0	0
0	0
0	0
12	4420
38	229
28	638
0	534
9	47
118	231
21	495
0	4406
0	720
1	786
0	1781
0	57
0	37
96	123
1	950
21	49
150	930
16	301
0	4420
0	0
1304	861
7	486
0	303
211	519
13	333
1	141
0	768
4	2067
7	890
46	2036
0	907
188	1349
56	1349
0	34
9	1305
72	173
0	524
10	953
52	1093
4	150
0	221
14	2162
14	1869
1	2797
20	2407
0	3196
56	1946
26	3196
0	0
0	0
0	0
0	0
0	0
0	0
0	0
0	0
0	0
687	1320
4	1201
2	219
25	470
6	470
12	39
6	150
12	9
19	40
22	1
0	0
0	0
0	0
0	0
0	0
0	0
0	0
0	0
0	1
0	1
13	52
0	61
0	257
0	260
13	235
4	289
0	293
33	308
62	6989
146	1999
7	8245
21	3814
228	219
0	219
788	276
8	251
75	18
0	0
102	12941
90	10586
19	10337
131	8412
1	8431
66	4536
140	99
15	597
309	7709
4	568
19	432
27	134
2	925
6	59
20	9
0	7713
29	3068
246	4920
376	14205
2538	17202
151	72
1	3888
0	209
0	15
0	58
50	1349
1	40
1	66
8	7
2	81
40	1
3	211
35	849
0	1178
0	1384
3	25
14	471
21	5
3	361
60	158
12	11274
0	10497
5	4054
2	469
0	104
0	383
0	413
10	30
10	123
0	789
7	3
142	10579
2614	1934
14	7
10	1347
10	625
6	10
60	586
4	451
1	442
23	333
0	433
18	257
57	66
0	30
0	0
11	28
0	0
0	0
5	2
0	0
0	0
513	0
0	0
0	0
0	9
0	0
1	4
0	9
2	0
0	0
9	271
11	115
2	249
0	62
0	519
1	408
1	36
1	14
0	287
3	36
9	61
5	4
0	0
0	0
0	0
0	0
0	1002
0	722
0	140
0	214
0	529
5	307
2	44
2	32
0	55
8	62
153	426
1330	507
11	41
0	0
0	0
0	0
70	1010
8	1010
9	96
4	1
0	0
0	0
0	0
0	0
0	0
0	0
0	0
0	0
0	0
959	1136
0	503
14	881
5	103
54	152
1	41
0	8
33	33
92	27
659	72
17	0
3	3
0	1
10	19
6	0
1	4
2	18
2	23
1	9
22	21
3	11
20	37
7	10
0	0
0	0
0	0
0	0
0	0
0	0
0	0
0	0
25	41
0	37
2	7
0	6
6	10
10	16
32	750
0	3173
10	2748
10	340
170	1570
1	21
1	1803
11	352
6	3
0	35
0	3264
0	0
0	8
2	9
0	0
1	2069
0	2709
4	838
0	1290
2	1372
1	407
0	162
5	0
6	950
30	481
0	378
2	289
9	896
0	377
1	365
7	270
0	0
0	0
0	0
7	13
0	0
0	1551
0	6
0	15
0	19
0	20
0	20
0	20
0	6
0	1
0	5
0	5
1	5
0	5
0	5
2	1
0	4
0	7
0	7
0	7
1	11
0	3
0	2
3	0
0	0
390	1663
0	395
3	319
171	1044
4	913
3	352
0	900
75	759
87	38
22	13
180	26
2	408
17	26
0	40
10	364
93	286
5	347
3	8
48	302
4	301
17	301
3	25
1	30
4	21
2	1
1209	0
0	0
199	351
1	270
2	20
3	2
0	196
4	12
15	36
1	1
1	1085
2	24
4	509
22	107
4	1545
1	499
25	18
2	21
0	5
1	6
0	1
0	0
0	0
13	69
0	7
0	120
6	11
0	35
2	19
13	159
4	50
0	808
0	768
0	880
0	662
2	719
0	723
0	851
0	341
85	307
4	57
1	117
0	87
30	909
0	739
0	706
2	635
0	639
0	0
0	0
22	406
5	341
5	114
8	387
7	24
0	27
0	44
0	34
5	3
0	0
0	0
0	0
0	0
0	0
0	0
0	0
0	0
0	0
0	0
0	0
82	254
47	485
87	2116
13	2101
0	0
0	0
0	0
0	0
0	0
0	0
0	1
0	1
0	2
0	1
0	1
0	0
0	0
0	0
0	0
0	0
0	0
0	1
0	0
0	1
0	0
0	0
0	1
0	1
0	1
293	229
20	228
0	0
13	15
0	2
0	6
0	6
0	33
2	5
0	1
0	17
0	9
0	22
2	34
9	40
1	35
0	0
3	36
0	4
0	3
1	4
0	3
0	0
1	2
0	34
0	34
0	0
0	0
0	0
0	0
0	0
0	0
0	0
15	155
0	2
0	2
0	1
0	0
0	0
0	0
5	0
0	0
0	0
3087	3
6	3
0	128
0	157
41	432
3	46
4	83
4	0
5	78
0	8
2	61
1	24
7	38
0	0
2	0
1	0
14	91
56	292
75	746
30	639
22	364
0	22586
2797	58
3	1167
0	127
0	302
0	148
0	101
176	1831
0	133
0	65
0	247
0	1830
0	1833
0	1838
0	1836
0	1841
274	19
0	19
0	0
21	63
0	63
0	1
24	132
1	122
12	72
5	125
0	50
2	0
0	15
0	95
8	84
4	147
7	37
5	11
1	132
0	0
0	0
0	1579
0	1371
0	56
0	81
0	135
0	486
0	234
0	339
0	0
0	8
0	0
0	0
0	8
0	0
746	210
4	201
8	0
7	506
534	2895
9	85
0	77
1	153
2	238
15	2151
16	49
1	131
13	81
0	2478
138	176
15	161
47	1171
3	165
0	1886
83	668
16	485
0	231
10	415
5	72
21	0
10	205
16	24
10	29
0	109
2	114
0	0
0	21
0	24
9	112
0	112
10	138
0	19
0	14
0	1683
0	1703
294	1029
0	1150
3	1526
0	417
0	76
0	1157
1	1053
2	1005
0	33
0	1030
25	78
9	130
0	49
13	21
3	60
0	68
1	35
1	110
0	58
0	83
0	90
0	100
0	81
17	55
11	86
2	18
4	39
10	7
0	52
58	352
0	50
0	49
0	25
0	1
0	1
0	1
0	0
16	82
0	0
0	1
1	188
72	2375
0	544
0	320
27	1920
0	1624
0	87
0	167
11	1553
1	579
0	926
147	1844
6	2022
0	173
43	61
0	109
0	255
0	1958
0	3
0	16
13	27
39	487
0	438
52	1054
92	879
21	193
16	1162
10	667
107	1953
21	22
24	97
48	491
11	8
64	9
0	361
0	1945
160	172
165	171
1	0
61	802
3	622
3	39
2	111
9	7
8	751
1	337
15	3
8	29
1	7
0	801
0	0
417	1768
7	99
0	1515
42	1512
4	10
24	42
4	143
0	214
52	962
406	2473
3	1
1	151
0	37
85	1639
106	1350
29	1352
0	45
0	2106
0	473
0	33
0	145
0	344
32	3
148	447
0	541
198	1255
44	344
11	50
67	2
7	7
0	0
0	1185
0	0
32	957
13	765
66	827
0	156
0	659
1	123
2	262
32	18
0	742
0	0
1	14
0	8
8	5
0	5
0	0
0	0
7	36
1	36
0	2
2	2
3	21
0	28
0	8
395	2087
0	2017
28	1306
0	1752
4	1335
3	1311
26	1251
23	1090
0	434
6	87
8	1
0	3
0	3
145	64
33	89
0	265
318	1481
1	149
0	102
3	92
3	84
0	483
1	1109
1	1071
0	1392
0	7
0	99
0	187
8	175
8	32
8	5
23	317
719	723
21	304
27	14
0	3293
0	255
0	1827
0	1978
0	2293
0	1593
3	1966
0	106
0	1143
0	989
0	48
0	2796
0	14
0	2819
10	2892
1	0
0	0
0	0
86	58
5	11
1058	478
79	306
2	24
87	46
1	22
2	0
0	0
0	0
0	0
0	85
0	579
18	1193
4	33
16	496
0	991
5	1052
31	393
0	0
34	592
0	746
0	314
2	42
4	15
13	1
16	3
103	3
8	143
0	179
67	553
9	97
40	536
0	0
10	373
0	0
4	0
0	0
0	0
0	0
1	0
11	6
0	0
8	0
0	0
0	0
208	255
4	105
6	82
0	60
22	37
0	53
15	30
0	0
0	0
0	0
0	0
0	2
6	30
0	0
2	0
1	4298
0	10
6	640
11	510
1	850
22	185
6	434
49	258
52	114
37	538
0	43
0	81
0	4294
0	2
0	1
0	1
0	1
0	0
15	38
0	0
0	0
0	0
0	0
0	0
955	1914
46	1915
30	479
21	479
0	18
0	20
0	20
0	17
0	17
0	0
0	13
106	161
0	10
0	13
0	1
9	22
68	2694
16	968
0	16
0	161
0	366
0	318
18	178
20	306
0	2159
0	2071
0	2695
2151	3896
136	3126
7	745
21	555
19	8
13	636
1	2544
13	38
0	11
0	11
0	26
4	19
1	163
2	268
4	1029
1	46
50	2135
0	183
18	67
4	1067
4	98
0	280
47	1059
4	999
12	456
26	20
30	67
1	139
1	1963
6	178
13	49
3	0
0	1
0	0
1	0
1	43
0	1
37	1837
6	874
8	1081
10	74
5	94
1	397
2	669
3	2
3	669
3	3
0	1837
3596	0
84	4553
0	4433
0	1299
12	729
0	824
7	607
3	0
3	116
38	217
3	0
0	3
0	0
0	4227
0	4130
0	1083
1	0
0	0
0	0
464	5054
54	4580
111	63
43	1400
17	2897
31	1698
21	33
2	2103
14	334
0	1627
18	33
10	488
118	90
0	109
0	28
21	248
8	247
0	253
0	4
0	170
40	38
55	121
44	210
0	33
0	35
0	62
62	68
0	37
1	19
0	3
0	466
12	9321
125	9827
7	1116
43	1460
6	2669
6	274
25	2151
7	1315
0	1236
8	590
4	1047
0	963
0	72
0	885
0	881
117	1615
30	176
75	1615
1034	262
7	42
0	7
13	199
1	166
0	108
1	85
41	92
2	31
0	16
18	246
1	776
0	881
10	240
19	195
26	539
34	184
1	80
47	30
7	583
9	421
64	444
16	404
0	288
8	112
0	89
14	156
34	14
342	142
0	119
5	11
198	0
4	73
13	76
0	72
0	42
2	1
0	2
3	0
18	246
12	347
0	184
4	133
0	107
1	68
6	54
5	39
0	134
2	146
1	5
1	0
0	1
17	18
0	4
0	19
3	2
2	15
0	0
17	1234
982	2258
0	1772
13	1103
0	1368
3	470
2	183
2	402
0	0
0	0
5129	965
3	964
0	0
11	1449
5	2030
6	4022
48	1531
67	436
18	110
3	1171
6	591
65	815
15	87
8	450
0	619
93	0
2	359
0	1984
0	2029
0	1
0	1
0	50
0	141
0	47
0	15
3	354
0	20
0	16
10	17
0	17
0	730
0	240
734	6194
0	6203
0	0
3	3
0	7
0	0
0	10
0	0
0	10
0	1
0	10
1	22
2	101
0	13
0	1
2	1
0	65
0	0
0	0
29	322
7	257
0	346
531	266
0	459
0	308
5	327
1	149
0	52
0	458
7	311
6	1
3	20
0	78
0	66
4	93
0	125
5	91
0	1769
2	19
0	5
0	19
2	18
9	2
0	19
0	14
0	5
67	1699
0	189
8	113
30	555
9	681
57	546
5	551
37	1154
0	256
22	693
0	44
31	49
449	150
8	11
3	0
0	3
676	1912
1	1575
7	90
0	114
6	203
2414	786
6	503
34	0
20	69
8	276
24	44
0	11
2	17
5	4
51	216
7	165
2	112
7	147
1	82
0	147
6	135
1	42
0	25
3184	359
0	10
0	0
0	10
0	0
0	0
0	0
0	0
19	8
2250	355
4	196
1	62
5	12
1	91
4	17
3	48
0	4
1470	376
2	376
7	258
10	1
5	2
0	1
0	2
2	47
4	47
263	163
2	3
0	4
0	90
0	9
3	45
1	5
0	17
0	74
1	42
0	70
1	11
12	3
0	126
104	546
0	476
56	241
21	29
0	0
0	0
0	0
0	0
0	1
0	1
443	100
44	100
10	22
0	545
95	480
10	60
0	30
12	64
0	387
2	48
4	40
17	218
43	111
29	3
7	95
16	205
12	24
0	68
75	178
5	246
2	8
71	21
31	27
0	11
0	2
0	1
0	0
0	0
0	0
0	1
0	1
0	1
0	1
0	1
0	0
0	0
0	1
0	1
172	7223
3	6017
0	1181
49	1489
3	61
3	1517
3	1253
78	3708
3	3630
22	6700
198	5985
4	1273
0	1554
7	1203
1	1474
8	11
11	2018
15	1977
17	482
0	0
0	0
0	62
0	40
0	0
0	7
0	8
0	0
0	0
0	0
42	5
3	22
94	376
14	46
6	385
9	52
4	54
3	52
47	55
42	1
0	0
0	4
0	1
2	20
0	3
0	0
0	0
0	2
36	82
5	82
8	6
0	19
0	4
34	18
0	4
2	1
190	3057
34	3057
14	718
15	220
0	53
0	31
0	5
573	1
25	1
20	0
0	3
0	3
0	3
2	3
1	3
5444	1513
133	1511
97	448
0	316
1	272
2	340
8	35
4	35
1	27
0	41
0	48
2	3
1	15
3	46
1	19
80	58
0	11
0	17
2	4
1	35
0	8
0	10
72	59
7	0
5	0
116	7841
146	6965
1	6930
0	6630
1	4678
70	2545
49	74
0	4300
0	1
504	777
36	769
42	20
204	60
35	3059
2	2741
6	2637
49	1557
0	176
21	140
0	1
27	2633
26	33
0	30
0	22
1	1
0	3
1	1
0	3
3	15
0	0
0	705
0	327
0	51
0	827
0	101
117	27
0	33
0	83
0	12
0	105
0	526
0	548
0	446
54	0
12	6
7	4
0	2
0	0
19	14
4	7
0	14
63	40
8	270
14	369
7	369
1	587
0	161
0	578
0	493
0	410
8	249
5	210
1	105
0	123
0	34
1	390
0	1
5	103
0	2
0	5
14	848
2998	1097
9	25
7	4
63	1118
17	48
17	18
0	0
0	22
0	6
0	1
0	2
0	2
0	0
0	0
0	22
513	1022
2	393
0	270
7	264
1	65
15	142
0	863
21	1373
9	1355
0	1480
0	1406
81	1129
0	1643
9	148
35	175
24	56
3	0
5	130
9	444
2	25
0	0
0	0
0	0
0	0
0	0
0	0
0	0
0	0
0	0
0	0
0	0
0	0
0	0
0	0
0	0
0	0
0	0
0	0
0	0
0	0
0	0
0	0
426	1587
24	391
16	675
1	21
2	67
2	59
17	6
12	5
329	1599
5	1239
5	273
9	400
20	3363
0	30
6	66
0	3
0	3
2	509
0	222
0	40
3	40
0	1
0	1837
26	1043
0	129
15	2
6	244
19	251
56	90
115	97
21	78
2	150
0	57
0	13
111	14
2	1874
0	447
42	3218
209	2705
147	188
1	2824
33	2629
0	676
93	438
0	498
1088	2178
95	2745
0	0
2	894
0	1042
0	1116
4	773
0	994
30	468
13	158
1	689
38	278
7	137
1	15
12	11
0	0
0	0
0	0
0	0
0	0
0	0
0	0
0	0
0	0
0	0
3	447
0	153
0	50
0	59
0	1
0	0
0	31
0	3
1	4435
0	4485
16	48
0	25
0	19
4	16
1	4473
0	0
0	0
0	0
0	0
0	0
0	0
81	917
1	770
0	44
15	660
0	3
0	0
73	385
1	277
6	175
0	11
0	55
21	80
14	43
19	36
5	1035
0	19
5	36
432	1029
4	183
3	357
2	305
3	158
4	40
13	181
0	6
17	245
0	554
123	3323
1	3107
54	2171
12	468
0	113
5	389
31	269
0	3240
0	1
1	1
0	0
0	0
0	0
1473	243
3	60
6	153
7	123
1	101
5	21
0	45
0	14
1	11
0	11
16	21
0	6
0	7
0	2
5	5
0	1
6	27
0	33
0	35
0	0
0	10
2935	4428
1	174
0	3757
17	281
0	79
3	3952
13	3555
12	3829
37	509
1	508
0	464
16	2956
0	2943
3	251
7	384
0	71
10	238
19	262
16	500
2	415
2	351
0	787
93	192
5	524
7	608
22	537
11	24
12	319
5734	7480
1	235
82	3052
2	27
0	1
0	0
1	0
14	4
1	28
5	2
2	25
1	17
0	1
18	40
0	11
0	16
0	3
1	3
2	3
11	9
2	2
19	785
16	900
3362	12292
36	6506
3	13358
39	41
37	1995
8	866
0	536
0	2006
4	11417
75	763
1	1415
0	0
76	99
0	0
24	75
0	0
0	57
1	0
0	73
0	22
62	11
5	11
26	0
237	825
0	126
50	873
1	43
2	13
0	63
4	58
1	63
0	73
0	74
0	69
0	64
0	70
0	60
0	59
0	60
1	1
0	15
0	0
0	0
163	2475
62	2438
2	496
4	471
3	405
0	269
22	9
0	23
0	0
0	0
0	0
0	0
0	0
0	0
0	0
0	0
0	0
0	1
0	24
3	16
1	16
0	11
0	12
80	1057
0	957
2	106
17	15
33	43
1	822
0	3
86	2
3	2
24	228
8	0
3	18
50	173
95	2697
353	2676
3	8
0	2314
0	6
26	36
84	183
3	12
0	20
5	13
11	145
0	25
3	50
0	11
5	4240
0	317
9	3692
18	3711
3	3718
47	3518
19	3710
26	360
2	1
0	3923
0	16
0	0
0	0
0	0
0	0
0	0
0	0
0	16
21	323
8	311
22	94
2	35
0	28
9	28
25	28
1	2
16	6
6	31
12	233
2	5
20	229
0	7
0	30
0	1
0	141
0	23
0	23
0	117
9	155
0	0
0	0
0	62
0	62
0	0
0	0
0	0
0	0
0	0
0	33
0	16
0	0
0	0
0	33
6	72
19	80
0	25
1	16
2	4
11	1
0	1
0	38
44	1015
16	442
10	378
0	229
55	219
0	296
1	123
7	1084
0	0
0	0
0	0
2	743
1110	2734
5	2713
9	0
15	282
9	24
45	1194
19	73
25	609
30	283
1	3
62	445
1596	0
3	0
0	47
14	122
5	51
18	251
1	75
19	236
21	154
16	8
15	0
3	2
2	13
0	27
0	4
0	4
0	36
0	36
0	36
12	2346
2	2116
2	289
3	1485
10	1884
0	0
0	0
0	0
6	84
1	4
255	149
10	34
38	15
38	91
6	58
0	1
13	412
0	131
2	65
4	243
10	124
2	52
1	32
64	386
0	70
0	224
8	0
3	303
0	13
87	212
0	319
0	318
0	5259
0	1777
0	2266
0	1475
0	1559
0	138
874	137
3	102
1	72
1	31
5	0
0	0
0	549
0	0
0	6
0	2
0	2
0	3
0	3
0	0
1	466
8	945
53	2085
12	2495
99	2521
10	589
0	353
0	793
0	2
241	956
3	956
6	4
0	5
0	1
0	6
0	6
1	4
0	0
0	0
0	0
0	0
0	1
0	1
15	0
0	0
0	0
18	50
0	1
1	1
20	13
0	0
1	143
3	27
2	106
1	232
0	2
0	7
2	5
0	7
32	118
0	1
0	110
0	96
0	36
53	1382
14	527
0	735
1	293
12	3
1	223
23	4
2	346
5	31
21	11
1	127
1	65
52	64
0	59
1	85
3	172
30	358
2	45
0	88
4	3
0	241
365	4029
429	5841
63	5432
28	2539
91	1294
27	76
9	228
83	133
35	317
7	5
0	0
0	19
0	5
0	5
0	5
1	1
30	37
0	19
0	0
3	1
0	0
0	0
0	7
0	7
0	5373
0	3387
3	658
0	4283
0	168
0	379
0	2
4	150
7	4
8	1
10	423
0	4963
0	4894
20	1976
0	1838
5	1261
0	1027
0	1049
1	0
2	0
0	9
2	32
6	1
6	36
11	11
3	42
0	14
0	34
1	3
45	50
0	2
0	531
0	2
0	0
0	2
0	2
0	2
0	2
2	2
53	5
0	2
0	1914
13	1914
164	1914
0	1910
55	264
65	501
0	457
18	14
1	36
7	3
73	232
1010	239
8	34
1205	795
1	787
15	37
7	4
0	6
8	90
0	5
1	602
2	381
0	365
8	676
9	821
39	598
0	772
0	331
3	97
0	67
0	39
0	61
0	190
0	31
0	29
0	127
1	140
0	6
14	19
29	10
1	20
5	19
17	16
5	14
1	11
1	33
14	18
94	785
30	21
87	12
0	3
0	3
1	8
15	0
1	5
0	6
0	2
0	8
0	0
0	8
1	7
30	8
0	7
12	135
63	860
0	827
0	64
17	95
0	862
0	2
4	46
1	39
21	0
14	1
1	47
4	44
2	32
5	2
5	503
1	1056
6858	761
0	309
0	309
0	702
40	49
0	50
0	59
0	424
0	410
0	64
0	336
0	349
0	349
0	151
0	342
0	42
0	14
0	73
0	176
0	96
0	63
0	106
0	38
0	60
0	70
0	32
0	0
0	1
0	21
0	21
0	21
0	21
0	0
0	21
0	21
0	21
0	21
0	78
0	11
0	205
0	4
0	306
0	11
2	331
0	306
0	3
0	58
1	6
1	10
7	20
1	1
2	18
1	18
0	18
4	42
27	100
0	20
0	19
0	9311
0	6554
0	5625
0	5887
0	6366
0	5373
0	407
0	326
0	465
0	7365
0	0
0	0
0	3646
0	3979
8	106
951	451
275	2010
35	160
229	100
0	192
68	377
226	215
159	3414
0	0
0	0
14	242
2	52
0	0
0	8
0	0
0	0
0	238
166	88
0	9
2	1
48	2317
17	1052
11	1645
3	23
0	491
0	2120
29	10
1	4
2	1997
4	2071
12	470
2	143
0	309
5	62
0	336
17	6
0	548
0	1041
6	453
9	9
48	1439
10	2275
0	2269
1	2198
0	38
7	34
0	35
0	0
0	2
0	33
0	0
0	0
0	2
0	0
0	8
7	15
11	2
0	0
0	0
1	1
5	1
0	0
0	128
0	0
0	0
0	0
0	128
0	0
0	3314
0	33
0	203
0	3299
0	12
0	14
0	147
0	1956
0	166
0	1768
0	1475
0	265
0	59
0	250
0	14
5	559
107	370
14	847
21	18
19	569
16	377
41	185
344	292
4	227
5	76
1	238
86	463
36	218
14	230
0	0
0	0
0	0
0	2
0	2
0	1
0	56
0	41
2	15
0	13
0	51
115	205
0	88
0	40
23	100
0	9
2	17
10	7
0	53
0	35
3	141
1	149
4	20
16	4
0	172
879	1048
1	962
0	499
0	428
0	474
0	441
0	439
34	224
6	177
0	182
2	3
13	42
11	42
0	676
27	397
14	63
24	56
29	296
3	0
5	36
0	320
5	0
3120	0
0	67
1	27
2	0
0	65
5	0
0	0
0	0
0	0
0	0
0	0
4	151
2	13
4	146
0	148
0	33
0	38
7	19
0	129
51	0
2	35
5	0
0	15
0	8
0	8
0	9
0	10
1	1
2	9
5	10
0	0
0	0
2	4
22	67
0	0
0	0
0	0
0	0
0	0
37	433
74	287
2	188
6	239
6	154
3	0
0	1
27	8245
2	432
0	949
0	8268
2	52
6	95
0	225
0	69
0	32
0	8460
7	266
23	576
1	362
34	2471
8	8085
51	50
0	337
6	601
0	311
0	303
1	278
0	278
0	619
0	8221
9	10
0	212
2	86
0	300
21	67
3	815
5	528
0	395
11	0
40	25
0	44
0	82
4	736
3	340
17	218
0	65
23	154
10	966
16	524
13	970
0	8214
0	62
0	192
0	510
0	775
0	527
0	395
0	571
0	43
0	143
0	157
0	127
0	166
0	81
0	21
0	78
0	342
0	0
0	0
0	0
1	0
15	20
0	0
0	0
0	0
0	0
0	0
0	0
0	0
0	0
0	0
0	0
51	56
68	86
1	57
0	31
0	6
0	5
0	4
0	0
0	1
0	20
0	8
0	40
0	25
0	25
0	25
0	25
0	0
0	4
0	4
0	0
0	2
0	2
0	0
0	4
0	4
0	25
0	23
0	25
0	2
147	2
0	0
0	0
0	0
10	44
0	0
120	1
0	1
348	2298
11	331
11	1924
0	90
0	2123
22	69
31	14
14	77
26	1706
40	184
32	128
19	657
27	253
1	444
6	0
0	68
0	0
0	0
0	0
0	0
0	0
0	0
1398	1237
102	1229
99	1347
11	668
14	1178
4	1178
1	245
0	0
0	0
3	0
0	0
0	0
0	0
0	0
0	4856
0	2727
0	871
0	150
0	371
0	336
0	1334
0	392
0	473
0	122
0	23
0	167
0	132
0	63
0	52
0	26
0	16
0	83
0	69
0	51
0	46
0	30
0	14
0	43
0	315
0	0
0	0
0	0
0	0
0	0
0	0
0	0
0	0
0	0
0	0
0	0
0	0
0	0
0	0
11	327
12	378
4	225
0	177
10	4
17	52
12	360
0	0
0	0
0	0
0	0
0	0
377	70
0	14
7	515
5	1
18	2
0	180
0	143
12	48
5	12
4	503
14	37
0	26
0	258
0	468
0	346
0	414
77	410
4	150
47	150
6	3
16	443
14	37
0	0
0	0
0	0
0	0
0	0
1	0
0	0
0	0
0	0
0	0
0	1445
0	222
67	34
15	19
0	3
438	982
5	386
17	11
22	10
0	828
0	502
3	429
0	492
2	25
0	76
0	107
0	151
0	77
35	379
27	337
0	496
323	211
1	97
0	19
0	33
0	17
0	48
74	567
0	75
0	75
0	0
0	0
0	0
0	0
6	26
0	0
6	0
0	0
7	0
0	13
0	0
0	0
0	0
0	0
93	1264
0	1510
0	1201
29	97
0	1018
0	1377
14	168
16	1269
0	1346
0	1091
0	1073
0	1251
0	1088
0	1483
2	1116
0	1239
8	926
0	1088
0	87
15	1240
1	1153
1	47
2	1050
1	1293
4	45
0	904
0	814
14	807
0	661
7	1010
25	17
2	53
429	269
19	7806
1	7507
8	7509
23	7294
35	9
14	17
1	119
1	423
1	565
9	316
5	159
14	605
27	0
1	696
10	5
89	418
3	341
0	81
42	2
0	33
0	46
0	3
164	440
1604	222
17	4
3	65
4	157
0	140
3	106
0	4
0	0
0	1
0	0
0	2
0	0
0	0
0	0
0	0
0	0
0	0
0	0
0	0
0	0
9	1
0	0
0	0
0	0
1	0
24	157
0	0
0	0
0	29
32	3
0	0
0	27
65	447
0	446
0	221
2	47
6	44
6	100
3	29
12	0
2223	152
26	154
25	3
3194	60
0	251
1085	7726
4	547
0	231
0	4242
0	6924
20	137
13	230
2	73
2	6
7	1293
22	96
16	114
0	1506
0	1870
0	4085
0	3916
0	114
0	1630
0	1280
0	409
0	164
0	222
0	120
0	86
0	25
0	391
0	69
0	202
0	34
0	13
0	41
0	4
5	63
0	86
5	59
0	51
0	261
11	57
0	120
0	99
0	82
3	19
33	12
18	92
4	238
0	287
0	265
0	151
7	408
1	23
0	146
0	251
5	375
9	119
19	115
14	2
16	6
39	0
1	0
1	2
0	151
0	453
0	139
0	17
3	7
0	122
15	182
5	26
0	383
20	453
1	0
0	57
0	306
1	3
0	2
1	436
1044	1133
9	812
13	923
4	205
51	63
0	63
2	23
7	7
0	0
0	0
41	357
0	0
0	1672
0	2060
14	1503
0	264
0	738
0	1554
0	1235
0	1667
0	1671
0	762
0	424
0	684
1	843
1	809
0	212
0	162
2	308
0	751
0	659
21	565
2	665
0	113
0	133
0	48
17	119
0	498
0	81
23	13
0	119
0	102
0	86
0	0
0	0
0	129
0	129
0	0
0	0
1187	279
6	10
5	243
1	2
4	0
4	11
3	0
6	109
46	31
1	106
4	5
2	0
0	0
0	0
1672	2857
126	2406
98	817
3	158
64	2043
0	37
7	567
171	575
0	31
1	0
391	8136
86	8114
37	8108
27	8054
0	3264
0	2275
0	1907
0	138
20	8151
0	8059
15	6386
4	40
0	40
0	40
0	5
0	5
0	0
0	0
0	0
8	2704
0	2669
2	3010
9	2283
4	661
2	493
2	846
1	172
1	264
0	747
10	435
78	1524
0	616
7	24
1	5
9	170
3	365
6	195
3	3075
10	2185
2	77
2	81
0	100
0	104
3	77
1	55
0	3
0	2
6	0
163	199
10	182
17	14
71	63
3	56
2	33
0	55
0	46
0	10
1	9
0	6
1	6
2	5
18	2
0	3
0	3
0	55
0	0
0	0
0	0
0	0
0	0
0	0
25	24
31	127
0	90
0	90
0	73
1	64
4	104
0	59
7	17
1	98
0	2
2	6
0	1
57	1087
0	1087
0	973
2	235
0	88
7	0
8	0
2	11
2	9
0	594
49	594
0	0
0	0
0	0
0	40
0	63
0	24
6	391
2	613
1	405
16	109
40	758
13	11
5	54
35	397
48	366
3	376
5	135
8	28
0	11
2	0
0	0
0	0
0	0
26	29
0	727
0	0
0	0
9	7
0	0
1	14
25	40
4	39
8	6
0	10
60	167
0	139
5	14
0	27
0	62
0	9
0	0
0	26
0	25
0	13
0	0
0	0
430	165
5	47
11	112
0	15
0	23
0	13
3	41
5	839
8	911
235	278
39	6112
3	748
96	5701
0	4
0	4
3	3
0	0
0	2
13	33
0	2
0	3
0	0
0	0
0	0
7	196
8	237
1334	1419
11	874
7	627
1	168
4	421
1	24
123	2310
27	1837
2	935
0	171
1	377
12	211
73	284
0	0
0	0
0	0
0	0
0	0
0	0
0	0
18	50
0	0
0	0
0	0
0	0
0	0
77	0
389	149
1	3987
10	182
7	123
71	121
0	1888
0	903
0	1118
0	1742
60	4024
4	1321
0	3775
0	270
5	192
0	848
0	587
0	51
81	136
3	100
36	58
15	1112
5	476
104	571
0	0
0	0
0	0
0	0
0	0
0	0
0	0
6	397
0	397
9	296
4	89
1	63
6	22
0	17
0	395
0	0
0	0
0	0
0	0
23	880
8	479
33	63
1	864
2	33
10	11
2	29
22	361
1	284
0	41
2	51
0	47
0	49
27	102
0	72
2	184
15	187
0	124
0	279
1	454
12	375
6	361
25	370
0	249
7	46
14	179
0	484
0	498
0	474
0	458
6	213
5	205
7	81
5	959
4	3368
4	3551
8	3927
0	145
11	2104
23	872
0	610
104	83
0	268
91	307
38	91
2	4577
3	4585
81	5312
3	6463
48	3035
2	454
1	5610
5	1138
1	5027
0	2413
34	2495
9	1309
0	1720
0	2306
9	632
13	90
12	827
31	146
57	11
0	8927
1	5266
4	1277
60	5014
10	97
293	9692
195	5744
0	7205
8	289
14	240
3	69
1	71
1	70
0	8
1	0
3142	123
0	9
25	32
0	67
27	50
109	137
0	0
6	0
0	16
9	2
6	660
2	641
0	22
2	615
4	1
1	13
0	130
4	16
2	8
0	2
20	17
10	25
6	26
21	0
2	215
5	52
0	0
13	29
19	46
0	62
0	17
14	42
31	36
0	13
3	33
0	38
0	0
25	107
9	138
0	144
62	207
0	0
0	0
958	542
41	52
36	490
0	0
0	0
0	0
2509	36
0	1
0	1
0	0
0	0
0	137
1	1337
41	634
0	645
2	71
0	104
0	102
0	48
2	30
0	178
5	73
0	1337
14	93
5	27
8	93
0	66
0	0
0	0
0	0
0	0
0	0
0	0
0	0
0	0
0	0
0	0
2	0
10	0
1	2
999	433
28	42
6	179
22	48
3	203
27	4
23	0
2	1616
1	676
0	259
2	11
0	1052
4	1379
3	231
1	137
4	987
6	897
0	109
1	1214
7	1772
0	423
0	1996
0	915
0	391
100	1593
323	1789
27	1314
0	639
0	1542
374	856
33	198
19	64
0	140
89	820
92	505
28	61
1	115
14	131
19	0
0	72
2	71
21	69
1	18
11	80
1	9
1	18
0	17
0	22
1	19
0	1
0	42
0	457
0	527
0	425
5	346
9	12
26	19
28	26
0	418
237	1036
10	335
62	129
62	1035
15	766
0	460
8	26
1	465
614	4283
2	103
2	100
5	95
1	75
2	57
0	23
0	29
0	17
3	16
60	54
0	0
0	1
7	53
1151	346
3	340
15	186
0	87
13	12
12	7
0	66
973	2860
18	871
9	47
24	961
1	277
6	284
21	1321
2	245
0	0
0	245
0	30
0	0
0	0
0	0
0	0
11	0
2	0
0	0
3	23
0	0
0	1
0	0
5	35
0	684
12	20
393	987
63	0
4	12
3	708
0	696
21	91
13	12
1	417
40	629
0	1
0	1
0	0
0	0
0	1
0	0
0	0
0	0
0	1
0	0
0	1
4543	10
1	504
0	0
0	0
0	0
0	0
0	0
2	1794
0	1540
0	1769
0	1744
2	82
1	1475
2	57
2	66
5	1490
0	1419
0	55
0	58
1	71
6	219
0	142
1	993
0	560
0	71
1	35
2	1812
0	57
12	22
21	27
0	99
25	12
14	12
5	1641
2	250
0	1
7	144
3	165
8	6
143	115
21	116
52	757
14	355
0	130
71	566
0	0
10	36
0	0
7	0
0	16
0	357
0	301
1	167
0	20
0	301
3	329
21	40
0	325
0	336
0	0
6	987
78	539
7	792
0	234
20	143
3	9
13	122
5	230
51	210
0	68
0	70
0	37
0	144
12	132
0	78
5	59
8	0
1503	21
393	21
0	0
7	44
0	49
0	48
0	42
0	7
1	6
0	43
0	41
0	16
0	0
0	16
0	16
0	16
0	0
355	1005
15	999
0	54
1	158
25	2
0	89
9	181
0	268
29	1253
2	37
0	0
1	831
0	757
4	0
0	41
2	8
1	0
1	5
2	26
17	5
0	11
4	29
0	5
0	7
0	7
0	1
0	0
0	3
0	2
0	0
9	0
0	0
0	0
0	0
0	0
3	6
1	0
0	0
0	0
0	0
0	0
0	664
0	501
0	146
0	178
0	48
0	216
0	15
17	654
50	407
2957	13101
384	8585
134	11556
47	2544
102	62
165	5147
32	1647
54	3348
68	2937
10	1099
4	990
228	235
95	565
16	268
0	106
0	1098
0	0
0	0
0	0
0	0
0	0
4	441
0	708
2	40
3	42
5	445
1	615
0	621
3	47
0	608
5	117
0	139
0	358
5	40
2	619
5	355
1	532
0	6
1	91
36	42
0	4
0	16
0	120
44	213
127	150
0	47
0	37
17	27
0	390
0	519
0	0
0	0
0	0
0	0
0	0
0	0
432	2618
33	295
7	2615
0	423
59	2477
20	376
0	3426
0	73
0	200
0	144
0	31
0	2107
0	0
0	0
0	0
0	0
0	0
0	0
9579	10086
2	3556
3058	10352
0	9719
9	24
0	4951
77	1227
26	442
82	207
11	633
0	8802
0	8483
0	45
245	109
24	70
4	77
0	11
0	37
13	41
6	98
0	43
2240	1884
34	1268
2	443
2	138
5	165
8	1
39	1
56	20
0	0
3	332
0	260
13	3162
139	3441
0	2384
24	153
11	3413
4	323
0	1
0	1
0	1
0	0
0	0
0	0
0	1445
0	222
968	12357
4	4
4	287
63	515
85	132
2	1
29	119
0	300
422	3008
9	12378
0	0
30	1257
3	412
0	97
1	187
13	160
2	254
9	3
0	1255
746	3
14	3
0	27
3	0
0	0
8	18
0	0
0	1
0	0
0	0
0	6
0	6
1	26
13	0
2	5
83	40
0	2958
0	2517
0	2627
0	2577
0	295
0	47
0	79
0	43
0	70
0	160
0	78
0	72
0	89
0	812
0	995
0	88
0	73
0	335
0	155
0	102
0	683
0	76
0	500
0	44
0	19
0	126
0	62
0	89
0	82
0	1
0	0
0	0
0	0
0	0
0	0
293	2364
54	1922
3	2323
3	2175
8	2029
0	41
13	95
0	0
0	0
0	0
0	0
0	0
0	0
0	0
0	0
0	0
0	0
0	0
0	0
0	0
0	112
11	135
0	5
0	251
0	256
0	144
0	29
0	27
0	115
0	174
0	165
0	70
0	145
0	141
0	22
0	48
0	67
2	2
0	0
6	4
0	2
4	0
0	0
0	4
0	4
0	0
3	1
2	872
3	25
0	730
7	407
11	1384
48	1389
20	11
8	151
6	58
0	269
2	1386
0	836
0	2515
0	2266
0	1281
0	1249
0	329
0	196
0	416
0	160
52	250
13	247
3	13
7	10
4	16
1	8
2	3
0	0
0	10
0	3585
0	3571
0	368
0	2600
0	2230
4	265
0	400
0	936
0	624
0	128
0	860
0	581
0	53
0	51
1	64
254	224
18	6
10	17
20	65
54	129
5	1686
605	1934
1	128
22	208
10	359
0	368
2	54
7	25
4	15
9	691
50	949
13	0
4	962
24	161
0	59
0	6
2	49
0	941
26	975
1	1
842	3588
1	76
11	904
21	3387
0	338
1	218
10	191
0	265
18	1
2	372
0	295
0	73
14	5
0	621
9	226
0	393
1	1382
5	224
14	266
14	553
1	650
1	46
27	522
1	501
4	0
0	0
4	1
0	0
0	0
0	0
0	0
2	92
79	173
1	84
3	0
8	70
4	84
4	65
1	0
1	1222
26	1215
22	338
0	518
0	70
1	27
1	58
0	42
1	37
2	14
18	40
0	25
1	11
1	4
2	2
1	1176
7	26
3	972
3	1
3	373
0	945
56	449
0	232
8	559
0	56
4	19
0	972
0	266
18	60
0	25
4	19
0	5
3	19
5	50
0	0
0	0
1	0
4	9
0	0
0	0
0	0
7	3
0	0
0	0
0	0
0	0
0	0
0	0
12	896
0	0
0	0
0	0
16	49
5	1159
0	811
24	2060
5	3642
0	3906
1387	4057
59	787
3	2307
26	307
1	135
0	9
8	66
0	67
0	23
1	65
1	14
0	53
0	65
0	1988
1	1656
0	2326
2	2367
87	2020
0	1663
0	1820
8	1907
1	1932
0	1852
3	1927
9	307
7	1156
193	460
0	602
25	238
21	65
0	0
21	52
0	0
0	0
0	1
0	117
0	117
0	113
0	117
103	136
0	108
1	136
663	1103
55	989
22	327
0	155
15	136
1	176
15	806
10	810
47	122
3	445
0	420
2	785
4	381
0	23
0	27
3	0
6	26
0	806
2113	545
51	311
41	230
6	1
5	10
0	0
0	0
0	0
0	0
0	0
0	0
0	0
0	0
0	0
5	242
0	530
0	513
0	2
25	173
6	312
7	346
4	76
8	6
56	183
4	0
2	62
13	38
0	0
0	627
0	382
895	1050
15	1046
40	1039
16	1034
0	3016
0	2999
0	2888
25	1297
10	1115
25	2328
0	7
9	15
0	316
0	157
5	1
1	100
0	97
5	6
3	40
2	456
1	66
8	38
6	35
1	94
7	109
17	96
0	253
34	87
3	127
489	994
23	506
8	210
185	396
70	260
8	82
2	6
0	1
1	6
1049	337
3	28
2	81
5	20
11	223
247	50
0	0
0	0
0	0
0	0
0	0
0	0
0	0
0	0
31	59
359	607
6	540
10	0
4	314
4	228
10	859
1	104
44	1827
0	1258
0	123
0	214
0	227
0	414
16	821
3	470
6	1067
1	1500
0	1923
22	113
10	287
17	98
0	1574
42	271
16	257
18	97
8	141
19	76
0	83
0	824
0	266
1	12
0	0
0	0
0	0
5	0
4	40
0	0
0	1
0	14
48	7794
1	5815
0	6980
158	3015
16	2102
7	1549
7	1544
7469	2829
0	2835
0	27
0	27
0	39
0	24
0	11
0	39
0	10
1	0
0	1
0	2
0	9
0	1
14	0
0	37
2	1
1	7
6	1225
18	1061
0	0
9	376
23	42
0	173
0	240
9	297
15	14
0	141
7	30
3	185
48	3956
21	1937
5	3167
0	1556
2	3269
20	1036
2	357
2	1980
75	1771
31	987
12	1330
0	0
0	0
366	1484
3	1121
2	89
1	80
1	87
3	61
1	29
0	0
1	1429
396	1407
446	1943
19	1198
7	1224
90	1306
18	76
1	89
0	77
0	67
3	58
27	10
0	10
0	6
11	21
106	71
0	0
0	1
0	0
0	0
0	1
3	850
0	704
13	232
0	295
0	88
0	86
0	704
43	5
0	0
0	1
0	499
2	446
0	273
14	134
5	118
15	16
28	32
0	563
9	576
0	0
0	0
654	633
0	0
0	0
0	0
623	1109
4	574
14	1110
5	161
1	375
6	0
0	2
0	2
0	2
0	2
0	2
0	1
0	1
0	0
348	20329
167	17645
19	14124
29	17051
2	15938
1	1368
77	1126
0	673
0	413
0	372
5	12
5	502
5	291
0	1300
22	859
3	91
49	21
76	292
10	186
18	163
0	549
0	102
65	13
5	16
73	47
0	0
0	0
0	86
0	13
0	16
1	2
1	19
0	67
0	4
0	3
0	5
0	3
7	16
2	6
167	79
0	14
0	60
0	10
0	10
0	0
4	59
6	32
25	79
92	3348
0	0
0	6091
0	5013
0	4694
0	4704
0	4704
245	1684
31	1069
100	952
23	3
4	12
343	377
2	0
0	88
1	42
0	19
0	359
0	0
0	0
9	8
0	0
1	2
0	0
36	2009
24	124
1	1109
35	28
4	902
1	1216
6	716
5	977
208	1054
117	506
18	58
42	22
12	714
14	4498
0	368
5	409
0	733
4	66
3	6
78	987
21	1219
7	509
2	851
4	122
1	4088
1984	380
10	379
0	2
22	840
151	840
7	746
16	0
0	0
0	9472
0	9577
26	20
11	630
24	508
10	9577
879	1265
0	500
17	456
44	322
0	197
10	208
25	161
31	238
0	500
0	5
0	5
0	0
0	5
0	0
0	2
0	0
0	0
0	0
0	2
0	1
0	0
0	0
7	3156
3878	21394
298	17656
48	6612
2	3139
12	883
2	857
24	833
0	301
0	596
28	158
41	532
13	55
25	493
9	48
0	0
0	0
0	0
0	0
0	0
0	0
0	54
0	54
0	0
0	0
33	18
0	0
0	0
0	0
0	0
0	4
0	2
0	4
0	0
0	0
1	0
0	0
0	0
0	0
59	409
156	409
1	68
0	57
0	81
0	40
0	81
1	81
1	107
72	107
0	69
1	25
0	85
0	12
0	23
2	2
768	1359
38	1267
0	497
1	234
2	163
0	75
8	41
3	311
1	720
0	1700
9	309
2	348
11	342
1	224
11	63
17	280
5	1329
0	23
1	23
0	0
66	58
24	2
50	348
1	310
0	246
0	34
0	36
2	8
35	215
0	6
0	13
0	10
0	20
1	282
1	314
0	396
29	281
0	102
1	19
0	396
0	0
584	737
0	219
2	161
43	693
2	130
0	184
0	243
34	160
3	39
4	16
6	823
115	966
0	302
22	23
56	112
2	293
38	78
8	97
0	1
40	228
30	20
0	0
12	14
0	14
1	1
1	15
1	2
0	9
0	0
0	0
0	1
0	1
0	1
0	0
0	1
0	0
0	1
0	1
0	1
0	0
0	1
0	1
0	1
0	0
0	0
0	0
0	0
0	1
0	0
0	0
0	1
0	0
0	0
0	1
0	1
0	1
0	1
0	1
0	1
0	1
0	1
0	1
0	1
0	1
0	1
0	0
0	0
0	0
0	0
0	0
0	0
0	0
0	0
0	0
0	1
0	1
0	1
0	1
0	1
0	0
0	0
0	1
0	0
0	1
0	0
0	0
0	1
0	0
0	1
0	0
0	1
0	1
0	1
0	1
0	0
0	1
0	0
0	1
0	0
0	0
0	0
0	0
0	0
0	0
0	0
0	0
0	0
0	0
0	0
0	0
0	1
0	0
0	0
0	0
0	0
0	0
0	0
1	3
0	1
0	1
0	0
0	0
57	473
0	431
1024	929
11	694
6	612
58	254
20	454
0	83
47	113
3	28
0	27
358	100
9	271
2	434
15	224
0	394
4	337
3	417
0	336
283	11772
18	10788
272	9122
49	3502
184	9090
5	838
32	59
143	54
18	34
4607	4626
45	3184
15	1716
48	2504
25	1608
19	503
14	1340
31	1264
141	2172
3	1
1	0
0	1
8	1
2	7
1	15
0	15
0	0
0	0
0	0
0	15
0	12
0	2
6	4
0	3
0	0
1	1
3	4
3	10
1	0
0	0
328	566
0	272
7	368
36	223
1	15
0	0
0	0
0	51
0	53
0	0
0	2
0	0
0	0
0	0
0	0
0	0
0	1
0	1
0	2131
0	183
0	201
0	102
0	97
0	138
0	88
0	33
0	93
0	0
0	0
0	2
0	2
0	1
1	2
0	0
0	0
0	0
0	0
0	0
1	0
0	0
0	0
15	0
3	0
28	16129
55	10745
0	15983
75	15514
2224	9896
211	14620
16	13428
50	10947
0	13133
2	3533
0	1826
0	3349
10	223
14	3241
1	1406
0	0
312	3247
1	5655
0	4923
0	2680
10	2029
7	1469
18	1039
1	674
0	2111
0	1512
4	1083
1	2735
0	2246
1	542
3	1250
0	1408
0	1997
18	1984
476	1838
711	2447
774	900
0	2176
0	133
3	1450
8	898
3	1173
2	415
0	676
0	23
106	35
57	19
21	0
4	5
0	0
44	519
22	30
63	647
58	501
0	93
34	97
5	304
36	58
18	82
5	97
4	120
2	0
3	0
0	0
119	6027
42	2111
12	79
4	0
11	4936
6	4978
7	4864
6	344
9	4977
40	5
74	101
18	267
29	1496
63	4979
248	3347
11	3190
0	3196
62	1937
0	1852
12	2
2	239
58	418
8	168
1482	3290
69	1113
30	2114
471	899
2	1260
0	1143
5	28
23	16
17	423
3	39
24	59
19	470
17	17
0	206
4	90
11	351
53	471
32	197
0	346
1	22
1	7
99	130
0	15
2	28
1	15
1	91
0	82
0	96
0	92
10	342
0	10
2	13
1	10
7	71
0	8
0	13
0	336
12	457
0	206
0	26
1	462
0	116
0	528
93	79
0	175
2	497
0	517
2	21
0	38
4	2
192	412
229	4380
19	4250
176	4943
0	937
570	3450
12	2411
9	2621
0	2405
5	576
0	76
22	182
0	1394
1	1451
0	1735
2	1666
27	544
90	691
1	716
10	40
11	932
1	74
1	815
4	31
0	64
27	3
0	73
7	107
0	72
0	16
97	38
19	186
0	3
1	35
0	22
0	68
0	14
0	72
0	901
0	0
34	39
0	707
0	30
0	1838
1	232
5	516
13	47
0	60
14	62
0	249
0	546
18	1652
1	149
2	20
4	80
3	9
7	7
5	313
0	43
7	973
1	335
0	1090
8	55
7	175
0	340
15	162
184	140
8	2
0	95
13	130
32	171
142	370
4	25
47	227
7	66
0	203
0	17
1	119
0	0
0	77
6	29
10	76
11	3
0	1863
0	3946
0	4054
37	1645
3	95
0	1256
4	1046
9	9
2	64
3	157
2	92
10	225
0	89
0	111
4	113
0	3
0	0
0	0
0	4054
1	28710
0	24
1	6418
5372	28851
9	25
106	8699
0	566
33	559
25	568
46	625
1	682
5	214
0	183
0	92
0	4
0	130
1	19
0	4
153	1685
0	1487
26	1481
19	1644
0	448
6	453
20	58
4	19
0	191
174	168
155	4
156	550
1	207
0	258
0	42
11	18
14	220
0	302
6	97
26	479
4	30
0	7
835	414
106	413
0	28
0	38
0	27
0	32
0	32
0	4
0	11
0	20
0	26
0	20
0	4
0	7
0	0
0	0
0	0
0	0
0	0
0	0
0	1
4	1
5623	2629
7	324
4	36
17	2
5	162
364	1764
31	54
70	322
0	0
0	0
0	0
0	0
0	0
0	0
0	2
0	2
0	2
0	2
0	0
0	0
0	0
1	0
11	194
13	154
80	176
0	16
3	101
4	39
16	14
1	16
7	0
1	0
237	31
161	569
33	123
24	86
15	523
31	6
0	88
0	2488
0	2542
0	2371
0	2800
2	534
0	33920
0	4362
528	78023
0	76326
0	6189
52	511
1	1138
5	2889
0	12789
6	6061
0	47186
0	5439
0	4174
0	81
6	81
9	18
0	86
0	51
0	3
0	37
0	53
0	53
2	146
0	84
0	499
37	166
0	481
40	504
173	644
149	0
0	0
0	0
0	0
0	0
0	0
0	0
0	0
29	73
2	95
1	193
0	289
8	26
0	176
3	6
9	1482
0	774
2	522
0	704
0	380
11	0
17	3
3	927
53	761
48	1024
45	1905
74	119
559	12251
340	9245
434	15435
2748	15776
0	0
95	11913
111	4116
0	759
20	1764
93	10609
1972	0
15	2778
8	1591
0	1623
118	4755
2	177
12	1
34	186
7	111
3	10
21	1659
50	38
0	2
14	87
31	67
78	41
37	598
0	4722
0	3313
1	0
0	0
2	28
2	218
9	16
0	25
0	35
2	461
0	40
1	26
0	10
0	64
0	460
0	0
0	0
0	7
0	0
0	0
1	18
2	93
0	208
14	71
1	17
0	238
27	45
4	25
11	8
0	106
0	1
2	26
0	11
0	168
0	47
0	207
3	9
24	3
0	1
0	2
1	2
0	1
0	0
20	239
43	239
2	3
1	62
0	8432
0	7164
0	348
0	397
0	5459
0	1214
0	771
20	703
2687	695
1344	583
20	539
0	10
3	25
4	45
869	1373
0	1373
0	1
0	1
0	1
0	1
0	1
19	36
0	1
0	1
0	1
0	1
0	1
0	1
0	1
0	0
0	0
0	0
0	0
0	0
0	0
0	0
0	0
4	0
0	0
0	0
0	6
0	6
0	1
536	299
66	234
94	65
0	0
0	351
0	459
0	450
0	460
6	447
1	452
34	455
1	449
14	444
3	465
3	459
7	489
8	458
6	95
0	108
1	1
0	54
3	91
6	100
0	2
0	1
0	0
0	103
0	116
36	95
0	445
0	366
0	484
0	505
8	554
0	452
44	346
0	348
0	352
1	11
0	0
0	0
3	913
18	805
121	898
0	20
3	35
14	295
1	4
142	8
0	240
0	180
4	149
2	16
2	14
3	15
1	11
0	0
0	0
0	0
0	0
6	3156
0	1766
0	234
0	529
1	884
17	728
2	1040
25	3
7	88
12	188
0	212
1	266
0	231
0	212
0	211
2	188
2	118
5	64
0	3021
16	19
0	0
0	0
0	0
0	0
0	0
0	0
196	151
2	138
21	1200
61	749
0	272
2	620
28	7
0	624
9	12
29	0
7	35
0	1244
2	0
0	0
0	0
3	5
0	9
0	0
0	0
3	46
1	35
3	171
0	557
14	446
14	664
23	32
2	208
0	66
0	709
2	5
10	69
3	29
0	82
4	23
3	237
0	96
10	199
0	82
0	0
0	12
5	8
11	35
60	112
102	528
9	804
0	781
8	384
6	117
6	144
4	0
0	196
0	6
3	356
0	357
0	505
0	461
0	484
50	964
1	40
14	120
3	273
12	77
22	259
0	31
0	24
19	58
3	71
48	27
40	42
0	10
0	0
1	461
8	457
6445	879
112	809
134	22
16	0
11	82
0	1103
0	1079
0	252
0	171
79	138
0	1103
363	256
0	5
0	252
6	234
5	94
2	27
0	33
16	61
1	7
7	5
10	9
4	12
3	0
30	7367
17	6015
4	2361
14	1034
16	1942
1	1232
7	790
4	121
6	353
1	5758
0	10
0	0
0	40
1	58
0	40
273	226
16	216
0	38
3	0
9	16
33	66
6	299
106	332
6	280
6	167
38	153
564	744
14	0
87	422
0	19
0	0
5637	26943
0	11822
3	11028
2940	10989
0	1368
27	27095
0	0
0	0
0	0
0	0
0	0
0	0
71	207
29	86
13	34
84	51
11	53
3	182
0	26
11	182
0	17
0	5
0	5
0	5
0	5
13	17
0	3984
0	4839
3	4811
0	5179
0	777
12	3284
0	5168
0	4762
16	3257
3	4896
0	4282
32	4377
15	424
0	323
145	1729
161	2150
9	150
10	229
24	44
0	5147
0	136
0	54
0	17
0	4
3	12
2	13
0	133
0	132
0	0
0	0
0	0
161	720
8	587
0	101
3	2
0	84
0	44
0	0
0	0
0	0
0	0
0	0
4	5
0	0
0	4
23	315
0	30
2	3
131	98
27	94
12	44
0	155
0	0
4	15
0	0
0	0
0	0
0	0
0	0
45	133
10	0
7	18
3	30
1	6
0	5
30	258
0	28
38	27
3	26
24	332
0	2
4	52
34	111
0	0
1	5
0	11
0	4
2	59
0	2
0	41
0	73
0	61
0	36
0	2
0	2
9	12
5	135
1	1394
420	1007
65	51
0	1394
19	75
20	35
38	0
0	27
0	27
0	21
0	19
2	27
0	7
0	3
0	0
0	0
0	0
0	0
0	0
0	0
0	0
0	0
1	1540
0	0
0	0
0	0
7	5
0	11
0	0
0	1540
0	0
0	0
0	23
0	1317
77	1551
4	1507
16	775
0	1
0	1540
0	1540
48	1412
13	1419
0	1321
7	548
11	608
0	1
0	29
5	3
0	288
0	91
0	29
0	255
0	4916
0	3684
0	33
0	417
0	586
0	874
0	34
0	232
0	610
0	212
1	4974
0	4788
0	5210
0	101
0	654
0	2429
0	217
0	276
0	313
0	307
0	198
0	1936
0	150
0	129
0	608
0	237
0	585
0	161
0	846
0	0
0	0
0	0
0	0
0	10
0	0
0	0
0	0
0	0
17	6
4	0
0	3039
0	2434
0	165
0	2459
0	184
0	2437
0	67
0	163
0	2578
0	166
0	15
0	2234
0	161
0	316
0	309
0	552
0	43
0	751
0	2814
9	318
10	48
42	321
1	69
14	59
0	297
237	794
0	13
42	450
3	267
20	466
6	9
0	0
71	190
0	143
0	115
4	33
3	34
1	74
6	30
0	12
20	25
0	15
29	14
0	0
0	0
0	0
0	7
0	7
0	0
0	0
0	0
0	0
0	0
0	0
0	1
0	1
2	3484
14	2712
0	2348
0	0
3	17
0	17
0	12
0	2
0	1266
0	965
0	231
0	124
0	169
0	206
0	159
0	134
0	72
38	11
104	107
3	453
40	616
6	348
33	863
8	744
63	626
16	193
4	208
0	149
6	181
1	75
28	147
21	105
6	74
9	100
6	49
51	27
7	3002
7	2754
7	105
5	59
17	257
1960	1362
5	1406
9	1397
17	1406
3	287
39	301
45	63
7	2836
48	4832
35	4333
0	977
0	805
12	461
12	1905
1	355
2	474
0	2103
0	2044
1	1015
27	80
12	2
0	2
0	126
383	3111
3	0
19	128
89	1760
0	2091
5	4
0	100
26	25
0	22
10	1241
0	3122
1	384
5	409
0	41
0	86
0	39
0	36
1	39
22	526
0	43
10	15
18	45
0	9
20	40
2	32
22	38
0	522
8	59
4	25
0	51
97	85
1	61
0	37
5	28
6	14
0	50
0	4
1	18
9	8
181	65
4	18
2	7
0	12
0	19
0	13
2	14
0	9
0	16
1	7
0	7
38	7
15	0
0	0
0	0
0	0
0	0
0	0
0	0
0	0
0	0
0	0
0	27
0	124
0	122
0	11
0	50
0	49
0	162
0	43
0	20
0	20
0	18
0	18
0	17
0	18
0	13
0	8
0	7
0	9
0	9
0	9
0	9
0	1
0	1
0	0
0	1
5	0
0	0
0	0
10	35
14	26
0	13
0	0
0	0
1	0
0	0
0	0
0	0
0	0
0	0
0	0
0	0
2	0
0	23
0	8
0	0
0	33
25	54
22	124
0	57
31	43
24	63
0	14
1	4
0	0
1	37
0	13
0	0
19	55
2	4
7	87
6	122
2	19
1	0
21	25
0	0
0	0
0	20
0	0
0	0
0	0
0	0
0	0
0	0
0	0
0	1174
0	1004
0	826
0	858
0	13
1	670
0	1364
2	895
0	913
0	254
0	1566
0	216
0	0
0	0
0	0
0	0
1	0
0	0
0	0
0	0
0	0
0	0
0	0
0	0
0	0
0	0
0	0
0	0
9	3050
1	2358
11	126
3	124
13	37
0	1401
13	155
3	189
0	26
5	48
5	597
0	95
4	45
0	0
0	0
0	1
0	1
0	0
0	0
0	0
4	74
0	34
20	621
0	278
3	33
5	107
1	52
0	24
2	12
0	53
0	3
18	8
1	616
1	0
0	0
0	0
15	76
14	252
2	274
0	42
6	50
0	274
1	385
16	755
2869	3383
0	3270
7	456
2	297
2	0
0	43
0	43
133	0
0	1730
0	37
0	16
0	37
0	59
0	48
0	75
0	76
0	14
0	20
0	8
0	66
0	62
0	41
0	25
0	5
18	228
0	154
0	10
0	32
0	24
0	17
0	1
6	5
0	0
0	0
1	8
0	4
0	4
2	3
30	225
5	35
1597	563
7	87
230	169
47	11
7	134
0	781
0	687
0	25
10	117
35	102
0	31
258	2297
0	770
21	2267
0	24
6	1
1	0
0	1
0	0
130	106
0	207
0	191
12	23
0	14
2	11
0	191
0	23
0	880
0	390
0	77
0	90
0	43
0	611
9	48
12	41
240	423
0	236
0	8
0	30
0	2
0	55
0	152
0	204
0	245
0	62
0	128
0	76
0	23
0	0
0	0
0	0
0	0
0	45
0	3
555	194
0	1
26	180
0	0
0	0
84	104
1	69
0	57
0	2
38	35
0	0
3	0
0	0
1	0
0	0
0	0
1	63
3	63
0	1
0	0
3	8
0	0
2	6
1	1009
2	13
8	43
3	662
1	493
18	762
0	570
0	403
1	177
0	98
82	644
237	298
4	8
6	28
9	0
3	1203
4	1033
563	1296
0	1126
27	732
0	0
0	7
339	220
0	194
0	38
0	1
0	13
2	3
0	1
0	49
0	56
0	43
1	6
9	32
6	2
1	0
0	945
37	930
14	993
0	962
0	935
69	944
6	943
0	196
2	732
3	12
0	9
0	180
19	39
6	1
0	101
0	4
0	36
4	36
10	33
1	7
213	43
2	7
0	30
0	127
0	15
0	16
4	3
0	4
0	2
35	60
0	0
0	24
3	3
3	19
0	127
0	20
0	20
0	17
0	0
7	5
3	10
0	0
0	19
0	0
0	0
0	0
3	166
164	1277
0	740
5	215
0	52
2	187
17	0
0	1142
3	1187
753	4
3	4
10	5
3	0
0	0
0	0
0	0
0	0
0	0
0	0
0	0
0	0
0	0
0	797
1	94
0	664
0	127
0	122
6	58
0	541
2	12
0	4
0	19
0	33
0	1
0	685
11	57
2	562
11	0
4	76
2	113
0	103
0	116
2	107
2	138
3	118
2	113
9	194
0	130
1	124
2	38
71	287
36	395
3	273
1	204
0	250
11	160
0	145
20	95
10	46
1	5
34	62
0	22
21	45
0	10
29	12
0	1
24	80
2	7
20	5
0	7
0	7
0	1
0	1
1	12
0	0
0	0
1	0
474	20674
2	1173
90	111
17	649
22	58
63	353
0	4350
35	744
82	1437
0	135
7	20109
1	19876
4	19059
0	7
3	23
0	116
4	100
1	45
0	40
0	8
5	35
0	6
0	103
0	43
3	59
2	52
1	177
8	147
3	5
2	16
3	0
2	8
0	0
0	40
0	4527
0	3169
11	304
49	73
0	4527
19	410
0	72
0	72
0	0
0	0
0	0
0	0
0	0
0	0
0	0
0	0
0	0
0	72
11	73
2	81
0	8
1	5
7	1
0	8
0	0
0	0
71	0
0	0
0	0
0	0
0	48
0	0
0	0
486	747
15	488
0	551
9	31
546	452
205	1246
0	6
0	0
6	0
0	45
2	458
0	445
0	362
0	438
4	536
1	47
1	33
0	7
0	511
26	19
221	826
18	8
45	385
18	681
11	209
19	43
1332	805
106	981
32	604
0	966
0	0
55	757
6	19
1	397
1	558
0	394
0	662
23	83
0	318
14	159
1	1035
21	931
19	244
0	857
6	568
11	277
0	592
2	424
350	494
0	477
0	592
0	0
375	101
2	101
0	95
21	95
8	57
2	35
0	30
0	26
15	98
0	9
1	64
5	11
0	32
0	19
0	5
0	87
0	64
19	3
23	13
7	10
0	3
33	53
1	2
0	10
0	10
0	13
0	53
0	2
0	1
0	52
0	52
0	2
0	1
0	1
0	52
0	1
0	1
0	1
0	1
0	1
0	1
0	12
0	5
0	6
2	0
1	71
0	59
3	1
0	20
0	20
7	3
0	1
0	19
5	0
2	0
0	19
1	19
2	22
0	3
13	21
0	0
0	29
0	2
0	5
2327	37
18	2
247	300
1	76
3	20
4	8
3	71
5	10
6	57
9	116
12	1
0	76
0	76
0	74
0	5
0	5
0	5
0	39
0	24
0	3
0	0
6	123
0	0
1	6
1	0
2	1
0	0
0	0
0	0
0	0
0	0
0	0
0	0
0	0
0	0
0	0
1	106
50	166
6	3
240	124
0	88
0	68
4	6
0	86
0	296
0	323
0	389
0	360
0	364
0	427
0	201
0	425
0	447
0	143
0	34
0	164
0	128
23	4374
193	234
137	285
335	97
0	3126
77	532
231	108
59	2938
509	2933
0	198
366	123
73	1473
257	1329
33	1513
0	4809
0	3
0	3
0	3
0	1
0	0
0	0
0	0
0	1
0	0
0	0
0	0
0	3
84	2055
1642	3118
4	592
5	716
0	18
5	182
18	631
3	26
3	348
736	784
4	623
9	77
24	18
328	1436
33	139
0	3
0	1435
0	71
4	114
18	104
4	36
0	1
0	1
0	1
46	156
2	2
3	0
0	0
0	546
0	684
0	247
0	19
0	43
0	131
0	520
0	52
0	279
0	728
0	43
0	23
349	3385
11	3407
0	1080
8	2941
1	1208
1	6
7	673
0	357
11	288
10	273
3	123
21	87
0	346
10	6
19	283
175	1275
2	1212
10	0
5	62
8	88
15	78
23	116
907	1649
1	1576
21	1393
13	3
10	24
12	308
22	6
1391	96
30	50
9	46
10	1993
10	264
4	1766
0	221
4	1291
5	162
65	1011
0	206
63	941
27	2231
40	2300
2	2043
0	1346
0	1968
4	2138
1	1801
34	1293
0	602
0	1246
5	564
95	302
79	1052
1	999
0	528
28	590
25	581
0	469
0	394
0	319
0	94
0	117
16	118
1	38
0	5
218	42
0	0
0	0
4	1120
98	978
0	693
1	106
33	930
36	6
45	328
54	124
20	72
40	75
4	3
0	0
30	250
0	226
0	68
15	9
18	4
3	12
0	24
14	26
13	31
0	3
3	12
93	653
0	301
1	461
0	56
1	710
0	48
0	79
27	34
1	56
1	7
10	3
39	7
0	126
16	236
10	146
2	25
0	84
11	43
0	47
74	114
7	6
0	727
7	7
221	197
232	241
1	40
1577	1963
7	1459
0	807
3	469
6	1281
29	1019
7	505
48	700
6	5
19	1
27	31
0	0
0	0
0	1323
52	2927
7	1240
905	17929
46	1482
39	1035
65	6554
843	17756
32	2727
1	12739
0	49
0	12522
0	1
0	649
2	43
1	2078
0	59
0	1748
0	940
0	46
8	1658
2	12736
0	0
0	12719
0	13220
0	0
0	46
0	0
0	988
0	580
0	46
31	46
1	6297
1	4281
1	2714
2	2829
39	12913
147	225
8	4228
0	2025
9	1683
111	867
8	2106
61	11766
2	4457
3	49
49	1
388	13078
0	13327
29	12932
199	12944
0	140
5	70
13	4559
2	4178
3	4279
5	860
159	129
28	12847
76	12566
8	12441
0	942
4	1666
5	917
22	71
14	11
0	1181
0	5
37	134
3	129
11	91
0	6
0	6
18	14
0	0
0	16
0	15
0	32
0	242
0	8
0	16
0	11
0	8
0	14
0	11
0	8
0	20
0	16
0	253
0	22
0	17
0	3
0	234
0	98
0	5
0	250
0	8
0	12
0	30
0	318
0	19
0	31
0	12
0	310
10	44
4	0
8	83
0	0
0	7
2	11
0	4
1970	1156
135	144
34	15
87	1073
23	71
446	35
21	115
0	66
5	49
61	8
20	28
19	9
2	70
11	0
3	1241
6	1234
0	251
14	0
5	17
0	220
0	227
619	20
34	16
7	4
1	4823
1	4037
0	477
2	521
0	351
3	108
0	2137
0	3792
1	2672
20	3323
0	2719
0	7
18	1577
0	601
0	13
0	18
47	197
0	47
0	12
0	2
0	2
59	12
0	4
0	0
0	0
0	39
0	41
3	280
0	2
34	32
0	35
0	292
0	29
9	18
5	35
0	7
1	11
0	5
0	1
0	2
2	8
4	271
7	0
0	6
2	184
5	271
3	24
6	1
2	268
1	1
8	56
0	17
2	1
3	183
0	1
44166	1
8	15
0	1
0	1
0	0
0	333
0	0
219	3520
7	3651
30	3496
193	3609
4	557
4	0
19	5
24	839
0	759
0	641
2	561
10	460
13	472
5	232
3	81
0	136
6	49
32	25
8	9
0	3658
0	3508
0	309
0	716
0	757
0	0
0	0
0	0
1258	0
57	0
1	7742
80	8602
1	8701
0	7746
6	472
0	3
0	0
0	3
2	14904
0	6
28	107
71	20573
1	1063
14	12185
0	19348
37	19752
516	751
278	535
362	893
0	1577
0	718
0	766
0	726
0	159
0	228
0	12
0	53
0	38
0	43
0	4245
0	4293
0	3042
0	1910
0	3198
0	764
0	311
0	315
0	127
0	74
0	127
0	133
0	212
0	38
0	217
0	82
0	70
0	1
0	1
0	1
0	1
25	37
0	34
12	306
47	244
5	131
0	312
9	20
25	4
40	40
175	308
1	49
0	44
4	8
27	151
2	18
9	66
0	0
0	1
0	1
0	1
77	15
1	4
0	2
0	2
6	18
0	1
7	6
0	1
0	4
68	2705
17	105
21	177
0	1178
1	1522
0	2593
7	1045
0	69
0	20
0	101
0	1120
0	41
0	1109
7	19
0	2631
6	2570
7	2
12	355
5	19
7	603
3	411
0	541
18	2
7254	47058
105	47057
110	46883
16	46889
0	2
0	2
13	66
1	58
19	53
122	99
4	10
0	3
3	5
1	11
4	8
0	45
7354	837
9	72
7	174
5	97
0	649
0	81
0	544
0	91
0	25
0	65
0	62
0	2
0	563
11	3889
9	2846
8	262
11	3070
91	3370
6	2827
57	2622
4	262
2	235
105	2381
14	149
4	188
0	324
0	334
27	1094
9	324
1	169
2	0
61	8
2	0
1	162
3	140
0	70
0	248
0	191
0	164
0	228
1017	571
1	549
7	544
242	515
590	0
5	11
2	11
0	381
10	16
0	397
0	0
0	0
0	0
0	0
0	1
14	7669
15	142
247	4969
3987	8147
143	182
117	8330
0	3945
1	4457
104	344
18	233
0	270
13	25
0	120
20	63
3	76
24	45
299	6
2	0
0	0
0	0
0	0
0	0
0	0
0	0
0	1
0	507
18	330
102	9935
1	243
0	416
0	39
6	179
0	229
1	0
0	280
2	3
0	357
7	9
0	14
21	2
4	159
2	512
8	9950
1	9976
0	9943
1	9959
69	10397
0	0
0	0
0	0
0	0
0	0
0	0
0	0
2179	58
6	58
4	58
2	107
8	107
5	403
35	2090
212	2097
4	303
10	302
0	293
765	0
5	0
0	0
0	0
2	1
0	5
3	8
44	43
1	35
0	7
0	0
0	0
0	0
0	1
0	0
2	0
0	0
0	1
1	0
0	1
0	1
0	1
0	0
0	0
0	0
0	0
4	2
0	0
9	1
0	0
0	0
0	0
0	0
0	0
0	0
0	283
2	29
0	31
0	0
1	718
0	195
2	9
3	2
0	37
1	17
0	41
1	13
35	346
71	529
3	39
2	103
2	42
6	69
0	19
0	838
0	4074
0	2543
0	555
0	40
0	209
0	7
0	108
2	2821
10	2468
5	2147
0	2136
11	267
20	1
13	7
1	2150
5	2494
0	268
2	2359
26	1247
0	266
2	997
18	1066
3	858
1	243
40	431
3	366
2	465
0	344
0	886
0	110
0	3
89	1024
0	351
4	393
0	641
11	164
0	1064
17	19
0	19
0	0
0	7
0	100
0	99
0	94
0	61
8	0
0	7
0	9
0	8
0	15
17	10
2	1
1	7
0	7
1	5
0	4
2	3
1	4
0	2
0	1
0	100
0	100
0	2
0	1
1396	7599
247	7599
0	0
0	0
0	0
0	336
318	1065
3	1
22	1048
16	344
2	310
1	455
0	301
0	303
11	1074
97	838
0	166
3	35
0	63
0	736
5	4
16	34
4	154
177	1709
0	114
0	682
0	686
5	200
3	1069
0	74
7	6
2	161
4	4
0	64
10	44
16	16
0	136
2	89
20	559
15	558
0	87
3	403
3	349
1794	637
0	5
2	9
0	5
0	9
1	352
0	5
0	7
0	347
1	5
19	104
12	14
0	1963
0	2027
0	1900
6	1724
0	1974
0	1915
4	233
0	1673
0	1625
35	207
0	1729
0	1817
0	2078
8	1174
0	20121
0	17950
0	15623
0	5651
38	20141
0	17925
0	15623
0	22
1	995
3	1753
0	780
7	148
4	0
0	0
0	0
0	0
0	0
0	0
0	0
5	104
1083	280
16	204
37	113
0	150
23	15
15	31
18	1
0	16
0	0
0	0
0	0
0	0
0	0
0	0
0	0
0	0
0	0
0	1672
0	1708
30	1600
3	1620
0	156
1	1183
3	63
2	0
1	5
0	97
6	1
3	16
27	6
572	719
0	403
3	343
1	44
0	52
0	1737
144	1187
16	356
5	141
45	295
0	280
0	276
3	268
10	383
6	275
2	209
0	240
0	210
0	198
5	170
23	206
23	206
37	20
9	2116
0	627
0	1580
372	2056
0	44
2	90
0	75
1	47
0	44
30	15
0	59
0	0
0	0
0	0
0	1
0	0
0	0
0	0
0	1
0	0
0	0
0	0
42	2188
0	1588
2	1601
3	1660
30	2173
1	1515
0	1122
7	43
37	8
1	57
0	24
1	737
1	339
0	232
1	74
7	4
0	1337
3	1328
30	0
2	0
0	0
24	0
0	7131
18	2206
200	83
192	14
11	3117
1	2060
36	3698
25	1933
20	218
0	2
47	1297
0	66
14	238
7	5517
0	3
41	913
32	947
117	555
23	47
21	245
0	207
43	48
136	83
14	116
3	19
7	1555
3	683
132	1166
0	1525
581	635
12	396
6	374
7	14
14	308
5	604
7	21
4	6
1	113
1218	382
3	99
8	255
417	0
0	0
0	0
0	0
0	0
0	646
0	602
0	154
0	213
0	14
0	0
20	1294
0	1386
10	4
21	167
5	1017
0	783
45	149
34	96
0	4
2	260
0	56
4	110
16	264
3	319
2	264
2	332
7	618
0	557
16	327
0	249
0	80
0	144
2	147
3	137
0	55
3	0
0	0
0	3
0	0
0	0
0	0
0	3
0	1785
0	1348
0	1433
0	1143
0	60
0	1306
0	377
0	687
0	471
0	574
0	521
0	418
0	71
0	71
55	1027
10	1027
6	0
0	0
1	0
2	65
0	71
0	53
0	14
0	14
0	9
0	9
1	3
3	4
0	6
0	0
0	1
540	6744
23	1343
19	82
42	6556
11	92
17	640
10	1253
2	1
111	653
0	3330
24	17
29	45
5	0
576	539
1	337
1	157
0	21
1	7
1	2
1	1
7	0
3	58
0	7
0	35
1	16
0	1
1	2
0	2
0	14
3	9
0	1
0	1
12	40
0	0
0	3
0	0
0	8
1	0
0	0
0	0
0	0
0	0
3	25
0	0
23	16
28	55
6	17
5	0
0	21
25	22
0	3
0	4
0	8
0	1
0	6
1	2
1	6
1900	55
0	0
33	614
0	371
11	355
1	66
19	445
13	515
3	8
8	551
4	462
0	4
4	179
0	14
2	32
0	2
5	2
130	11
1	12
0	6
0	59
0	48
0	75
0	76
0	14
0	20
0	8
0	25
0	5
0	66
0	62
0	41
0	37
0	16
0	37
0	8
10	25
56	15
0	1
1	0
77	154
0	1
13	113
0	0
5	4
1	5
3	2
0	0
0	37
0	0
1	20
0	4
0	6
0	4
7	8
2	6
0	4
0	4
0	0
0	0
109	141
0	91
2	25
26	40
2	38
17	29
5	0
1130	3114
11	2746
3	307
12	21
12	44
0	751
139	1900
0	1036
4	298
3	924
0	0
2	0
0	0
0	0
0	0
0	0
0	0
0	0
0	0
0	0
0	0
0	0
0	0
0	0
5	120
0	120
2	13
0	302
1	276
0	750
3	1119
0	903
0	1169
0	1287
0	1189
7	824
12	79
0	113
15	628
26	628
208	686
126	904
26	95
0	112
268	841
2	103
2	87
4	193
33	632
1	396
0	27
0	27
0	6
0	33
0	28
0	1
0	6
0	40
0	0
0	39
0	52
0	1
0	0
0	16
0	20
0	0
24	1939
1	1461
17	1574
8	172
3	987
9	26
5	361
6	916
0	187
0	232
9	27
0	132
0	346
3	15
15	15
4565	0
1	3163
0	635
96	352
0	162
10	29
16	447
6	26
9	989
0	1112
4	54
0	2205
1448	3776
33	42
260	1282
1	1258
5	1000
0	849
9	1948
113	1958
0	1610
4	739
143	956
12	421
2	1335
0	1
0	1
217	430
0	52
0	42
3	310
2	21
0	24
0	30
4	282
8	12
2	1
3	43
14	53
0	4
0	130
0	110
3	13
0	99
1	56
3	5
1	4
0	23
124	347
9	1187
0	1063
67	451
4	147
1	167
22	1
3	86
15	208
12	297
57	192
23	213
0	140
1481	2266
81	419
11	402
100	1656
23	1988
37	194
99	209
20	190
17	192
0	29
1	172
2	59
0	19
14	86
0	0
0	10
0	0
0	0
3193	7076
23	1186
8	784
3	404
0	444
47	775
138	5863
131	5403
10	216
26	3674
12	60
0	338
15	48
6	711
9	81
107	2092
0	206
4	85
9	216
28	687
0	34
0	511
0	346
1	65
0	92
0	96
5	135
0	215
190	241
10	2
122	2948
233	1352
24	1299
11	921
50	2345
9	1349
37	1882
5	375
0	1926
2	1345
14	0
2	12
2117	265
182	295
9	21
7	14
2	22
5	168
0	94
0	0
6	373
6	236
0	242
7	373
0	218
28	1007
2	966
0	1033
7	1
2	10
4	3
0	26
10	0
3	0
1	38
3	48
1	24
3	12
0	13
0	13
0	0
0	1
0	0
0	13
0	13
3	1986
0	1599
0	1437
0	1753
3	620
7	225
3	643
26	16
1	29
5	3094
0	3052
12	2030
0	2090
45	11
0	0
8	6
0	0
0	5
2408	233
11	0
4	172
321	22
18	28
0	21
0	0
0	0
0	0
0	0
0	0
1	11
0	0
0	0
0	0
0	0
1	21
3667	847
5	834
1	0
21	2
82	0
201	4267
1	4097
0	3567
0	3488
0	3635
26	3353
0	3780
103	220
0	3
1	18
0	8
21	14
1	3
0	0
0	0
0	0
0	1
0	0
0	0
0	0
0	0
0	0
0	0
0	0
4	973
0	0
0	0
1	0
932	0
17	1066
0	1079
0	363
0	472
0	993
0	848
1	505
0	671
11	126
142	1719
271	1038
220	915
0	306
0	252
13	1104
4	484
50	334
6	723
35	1688
89	969
3	599
10	208
21	141
24	532
4	325
0	338
0	43
0	33
1	31
8	6
0	0
13	5
0	1
1	1
2	1
0	2
3	4
7	1187
18	940
103	278
8	244
16	40
8	34
17	45
14	140
2	19
31	25
1	59
8	5
12	73
20	4
4	96
1	1183
0	0
0	0
0	0
0	0
0	0
4	2
1	0
0	19
0	33
57	78
1	4
0	27
8	35
0	1
0	3
0	2
0	9
4	9
0	17
0	2
0	24
0	0
1	69
13	230
0	272
4	267
1	244
109	123
16	83
0	137
267	1342
1	1342
9	1
0	1
0	0
0	0
3699	2589
0	1486
30	1442
12	821
24	1186
3	870
10	869
15	576
1499	1883
4	5
1	5
2	113
3	26
0	1507
0	1733
39	280
217	25
1235	1694
9	336
85	854
0	598
8	272
34	429
0	40
0	54
0	40
0	0
8	38
32	28
632	55
13	36
0	0
24	62
2	0
0	1
2	3
0	3
13	42
2	3
0	4
6	20
4	577
7	163
18	47
152	135
16	42
9	165
0	113
50	119
29	548
27	115
25	42
3	16
30	79
4	180
0	59
9	4228
0	3334
0	3883
0	2813
2	3014
0	1872
13	2419
13	2223
0	1146
1462	28
42	10
113	283
14	1467
8	12
0	1603
22	1809
0	2010
8	109
2	1810
6	23
0	353
1	4
0	11
0	23
0	11
0	22
0	1
1	0
0	9
143	341
578	1067
0	17
12	94
0	6
8	22
60	273
279	354
0	0
61	15
2	4
0	2
0	0
0	1
0	12
2	13
0	12
0	7
0	2
7	9
1	1
1	8
0	0
0	38
0	39
13	7
0	2
0	2
95	265
0	183
0	3
0	104
34	66
1	102
0	0
1	3
0	184
0	174
0	3
241	2105
49	930
0	1003
1	872
3	620
0	422
2	53
61	51
0	734
6	157
7	157
4	3
0	0
0	0
0	0
0	0
188	1134
94	1273
2	147
12	601
0	12
0	12
0	12
0	13
0	0
8	104
3	587
1	119
628	578
0	206
1	11
0	0
1	0
1	0
0	32
0	0
0	0
3	0
0	0
0	32
0	32
0	76
0	35
0	33
0	35
0	0
0	0
0	0
0	1
0	3
0	1
0	0
0	0
0	0
0	0
0	0
0	0
0	0
0	0
0	3
0	0
0	0
0	0
0	0
0	0
0	2
0	1
0	2
0	0
5	193
0	644
0	464
0	1
4	18
4	17
1	2
0	22
7	58
8	34
3	14
3	4
7	10
9	86
7	85
4	31
1	626
4	98
0	6
0	70
0	29
16	3
0	112
0	97
0	67
0	5
0	5
151	66
32	44
31	27
0	6
158	516
0	198
1	173
0	463
0	231
0	219
6	152
0	14
1	8
0	6
0	156
2	4
1	9
2	51
0	61
0	46
14	49
0	0
79	2090
2	11
12	6
9	1476
8	1792
72	63
0	1701
6	833
0	1
1	293
13	293
5	327
36	11789
102	11710
6	11622
304	11784
20	1549
35	182
4	8
1	33
3	630
18	974
11	480
9	251
2	20
0	1626
0	50
0	422
32	95
0	19
43	4293
3	1454
1	59
100	460
0	248
0	17
0	53
0	46
0	13
0	28
0	44
17	11
0	37
17	11
0	26
0	58
70	50
90	9
141	1
0	5
0	37
7	64
0	61
0	18
0	0
0	0
0	0
0	0
0	0
0	0
0	0
0	0
489	0
4	13
135	812
84	373
4	118
54	736
2	220
36	390
0	0
0	0
0	0
0	0
0	0
0	0
49	1319
236	2336
18	2346
5	0
1	73
3	6
6	7
0	7
0	0
0	0
0	11
0	12
0	12
0	12
0	12
0	12
0	12
0	12
0	12
0	12
3	1
0	17
0	0
0	4
0	7
0	7
0	0
9	196
153	452
0	328
6	189
9	150
27	90
2153	950
95	947
5	28
3	698
6	192
0	386
21	7
0	24
0	1
0	4
0	34
0	51
0	67
9	51
10	0
0	2
2	53
0	0
712	699
86	400
0	103
7	163
5	540
11	48
10	129
10	12
0	13
1	0
0	0
0	0
0	1113
2	383
0	385
0	17
1	68
3	22
0	28
3	44
0	51
7	62
8	55
2	27
3	52
5	0
17	0
23	1074
111	2849
1	11
0	754
3	0
2	2643
13	1848
0	29
0	1824
0	40
1	0
1	55
0	85
0	1790
3	8
0	7
0	8
0	1
0	1
0	8
98	1671
1	1578
0	146
30	184
20	1677
3	3898
121	3852
4	289
0	1643
49	1009
9	104
0	3532
6	25
0	3
0	5
0	2
0	2
0	2
0	1
0	1
0	1
13	0
0	0
0	0
0	5
0	1
39	1460
0	933
8	987
1	217
2	588
3	832
9	990
14	322
7	184
23	233
1	0
2	2
5	2
0	0
10	2
0	0
0	0
0	15
0	0
0	0
0	0
16	1
3	17
0	0
77	5039
19	2763
21	2323
6	1999
5	354
5	1
8	512
6	105
2	299
4	106
3	4603
14	29
0	0
1	2
0	0
5	5
1	42
0	698
0	698
0	362
0	0
14	69
0	165
0	84
4	51
0	20
522	294
7	32
2	0
0	32
7	170
1	76
0	187
2	8
7	117
1	18
0	34
7	2
0	51
16	156
0	788
3	707
1	781
0	682
0	343
0	0
5	111
14	62
1	68
0	76
0	46
5	67
2	22
4	46
11	47
5	2
39	3
0	1
3579	3399
1	3418
3	1726
96	38
0	69
313	587
22	513
0	0
0	2
3	9
0	0
11	642
0	647
13	85
0	600
0	411
1	31
0	12
0	13
47	54
12	21
1	227
0	229
0	0
2	220
42	233
0	211
0	212
0	207
0	16
0	12
10	5
49	20
0	229
0	148
0	113
384	1213
7	206
3	84
6	1049
0	57
4	249
10	56
3	104
20	7
6	87
9	174
2	188
29	194
0	1876
45	2456
0	59
4	27
8	22
1	82
2	114
70	102
11	186
45	6
27	1626
9	76
0	61
6	70
1	20
3	1
1	105
2	204
12	2217
232	18
25	19
0	0
6	530
85	713
3	555
22	437
19	5
50	59
0	15
4	22
0	8797
107	10341
2	726
18	116
0	351
0	186
0	549
0	8786
4	8579
0	8364
22	6387
13	8314
0	0
0	0
0	0
33	6
18	0
0	0
0	0
0	0
0	0
0	0
29	478
68	470
0	62
23	112
16	33
0	0
0	0
0	0
0	0
0	0
8	12
0	0
56	2563
13	451
2	2260
0	1654
0	549
26	32
89	51
17	49
129	346
3	1936
30	1590
855	2063
0	2231
21	11
8	1
1	68
16	335
6	346
0	336
0	248
3	283
3	293
3	281
2	299
3	21
4	3
9	7
2	14
6	0
0	2
0	1
1	1
13	614
0	532
2	27
4	60
0	56
0	100
1	5
1	0
0	34
0	0
3	0
0	0
14	92
0	0
117	15
1	0
0	463
28	3035
14	3659
0	3358
0	2363
67	426
28	1
80	269
29	204
13	1141
2	764
585	1675
3	1277
1	770
26	1033
0	4
0	2
0	3
0	3
20	44
9	25
0	0
1	0
0	0
0	0
3	15
0	11
0	0
0	0
0	0
0	0
0	0
0	0
84	1240
0	1181
19	540
22	305
0	150
0	86
21	63
0	0
0	0
0	0
0	0
0	0
15	616
66	791
190	399
0	0
4	2358
2	709
15	1151
0	687
2	890
10	1273
25	964
23	930
0	934
0	145
0	104
1	417
0	21
19	106
0	2222
29	1839
227	33
4	13
2	8
13	237
16	237
15	14
1	6
1	402
312	1269
3	48
4	2
16	7
1	12
12	5
21	860
2	244
0	694
8	3
1573	0
0	0
0	0
0	0
0	0
0	0
0	0
0	0
0	0
0	0
0	0
0	0
0	0
20	4
0	0
0	0
0	0
0	0
0	0
0	0
0	0
0	0
0	0
0	0
0	0
0	0
0	0
0	0
1212	102
2	102
2	278
5	277
129	7939
88	917
5	921
17	7868
0	1269
1	1516
8	183
17	248
1	7546
5	2
8	69
10	1163
497	72
24	73
0	2
1010	0
64	387
153	1222
89	28
22	1089
5	805
0	850
0	0
0	1
0	1
0	0
0	0
0	2
0	1
0	1
24	1
0	0
0	0
0	1
0	0
0	2
8	12
0	8
2	65
0	0
0	11
12	3
0	0
11	7
0	0
0	0
0	0
0	0
0	0
0	0
0	0
0	0
0	0
0	0
4	24
8	699
0	369
61	462
67	276
92	1214
33	674
0	0
59	1598
1	979
4	115
21	686
1	598
14	247
0	50
4	59
12	80
19	73
0	47
0	38
5	40
0	0
0	0
0	0
0	0
0	0
0	0
0	0
0	0
0	0
0	0
0	0
3	1
0	1
0	1
0	0
0	1
0	1
90	39
0	0
0	0
0	0
0	0
0	0
0	0
3	0
27	2
3981	16909
826	16647
72	396
11	554
44	119
18	1780
26	2
19	1808
2	2103
25	283
1	3086
6	0
10	1048
17	990
2	939
0	792
3	147
0	59
6	13
5	0
0	0
0	3
0	0
0	3
0	0
0	0
4	0
0	0
0	0
0	0
0	0
522	184
0	73
0	122
5	114
2	64
4	31
2	94
1	94
2	105
37	31
2	1
9	0
22	236
1	19
0	9
0	952
0	768
0	501
0	0
0	55
0	47
0	32
0	0
4	0
0	0
0	0
0	2290
0	1700
0	1805
0	1469
0	1185
0	631
0	654
0	225
0	491
0	111
0	143
0	3
11	2
0	0
0	0
4229	740
3	182
17	415
0	209
2	32
5	170
5253	1397
24	15
16	732
44	12
13	98
20	0
6	668
0	53
40	53
1	2
0	0
0	0
2	53
0	0
1	23
4	10
13	21
0	491
8	433
0	390
2	72
12	313
1	254
0	294
0	8
0	18
0	21
0	18
0	21
0	1
0	422
0	408
0	0
0	0
0	0
2	52
0	0
0	0
0	0
0	10
0	10
0	25
0	18
0	22
0	64
0	8
2	5
0	0
2	0
9	29
0	39
0	46
2	1363
0	2078
0	1452
0	2017
0	2036
1	2022
0	1437
1	1532
4	1277
1	1495
10	759
0	1247
0	1022
5	929
0	1033
0	988
7	606
0	816
0	817
0	829
24	156
0	246
38	795
0	252
0	437
6	658
0	204
11	525
0	621
1	433
0	541
7	392
0	302
0	506
12	359
0	182
2	186
19	14
39	206
2	78
2	97
17	5
5	3
91	54
0	54
0	1792
0	1940
7	85
0	84
0	7
0	3
0	3
444	1198
1	94
2	106
0	1128
23	9
16	508
14	0
1	8
0	0
0	0
0	0
5	1085
599	1614
1	94
2	93
2	93
0	45
33	1425
6	272
16	11
0	11
0	1
0	1
0	0
0	0
0	0
0	0
0	67
0	23
1	3
0	5
1	7
1	0
1	7
3	3
0	0
1	4
1	59
4	81
15	92
17	12
47	300
0	300
3	0
0	51
0	24
0	1074
0	87
0	19
0	93
0	144
0	1326
0	1092
0	9
0	16
0	36
0	21
0	17
0	0
0	26
0	82
0	20
0	80
0	22
0	40
0	91
0	85
0	70
0	1046
0	107
0	28
0	61
0	72
0	97
0	937
0	970
0	74
0	934
0	133
0	565
0	283
0	28
0	750
7	1
0	737
0	782
1	0
3	609
4	47
0	3
62	128
0	194
6	15
7	64
0	784
0	811
1	7
0	7
0	1
0	1
0	0
0	0
0	0
2	0
0	0
0	0
0	0
0	0
11	4
0	0
0	0
0	0
0	0
0	0
5	84
17	1039
13	2059
1	1718
8	23
1	893
14	48
3	237
23	695
0	18
5	111
4	91
3	90
0	61
4	102
2	15
19	33
1	0
5	1291
7	1039
101	1485
1	1182
10	484
3	0
0	1229
8	281
0	6
0	1162
0	445
18	17
0	292
0	1302
0	0
5223	1560
10	6
8	1560
0	0
0	0
2	172
156	8057
34	644
43	8003
0	518
70	748
6	200
4	78
5	350
14	265
15	52
8	141
10	10
0	2390
2	506
0	175
32	222
0	829
2	190
0	532
1	128
6	93
2	865
5	5196
3	5196
26	2022
45	1115
3	1662
7	64
22	34
140	35
1	0
69	85
14	71
3	26
1	55
5	16
5	5
0	20
1	18
31	25
7	0
13	46
1	1
11	90
0	17
8	75
6	17
67	1212
7	697
11	168
0	996
10	21
76	1131
0	1188
9	151
0	197
0	0
0	0
11	80
1	64
0	213
18	96
9	227
10	46
0	85
68	114
0	96
1851	2124
28	583
73	977
42	316
1	680
11	160
24	656
66	108
6	588
100	145
1	0
6	948
73	654
0	902
0	608
7	622
0	133
5	62
9	15
0	67
0	88
2	80
27	71
5	52
3	33
23	15
0	0
0	0
0	0
0	0
0	0
2	60
25	68
5	0
11	1764
0	2345
0	360
0	14
0	1192
0	406
0	2242
2	77
17	1380
46	306
15	1753
3	1020
0	1944
41	14
41	1392
23	211
2	4
3	79
2	1681
0	1611
11	43
0	0
0	0
0	0
0	0
0	0
0	0
0	0
0	0
0	0
0	0
0	0
0	0
0	0
16	2932
0	148
0	100
4	446
3	10
0	2988
65	2946
0	0
7	1392
24	1444
0	1327
3	60
21	1566
0	119
17	214
16	71
3	0
27	3
5	67
46	1113
0	2298
67	2298
19	2165
37	1353
0	0
0	0
0	0
48	2842
0	56
106	44
1092	596
2	2
3	284
33	2466
0	2400
3	2193
1	2292
3	186
125	380
0	1
22	71
3087	1718
0	26
2	1596
102	95779
13	127
883	120
6	9
32	4
12	115
1	0
0	0
32	396
8	75
21	303
4	100
79	282
34	50
1	128
16	80
3	30
1	13
0	221
0	292
1	53
19	15
6	15
0	126
0	280
0	241
0	211
0	1
0	47
0	6
0	3
2	0
0	0
0	0
0	0
0	0
696	145
212	145
60	471
2	344
0	332
7	192
0	149
1	141
2	111
0	78
19	44
8	30
0	1210
24	1168
20	1258
0	1168
0	857
2	750
2	677
0	87
5	0
8	1
16	26
0	23
12	16
146	178
2	6
12	20
0	41
4	41
19	6
11	19
1	0
0	0
20	1194
6	867
10	967
22	985
0	18
5	586
2	39
43	254
8	130
25	320
24	204
99	22
0	1
0	1
0	0
0	0
0	0
0	0
0	0
0	0
3	736
11	105
0	710
4	674
16	17
0	5
15	643
46	421
0	22
0	106
0	68
1	56
0	23
0	23
0	711
0	0
0	1
0	1
0	1
0	1
0	0
0	1
6	8
0	0
1	1
0	0
0	0
0	872
0	618
0	671
0	1497
0	109
0	124
0	49
0	173
0	48
39	351
107	357
15	104
1423	140
20	355
3	1
3	79
0	242
3	202
44	1265
63	137
0	1344
24	61
0	55
0	51
0	55
3	55
0	50
0	50
0	44
0	34
0	0
0	0
0	2
0	0
0	0
0	1
0	0
0	5
0	5
0	0
0	0
0	53
0	0
0	0
30	15
234	382
401	1567
34	789
0	102
0	38
0	1546
10	65
494	1014
11	441
0	5
18	41
1	51
1	90
0	1
2	18
0	5
2	93
20	6
2	6
0	2
1	9
0	0
0	0
0	0
0	28
0	16
22	1653
0	742
0	706
0	737
9	323
74	493
34	505
48	48
0	1653
2	286
0	270
0	302
8	301
29	110
0	96
0	286
0	256
1	0
0	151
1	16
0	30
1	1
4	1
0	309
23	141
3	135
8	44
0	10
0	26
0	11
0	10
0	0
0	12
0	0
0	0
0	0
91	1532
0	912
5	439
3	186
12	719
92	300
29	4
0	816
380	26
13	10
38	48
0	47
0	28
0	14
0	188
0	13
0	9
0	0
32	7
1	7
0	87
68	2671
1	2583
8	2583
3	1101
1	1087
0	829
0	200
0	214
0	239
0	116
0	96
0	39
5	23
0	25
3	18
4	1
0	6117
0	6246
0	394
0	783
0	1908
0	5923
0	173
0	266
4	664
3	560
0	1
3	716
0	732
0	32
0	29
0	40
1	37
0	29
0	3
0	0
0	1
0	2
0	1
0	1
8	1
0	0
0	0
0	0
0	0
0	0
0	1372
0	1488
0	1406
0	1594
0	1969
7	1399
380	1933
14	69
10	799
3	141
0	119
44	125
1	25
5	20717
0	20701
4	19864
300	18175
10	12681
4	915
5	7
14	30
7	775
4	13
54	10229
12	8361
0	9361
0	9954
12	6388
1	6379
20	5358
0	22
0	0
0	0
0	5
1	410
10	294
0	362
21	323
20	19
10	52
13	284
3	64
5	2
1	6
0	0
0	0
0	0
0	0
0	0
0	0
9	6
0	5
0	0
0	0
20	205
5	0
0	205
40	753
55	596
19	618
81	70
0	0
0	0
0	50
11	524
11	298
5	531
87	469
2	476
0	43
0	5
12	29
2	20
32	17
2	14
1	52
0	58
0	8
0	20
0	50
0	85
1	195
0	54
0	6
1	16
0	77
0	87
439	84
56	117
10	48
0	0
7	2
0	57
0	58
0	11
56	78
13	8
0	0
6	154
4	151
0	154
0	154
1	0
76	127
0	101
0	154
952	265
11	228
0	3
0	2
0	3
0	2
0	0
0	0
4	18
95	35
11	1169
62	1184
0	19
40	1644
0	504
0	1494
311	1096
1	1073
1	299
48	8
16	256
32	7
1	0
0	15
0	15
0	0
0	2
0	2
0	0
0	0
0	0
0	0
0	0
0	0
0	0
0	0
0	0
0	0
0	0
0	0
82	341
11	112
42	395
12	459
1	113
0	116
7	181
8	62
6	1959
11	762
3	272
0	2012
0	0
0	0
0	0
0	18
0	0
0	0
0	0
839	1415
0	663
119	24
2	437
17	327
0	1
8	179
9	264
49	29
0	135
19	119
637	315
42	129
24	53
25	143
32	195
45	5
4	38
0	297
70	114
0	241
4205	17
2	14
0	14
8	9
0	2
1	0
0	0
1478	636
16	374
0	33
3	46
6	27
0	71
4	125
415	1610
3	1620
0	1751
3	1395
23	1006
8	868
1	52
0	93
0	81
0	44
5	84
4	3
4	131
9	40
8	13
6	12
7	80
8	71
575	356
0	2
0	2
0	1
0	0
0	1
0	94
32	469
33	32
136	1509
6	1152
52	4
19	514
0	103
0	186
2	1516
0	551
36	246
0	113
160	1314
0	37
5	27
0	47
0	170
0	124
0	1562
0	1466
0	1518
22	8
14	14
5	0
31	239
3	7
0	219
4	40
9	104
11	32
20	6
1	5
0	0
0	21
0	21
0	49
0	49
0	29
0	16
0	1
0	0
0	0
0	0
676	139
22	139
21	0
0	0
1	48
4	49
0	0
0	10
1	0
2	2
4	0
1	0
0	11
0	1
0	44
0	14
0	48
0	209
8	548
33	92
94	77
2	498
57	212
4	139
5	38
8	97
0	52
37	98
0	472
0	0
0	0
0	0
322	41
8	13
0	28
4	0
0	242
0	191
13	189
1	4
0	196
33	14
20	1
0	5
1	2
0	2
0	346
3	7317
8	372
13	16
0	5772
47	1074
0	3386
31	471
6	3120
10	1
4	85
3	103
4	1812
16	46
0	1532
9	25
2	29
0	3
0	965
19	931
3	39
5	73
0	92
0	606
11	590
3	155
0	276
0	7278
2	6101
109	1044
8	28
28	299
103	352
79	949
231	190
5	1965
0	4839
6	4470
0	1785
4	1690
0	3512
4	263
0	242
0	106
1	267
1	163
6	927
0	463
45	22
9	84
4	4458
6	4558
0	4687
95	2
1	0
2	0
0	66
0	124
0	135
0	118
0	100
1	24
0	11
1	26
0	57
31	47
0	10
0	44
1	48
0	33
0	13
0	8
0	8
0	7
456	1670
2	204
15	635
2	1315
77	796
6	1554
0	303
12	1241
21	7
0	0
1	0
0	3
6	9
0	8
0	0
4	154
2	43
0	150
1	53
0	140
1	2
0	2
0	0
2	24
4	14
0	2
0	269
0	0
0	0
0	0
0	0
2	41
1	41
0	0
0	0
0	7
3	3
1	8
6	6
1	5
1	1
13	2
5	21
7	0
20	2
0	673
25	659
1	659
0	410
0	40
11	6
3	160
3	6
337	4139
0	4136
40	72
6	258
41	101
28	125
9	196
28	188
41	55
0	12
11	214
73	1073
2	395
0	55
0	46
35	658
46	393
0	1072
2	1896
13	3756
3	174
9	1203
1	2912
0	4060
0	891
1	3675
15	344
0	3351
0	212
2	301
47	265
31	164
4	1104
334	1180
14	13
45	538
174	652
11	70
4	182
25	49
4	214
0	49
21	1
1	0
6	0
2	40
8	44
0	1997
0	1643
0	1791
0	1500
0	1459
0	1370
0	111
0	70
0	555
0	829
0	5
0	18
0	720
0	125
0	77
0	30
0	151
0	36
0	203
0	103
0	60
0	37
25	82
1	5
20	98
10	2
0	48
0	42
6	66
0	0
0	0
0	2
147	314
1	268
0	386
9	387
7	229
0	28
5	26
0	0
827	982
8	776
90	427
0	230
0	105
0	78
0	133
3	9
0	23
0	8
0	13
16	80
2	18
2	45
2	15
28	60
0	9
0	5
0	105
0	129
3	37
2	68
1	5
463	240
1	154
280	86
12	5
0	0
144	1117
13	2368
12	1097
60	73
4	217
0	24
0	2347
0	898
10	65
672	898
2	507
0	212
0	5
0	5
613	2664
0	2635
0	145
7	718
2	70
2	513
11	238
0	3
3	25
0	98
40	648
0	50
1	47
3	159
23	367
0	193
0	200
0	308
3	61
3	551
0	540
10	874
16	1046
0	376
17	182
7	46
0	0
11	50
0	0
0	10
0	10
0	0
0	0
1	10
0	20
0	20
0	0
0	0
0	0
0	0
0	0
29	305
0	313
8	299
2	41
0	8
0	9
8	5
3	2
12	3
1	369
49	241
14	332
0	11
1	124
4	15
11	61
30	28
0	19
12	308
0	245
0	796
0	986
0	290
7	1380
65	455
5	19287
3	29294
10	1790
10	7
25	3244
22	1133
21	3559
0	24863
7	1423
2	308
0	633
16	206
3	619
0	1299
0	413
0	981
0	2
0	3
0	1023
0	3
0	33
0	1300
0	1714
0	3
0	2
0	7
0	331
1	9
0	801
2	348
0	34
6	611
0	2160
89	4191
4	291
5	1018
170	7868
13	27653
0	17946
24	579
79	494
18	461
31	111
804	0
4144	39
4	1
362	1518
0	1245
653	151
0	117
9	118
14	78
1	462
0	14
42	345
10	190
14	0
0	0
187	3951
541	17666
243	19359
9	12509
8	24454
0	24172
37	7385
0	4464
0	210
191	2909
54	6
44	3305
0	24454
13	18931
26	35
0	0
0	0
0	2
0	64
0	3
0	2
0	0
0	5
0	0
0	0
3	2
0	0
2	62
1	101
4	40
7	127
0	86
0	159
0	2
1	134
10	97
0	7
0	74
0	96
0	25
1	5
1	21
3	6
3	9
3	75
1	14
0	0
104	738
99	2705
0	2320
262	1484
10	415
1	380
4	38
10	422
3	167
1	258
1	618
0	277
2	299
4069	3006
71	623
12	276
2	33
64	2154
0	201
0	324
8	45
7	4
12	12
0	0
0	0
1	27
0	27
2874	6129
376	5798
23	2716
9	476
11	56
6	4763
38	642
134	902
39	706
2	200
2	5
1	20
38	13
4	9
1	52
0	26
0	52
8	250
1	98
2	918
17	856
18	547
24	164
1	33
0	5
2	3
0	5
0	1
0	0
3	0
0	0
2	0
0	0
2	33
0	12
1	10
6	9
7	270
6	341
1	10
0	42
0	57
1	14
0	284
0	19
20	33
5	289
14	378
2	15
0	16
0	344
0	126
0	337
2	3
1	36
0	341
4	337
2	20
1	3
2	286
10	205
2	0
2	58
7	43
14	6
0	272
0	323
0	9
0	5
0	1
0	5
0	0
0	2
0	0
0	0
0	0
0	0
0	0
0	0
0	0
0	0
0	83
0	206
0	76
2	1
0	0
0	0
0	0
0	0
1813	314
16	303
15	11
455	717
0	26
0	25
0	20
0	146
0	54
64	88
594	80
3	60
4	3
2	33
207	660
20	700
17	392
39	541
4	198
0	40
12	49
0	685
0	0
0	0
0	0
0	0
0	0
0	1
0	1
0	0
0	0
0	0
0	0
0	0
0	0
0	0
0	0
0	0
0	0
0	0
0	26
0	34
1	33
0	24
1	351
12	2355
7	1699
2	111
17	458
0	1464
3	1140
2	1002
0	318
5	135
5	2
53	147
1	122
11	1
8	61
13	14
1	1035
0	1235
0	23
0	34
0	41
0	54
0	508
0	306
12	27
0	14
0	45
2	41
1	5
2	1
3	7
0	2
0	31
2	0
0	0
3	8
7740	110333
355	2586
5827	110333
0	0
0	0
1	0
0	0
0	0
0	0
0	0
1	21
0	21
0	0
4	3
0	0
0	0
0	4
0	2
0	2
0	2
0	4
0	2
0	481
0	585
0	467
0	76
0	170
0	123
0	34
0	474
0	134
0	454
0	31
0	498
0	23
0	428
0	87
0	444
0	18
0	0
0	62
0	0
0	0
0	0
0	0
0	0
21	0
130	371
12	219
8	201
4	135
0	33
0	0
0	0
0	0
0	0
2	533
0	178
5	370
8	460
0	444
0	46
0	345
0	180
4	81
1	100
12	5
2	28
0	112
8	3
1	2
0	625
6	47
2	252
6	246
0	215
59	42
4	15
4	210
0	8
0	124
0	73
0	154
0	56
1	0
0	0
17	128
1	129
8	22
2	8
1	35
2	41
1	72
0	70
0	2
0	0
0	0
0	0
0	0
0	0
0	0
0	160
0	217
27	86
1	19
2	107
0	69
2	69
12	0
90	1
0	99
0	59
0	103
0	79
0	45
0	77
0	77
0	81
0	15
0	0
0	13
0	66
172	28
2858	549
5	49
24	406
14	19
9	96
11	2
43	2499
67	469
5	507
1	435
19	230
4	47
1	30
0	27
0	45
0	19
7	118
1	18
2	26
1	42
6919	0
0	1
0	1
0	43
0	614
5	557
0	295
1	155
0	0
0	0
12	529
3	749
13	515
1	778
0	650
7	316
0	137
43	43
15	138
0	102
5	35
0	138
0	21
21	77
14	18
13	701
0	112
239	187
0	105
6	937
0	1017
187	1055
3	54
7	110
7	72
38	707
1	362
2	29
3	81
2	46
25	108
0	527
3	1
0	0
0	0
0	3
31	77
0	0
0	19
0	3244
0	3246
0	895
0	0
0	0
0	0
0	0
0	0
0	0
0	0
0	0
0	0
0	0
0	0
0	0
0	0
0	0
0	0
0	0
0	0
0	0
0	0
0	0
44	8
9	10
0	3
0	1
0	3
0	1666
0	1584
6	233
0	573
21	3
5	386
0	573
5	459
0	1722
0	373
25	1690
0	1690
4	722
0	707
0	625
24	179
0	542
61	455
0	95
12	38
16	0
8	93
28	537
0	3
4	3
1	374
9	342
10	447
0	310
5	413
0	282
4	304
0	282
3	225
0	131
0	31
0	72
0	145
0	51
0	64
0	125
3	30
0	2
1	25
0	23
0	0
9	584
15	571
3	233
4	0
2	13
6	12
18	3
0	440
0	0
0	0
0	0
0	0
0	0
0	0
0	0
0	31
0	211
0	99
1	0
0	0
0	211
224	2663
5080	2664
16	428
0	159
0	113
9	5
0	54
0	50
0	113
0	478
0	0
3	0
1	25
1	303
1	16
0	369
19	143
0	494
4	481
0	485
2	480
2	44
7	4
6	1
3	17
0	479
117	157
30	12
42	155
25	687
0	138
1	39
0	50
0	139
1	0
0	0
10	38
3	44
204	131
0	124
14	3714
4	269
0	224
0	1405
2	1016
0	786
0	1212
29	1213
2	988
32	1014
78	910
7	724
0	279
10	0
0	2113
30	723
4	25
3	3
4	8
1	1
0	40
9	45
0	678
0	2
0	2
0	2
0	2
13	3
0	3
0	13795
0	7477
0	3234
0	4701
0	11134
0	5577
0	5449
0	3619
0	5402
0	11076
0	1333
0	5096
0	7336
1	67
3	89
0	88
9	10
7	10
3	64
4	2684
279	1393
0	1854
26	221
2	1288
19	358
8	68
0	1134
0	859
1	22
28	1036
0	335
11	272
0	8
0	1
0	101
2	83
0	58
0	0
2	75
0	405
68	466
12	88
105	17954
1	146
7	380
40	306
0	275
0	211
2	213
16	218
3	207
24	202
2	135
0	148
17	120
11	109
42	118
4	45
13	19
86	15
0	2381
7	20
0	22
2	22
0	8
0	0
0	1099
0	145
0	58
0	30
0	4
0	68
0	38
0	81
0	71
0	178
8	201
0	199
1	190
0	74
11	71
11	41
0	47
1	43
0	29
0	8
0	19
37	1
20	4798
0	1218
0	4095
198	3430
27	2957
8	2807
14	80
0	152
1	173
11	0
0	0
0	0
0	0
21	2793
3	2647
60	2793
0	51
59	2647
32	2576
2	0
0	0
0	0
0	0
0	0
0	0
0	0
0	0
0	0
1	16
0	0
1	3
3058	582
23	362
2025	768
1	460
4	308
4	13
0	0
0	0
0	0
0	0
0	2
9	565
659	614
3	288
56	479
5	83
1136	927
0	104
6	933
8	782
5	782
36	778
19	12
37	234
26	659
0	0
0	0
166	0
0	0
0	0
0	0
22	3591
6	1481
7	258
0	77
2	5
10	92
42	1445
0	194
35	854
3	167
2	106
0	40
14	25
13	2587
0	3450
0	1466
2	0
0	0
0	0
0	0
6100	0
0	139
0	147
0	105
0	91
0	49
0	13
0	24
8	22
0	55
88	108
18	104
14	104
5	12
0	0
1383	0
629	1817
25	994
51	1346
121	76
1	173
56	624
24	197
6	163
11	169
9	4
0	39
32	40
0	2
0	1
2	0
5472	3
0	162
0	25
6	100
0	53
3	128
1	163
0	251
0	199
7	111
1	326
1	83
5	475
1154	2357
7	362
11	812
0	145
44	471
162	389
8	235
13	405
26	322
2872	0
169	197
9	156
1	201
112	370
3	173
2	48
0	5
0	4
17	17
12	214
0	214
31	178
0	5
0	74
15	5
0	89
13	1089
0	17
0	150
4	637
46	181
0	0
0	0
0	0
1311	359
5	76
3	9
32	26
0	168
11	84
5	120
1	68
15	521
406	537
1	15
0	7
5	3548
10	3288
0	3289
18	3289
4	2378
0	6
2	3556
53	3390
1	3314
12	1317
34	253
52	238
20	22
16	320
7	432
19	221
0	1317
0	33
94	33
1	34
0	289
0	179
1	284
43	901
32	929
39	897
33	2
314	849
0	41
21	3
7	2
1	103
0	96
6	43
20	689
16	558
9	117
6	7
44	590
15	27
0	12
39	506
5	51
14	49
0	9
0	3108
0	630
0	616
0	63
0	421
0	848
0	51
0	832
0	695
0	270
1	1828
0	341
72	1155
28	1303
6	205
0	2
2	0
0	23
0	0
0	23
22	32
94	558
64	552
2	124
0	4
0	1
0	1
0	0
0	0
0	3
0	0
0	1
0	11
8	77
0	1430
2	55
2	1066
7	710
9	681
1	9
4	54
2	37
4	4
4	0
0	119
4	249
1	85
7	134
0	145
0	122
0	1
10	1289
26	4923
0	212
16	3919
21	2
0	1835
2	4921
25	383
7	1516
4	1697
0	1102
0	754
7	925
5	1363
15	213
0	3929
0	2631
0	3657
1	7
0	5
2	5
0	17
0	9
0	16
0	8
6	21
0	9
1	6
0	7
0	7
1	2
0	2
0	0
0	0
0	0
1	0
0	2
0	3
0	14
3	15
268	15
0	14
0	1924
8	1924
0	1741
11	153
0	65
1	496
0	81
4	66
1	77
0	22
0	1787
0	1241
0	226
86	82
0	192
6	123
33	357
7	1531
0	91
0	63
19	1640
29	164
7	320
13	283
79	335
13	36
6	37
75	1826
0	1135
0	1506
198	1328
18	72
11	418
0	434
26	30
2	471
0	296
0	33
1	1
0	0
0	0
0	0
0	0
0	0
0	0
11	236
2	13
0	24
9	2
0	16
0	18
1	20
8	25
1	9
0	42
0	22
0	12
2	12
0	41
0	227
0	0
0	227
0	31
0	217
0	836
0	6
0	32
6	57
31	158
0	205
1	22
2	58
0	836
0	836
0	125
0	8
0	35
57	892
218	1386
1	134
11	182
1	479
27	643
2	82
0	37
2	125
25	653
4	270
1279	445
303	426
1528	115
5	66
27	19
3	2
19	4911
23	4899
77	12090
3	529
9	36
6	11
115	5808
12	21
16	355
1	260
14	154
10	257
5	4
0	3757
19	449
29	156
21	143
0	12129
5	11655
0	20
0	3
0	3
0	0
2	1130
30	1054
2	402
4	86
22	300
25	645
4	39
8	408
5	2
15	24
23	2
28	43
16	24
0	9
0	1056
1	384
3	2003
0	1500
88	1281
0	311
8	46
0	90
0	39
9	8
12	3
2	1878
2	1914
0	0
0	0
0	0
0	0
0	0
0	0
0	0
0	0
0	0
0	0
0	0
0	0
0	0
0	0
0	0
0	0
0	0
4	0
0	0
0	0
0	0
0	0
0	0
6	2
2	6
1	5
1	4
33	24
0	0
7	54
12	206
244	1523
2	1473
42	1591
3	120
22	33
9	15
3	37
5	11
16	18
37	41
18	799
0	3
6	20
0	1
0	1
0	0
0	0
0	0
0	0
0	0
0	0
0	0
0	0
0	0
0	0
0	0
0	0
0	0
0	0
0	0
0	0
0	0
0	0
0	0
0	0
0	0
0	0
0	0
0	0
0	0
0	0
0	0
0	0
0	0
0	0
0	0
0	0
0	0
0	0
0	0
0	0
0	0
3	1102
201	1106
7	333
0	429
0	1011
78	344
2	27
1	258
56	278
24	23
4	0
0	0
0	0
0	0
0	0
0	0
0	0
0	6
0	6
2	3
0	0
0	0
3	1
406	279
1	46
0	40
5	9
2	20
74	149
8	107
0	0
5	35
3	0
9	280
1	352
0	90
9	48
4	35
0	13
8	74
38	19
5	58
1	76
4	69
2	60
0	2
2106	0
630	59
16	23
9	384
2	377
6	374
0	393
0	380
3	395
15	76
6	43
30	117
3	7
13	4
2	0
0	35
0	9
0	9
10	0
34	4175
0	4160
0	3853
0	4160
6	434
45	869
21	103
6	871
0	13
2	12
0	81
0	8
0	10
0	48
2	0
4	84
8	10
268	0
1	2
0	2
0	0
0	0
0	2
0	2
0	0
1	0
8	8
0	8
2	54
0	35
0	3
0	2
0	0
0	2
0	1
0	0
0	0
146	916
19	879
3	866
0	737
2	867
0	712
1	305
0	5
8	149
0	22
9	1
0	1
1	93
5	47
1	91
0	7
0	1
11	3
0	1
0	1
0	0
6	0
0	750
12	972
0	533
3	312
5	39
0	423
2	105
2	10
1	111
9	928
53	772
0	62
1	446
28	66
3	288
0	826
0	1
0	0
0	1
0	1
0	0
0	0
0	0
51	1671
0	1407
44	1816
9	1158
0	0
0	988
0	1159
3	1100
0	894
0	795
0	704
46	344
28	536
2	229
9	76
0	493
6	1419
0	1551
3	277
9	13
1	1456
0	15
0	17
0	19
9	22
0	0
0	4
0	0
0	0
0	14
0	17
0	15
0	24
2	24
0	20
4722	0
1	117
3	500
0	615
19	578
1	225
1	57
0	99
0	198
12	600
4	5
15	1249
0	1029
0	1123
158	811
2	747
26	171
8	30
19	87
0	1127
1	690
0	0
1483	180
40	100
2	100
1	95
21	80
50	80
0	0
6	18
0	0
0	0
0	0
0	0
0	0
28	21
0	4
30	20
12	17
0	31
3	465
2	1
12	135
1	4
12	2
0	80
0	116
15	121
1	9
2	461
5	0
0	4
6	418
0	165
2	0
9	42
0	498
0	474
1	1486
850	22794
81	979
4	2186
8	256
29	1133
1	1315
28	101
11	0
6	21856
20	21861
2	2
71	177
8	162
2	109
0	22
0	24
9	6
0	4
3	14
0	12
0	12
3	31
0	0
0	5
0	1
1	2
1	0
1	375
0	391
67	419
0	376
1	6
0	71
0	16
0	41
2	377
10	394
32	24
9	240
51	711
4	56
0	582
2	598
0	350
0	538
0	111
0	606
0	606
0	561
0	523
0	146
0	77
0	547
0	369
0	4
0	31
0	39
0	25
0	0
0	1
0	2
57	104
3	26
7	0
0	100
0	949
124	1627
1	1647
0	62
0	838
2	14
4	103
0	135
0	32
0	157
6	29
0	46
11	1
0	1521
29	645
20	350
0	54
11	199
0	388
6	380
2	202
18	69
0	9
4	163
0	33
0	12
0	24
1	66
3	89
5	1
0	61
0	152
0	33
0	8
0	129
0	1
18	721
0	841
0	776
59	431
21	535
0	657
0	68
16	111
0	507
6	449
3	81
36	156
1	33
11	133
0	85
0	60
2	25
19	32
0	30
24	129
10	16
2	272
0	0
0	0
0	0
0	0
0	0
0	0
0	0
0	0
0	0
3	2
0	0
0	1
0	0
0	4
0	0
0	0
0	0
0	9
0	0
0	3
0	83
0	206
0	76
2	2959
60	10025
1	2514
1	151
0	8388
2	2494
0	6082
5	1174
177	491
1	2339
11	5818
0	6302
1	5610
2	2835
0	237
0	50
0	0
0	0
0	0
0	0
0	0
0	0
0	0
1	0
1	3
0	0
0	0
0	0
288	333
0	6
5	64
0	50
0	276
15	15
60	16
50	38
0	0
0	0
0	0
0	0
0	0
0	0
0	0
0	0
0	0
2	0
0	0
0	1012
0	1151
0	3765
0	7802
0	7023
0	6988
0	6665
0	67
0	117
0	208
0	74
0	561
0	240
0	23
0	138
0	857
0	616
0	776
0	247
0	483
0	789
0	463
0	153
0	903
0	54
0	951
0	354
0	169
0	57
0	0
43	1
2472	712
2	346
27	360
0	693
13	280
6	0
51	2002
0	2626
41	2699
6	1611
5	1485
0	129
43	1178
2	39
0	40
2	4
0	244
2	290
3	32
0	0
0	6
1580	0
64	27
0	0
577	640
1	386
25	527
1	231
1	62
63	85
3	1
0	0
0	0
3	37
13	32
475	311
154	315
0	41
1	110
54	0
5	2
0	0
33	1404
107	814
1	823
25	676
0	2
47	231
21	27
2	1195
1	937
16	1151
0	0
1	29
5	51
0	85
2	0
6	0
0	0
0	1
0	0
0	0
0	1
0	1
9	13
1	13
0	0
0	0
0	140
0	146
0	150
3	151
17	145
0	138
0	146
1	144
0	144
0	137
0	130
0	134
0	112
2	73
0	68
0	8
0	8
0	3
0	3
17	18
0	5
0	6
0	5
0	0
0	1
0	1
0	0
30	272
10	616
5	602
180	1082
15	640
5	211
16	631
5	547
747	2983
13	1790
7	1626
27	1737
10	1639
21	1752
0	103
22	200
14	61
5	0
28	13
16	22
15	0
11	1
0	0
0	0
0	0
1	0
0	0
27	7
0	3
0	1
0	3
0	0
4	3084
177	8655
9	272
37	5331
16	2
9	345
57	8623
0	1368
10	690
0	1838
4	22
3	970
1	1213
12	1274
6	1083
0	103
1	850
0	554
4	589
7	641
11	430
4	332
0	424
2	90
1	1058
8	187
0	7
4	101
1	98
0	11
4	26
0	18
0	9
0	187
14	839
3	135
3	551
10	830
203	1115
17	123
7	662
3	611
5	44
4	60
6	38
35	38
0	7
2	5
3	79
5	45
12	103
19	18
59	29
980	0
7	462
36	2093
6	268
18	2174
24	1941
6	143
10	56
0	366
0	233
2	182
6	1088
12	56
16	156
444	13
3	12
11	104
0	20
1	2
0	39
19	33
0	1
45	64
0	12
0	11
0	13
0	0
0	0
0	13
1	6
0	1
0	1
0	1
2	5
0	4
12	324
28	324
1	25
0	21
0	4
0	12
0	40
1	5
0	8
0	4
1	0
0	157
4	4
11	2579
7212	3185
77	2559
44	161
1	239
0	1064
39	27
0	0
0	22
0	17
1	5
0	1
1	256
0	276
0	227
1	230
0	9
15	260
1	41
0	32
2	15
2	25
6	269
0	1
2	36
0	2
0	0
2	14
3	0
0	26
2	3
0	44
0	6
0	44
0	2
0	7
2989	1011
0	272
12	34
1	302
1	233
34	106
2	504
2	182
26	181
34	181
6	7
0	7
2	2
0	6
2	0
50	17
11	31
0	57
0	9
0	217
1	280
10	333
0	680
2	293
3	566
3	837
3	918
0	601
30	1069
6	2090
0	242
1	163
9	20
6	18
0	778
0	854
1	601
0	1132
6	2921
0	3042
5	71
0	697
0	287
4	2038
0	4044
0	3943
7	1395
1	1316
0	0
0	0
0	1872
0	1664
11	1727
0	81
0	135
0	649
0	397
0	339
119	4933
1	4931
4	6
1159	371
16	4
0	3500
0	0
0	0
0	0
0	0
0	0
0	0
0	0
0	0
0	0
87	173
150	605
1	364
32	343
15	38
4	50
58	826
19	761
1	0
17	108
6	52
428	658
0	658
7	301
1	314
10	366
0	4
0	4
0	1
0	52
0	301
6	16
0	0
0	0
4	0
0	0
0	0
0	0
4309	14675
48	14376
94	26
40	1906
56	806
44	2661
44	1111
2	11
0	9
0	9
1	11
3	2
1	2
226	709
7	628
3	19
0	340
0	2
0	0
0	2
0	0
0	0
0	2
0	2
0	0
0	0
0	0
0	33
0	234
0	231
0	175
24	732
58	20
0	732
3	729
0	103
3	734
1	732
0	658
40	750
0	154
18	148
16	44
20	224
8	197
0	158
0	259
0	84
12	4
3	82
0	92
2	92
0	97
0	4
0	0
0	97
1	93
0	0
0	0
0	0
7	88
0	6
0	0
0	0
0	0
0	0
0	0
0	0
0	0
10	2
0	0
0	157
0	246
1	278
0	34
0	0
0	319
0	45
0	0
0	0
0	0
0	0
0	0
0	0
0	0
5	1226
78	4
22	1162
6	24
2	1
6	1004
402	2765
48	875
28	2764
24	2422
11	581
0	33
0	1
6	34
1	536
1	123
2	90
3	91
12	25
67	1113
12	463
0	60
78	4
2	560
0	512
3	396
0	488
83	115
562	757
0	212
2	63
19	28
0	16
2	351
58	55
1	64
7	1542
0	1438
265	1626
0	1
1	1
0	1
0	0
0	0
0	0
3	0
0	0
0	0
0	0
4	0
0	0
0	1
0	0
0	1
8498	29
0	2265
0	418
0	0
4	26
0	0
1	3
21	7
0	0
0	2
0	1
0	1
0	1
0	2
4	291
0	1060
0	1086
0	431
0	253
2	245
0	237
2	264
0	166
0	53
4	189
1	192
0	59
1	79
0	31
0	98
0	19
0	114
0	185
0	147
0	127
0	117
0	112
0	92
0	86
0	154
0	81
0	167
0	106
0	184
0	115
0	116
0	262
0	263
0	128
0	146
0	135
0	53
0	74
0	177
0	69
0	78
0	52
4	72
4	67
0	76
22	30
1	961
0	269
0	1064
0	258
0	948
0	263
1	775
219	0
1556	4651
4	2874
14	2119
0	2903
6	298
1	133
15	662
1	845
12	196
5	0
0	0
0	0
10	14
7	0
1	0
0	0
7	1098
0	1353
5	1115
133	187
0	1180
0	1180
1	899
68	402
16	0
7	82
0	1296
0	948
0	1
0	1
0	0
0	0
1	0
6	1
0	0
0	1295
0	2522
0	1854
0	2533
0	30
0	314
0	75
0	1301
0	17
0	441
0	299
0	41
4	3436
5	3432
1	103
1	3431
7	3497
0	3471
1	3497
118	3496
0	6183
0	4082
0	15377
0	10465
0	10368
0	6304
0	10734
94	43
1	59
2	8
0	16
0	39
0	5
0	11
0	40
0	0
0	0
0	5
13	40
2	35
0	40
0	5
0	2
0	5
4	439
46	453
0	0
2	8
0	10
17	31
0	42
4	10
1	45
0	155
1	102
2	60
1	60
4	16
26	34
0	4
0	45
14	77
0	64
0	74
0	1
6	38
4	11
1	10
1661	1931
118	1765
20	864
1	73
14	17
0	18
56	104
0	27
4	569
0	554
0	877
8	496
0	90
0	509
0	181
0	252
0	154
0	102
0	102
0	75
0	66
0	0
0	1273
0	2786
0	172
0	596
0	21
18	54
1	36
3	10
4	155
0	80
0	45
1	144
6	21
1	21
0	16
332	425
1	14
46	166
0	3
18	0
0	0
5	0
1521	281
0	221
2	10
0	53
0	9
1	19
688	4
3	1
14	3
1099	2129
4	43
0	74
87	1263
0	0
0	0
0	0
0	0
0	0
0	0
0	0
0	0
0	0
0	0
0	0
0	0
0	0
404	589
19	88
0	2
0	2
0	9
7	12
0	0
34	24
0	7
2	6
0	52
0	0
0	0
2	0
0	0
0	0
0	0
2	495
1	416
0	502
1	419
0	463
0	214
0	175
1	20
3	27
12	1318
1786	0
11	859
41	1861
153	1673
1	1573
38	1497
35	200
22	1263
8	703
8	19
114	7
181	15
0	1676
0	1572
0	0
0	0
2	40
0	0
0	0
0	0
3	0
0	0
0	5
17	20
0	3
3	27
5	27
0	0
287	5155
14	2855
0	1236
9	2158
79	2105
1	212
32	43
5	146
56	128
31	1
34	39
26	94
40	727
0	8
80	714
6	2598
9	2597
21	2483
14	1960
0	2598
0	0
0	0
0	0
0	0
0	0
0	0
3716	505
0	110
26	147
2	364
0	1
0	0
4	1
0	0
0	0
2	0
0	0
241	2957
2	2957
1	503
0	1
0	87
6	224
6	485
4	79
7	18
30	17
12	48
3	0
3	24
1	40
0	17
0	3
0	0
0	34
0	0
0	0
1	1
2	5
0	0
96	4489
48	2131
12	966
0	536
18	471
0	2834
5	785
0	7
38	456
31	869
0	388
35	500
0	40
34	158
5	170
0	24
0	360
0	1
0	4
0	42
0	5
0	15
0	23
0	1
0	31
0	37
0	29
0	1
0	0
0	326
38	111
49	93
36	111
78	35
0	0
0	0
0	0
0	0
0	1371
0	75
10	981
28	1039
2	1015
3	1031
17	1029
0	105
23	132
2	38
0	49
0	18
2	1
0	0
12	21
0	63
0	1
7	1
5	26
286	275
3	15
0	275
0	3
4	7
0	276
182	1932
76	1436
0	461
4	8
5	789
6	12
721	196
9	196
0	77
5	274
12	274
1862	133
0	97
91	2
76	8
462	343
7	203
4	15
3	109
2	26
34	72
0	0
0	0
99	1853
23	333
0	318
2	1688
0	1683
0	73
8	18
11	12
9	13
1	105
2	117
7	53
2	117
6	3
51	1736
0	779
8	88
0	43
10	28
14	27
0	23
0	16
0	71
6	6831
109	7461
32	8627
15	1013
9	80
47	167
759	1897
11	71
118	107
3	99
1	25
0	2582
0	1916
0	272
0	1190
0	1778
0	1566
0	164
0	475
0	203
0	740
182	145
3	802
0	17
0	374
18	408
2	119
3	112
2	54
0	5
1	12
2	3
4	13
3	4
1	6
0	1
0	6
0	0
0	34
0	34
2	4
0	2
141	0
0	0
0	2
0	2
0	0
0	0
21	9
0	0
0	0
0	0
0	0
0	1
0	1
0	0
1	0
0	0
0	1
0	0
9	25
3	136
0	29
0	0
0	1
1	182
0	170
3	1
0	10
1	3
0	5
1	0
0	182
24	2656
1	4
15	56
0	39
0	43
0	5
0	0
0	0
0	0
0	0
0	0
0	0
4	59
0	58
1	7
0	1
0	5343
0	181
0	709
0	263
0	66
0	207
113	0
0	324
10	35
2	43
15	403
43	460
3	430
44	9
0	165
0	45
23	470
0	2
6	14
0	0
0	0
0	0
0	0
0	0
0	0
0	0
1	0
0	312
0	298
0	278
0	15
0	1
500	283
5	456
9	363
17	143
0	58
1	60
84	1
13	12670
6	9085
2	7191
6	8225
3	8647
1	8963
3	8579
58	8148
4	8494
0	8780
0	7292
1	6369
0	907
1	1340
0	872
1	590
0	1009
8	361
0	296
50	21572
1	1362
3	148
29	80
9	5659
0	642
0	15361
0	15124
0	576
0	103
2	30
1	342
24	13363
37	20800
2	576
2	806
222	6224
6	905
2	685
16	571
15	3114
5	81
220	15936
8	81
0	8975
4	238
5	657
5	7580
221	416
11	165
53	63
0	76
1	321
2	74
11	275
0	70
0	2
14	191
0	1
0	9
0	1
0	0
0	8
0	8
0	10
0	2
41	2609
37	7042
171	9159
7	6337
0	327
29	3
4	56
0	695
0	891
23	795
0	125
0	679
4	679
7	214
0	15
0	387
0	103
0	74
0	2
0	1076
3	409
0	22
0	1014
4	10
14	1389
4	4
22	558
0	694
0	1561
1	103
83	98
0	398
1	15
4	87
6	772
1	79
1	9
0	8
6	1
0	148
0	1576
0	1478
0	1418
0	0
0	0
0	0
0	0
0	0
0	0
0	0
0	0
0	0
0	0
0	0
0	0
0	0
0	0
0	0
0	0
0	111
0	79
0	89
0	115
0	93
0	77
0	66
0	45
0	59
0	0
0	15
0	13
0	202
279	202
9	88
4	66
0	48
143	60
11	53
5	0
0	0
0	0
0	0
0	0
0	0
0	0
4	55
7	24
12	50
117	1157
10	216
4	124
6	1157
0	45
0	0
4	20
3	7
0	0
0	0
0	0
0	2
21	12979
0	1622
663	16830
1	11796
159	2800
8	1290
4	8960
3	1491
1	800
301	821
97	150
0	1
0	0
0	0
0	0
0	142
0	216
0	300
0	541
1	180
0	37
1	19
5	16
2	59
0	481
0	506
7	497
3	490
0	0
118	370
53	351
3	288
0	343
55	6
30	4
0	0
0	0
0	13
0	11
0	11
0	13
3	1
0	0
0	11
464	889
7	112
5	873
5	374
24	99
3	142
0	720
0	678
0	653
0	665
0	686
0	219
0	255
0	249
0	130
0	129
0	0
0	0
0	0
2	0
283	115
4	16
19	72
435	3787
0	1458
25	3759
13	820
52	519
73	287
87	147
10	536
1	108
5	628
0	180
0	93
26	197
63	581
42	51
426	2067
87	1500
0	11
0	0
0	0
0	0
0	0
0	0
387	804
22	484
25	29
36	139
0	749
1	0
2	148
24	0
13	15
2	70
5	491
0	33
5	0
0	0
0	44
4	353
14	25
39	25
2	4
0	0
4	1200
165	1200
5	115
3	0
0	0
0	0
0	0
0	0
0	0
0	0
31	41
8	110
21	547
0	402
0	157
0	257
12	180
2	215
54	876
5	240
10	78
96	680
7	43
3	301
1	7
10	52
1293	160
0	160
19	217
1	202
0	1
9	40
0	5
5	157
0	33
86	84
0	36
1	32
2887	2419
4	58
30	547
9	1413
10	760
16	630
6	14
7	635
0	0
53	14
0	6
1	14
8	136
3	157
24	159
13	21
10	35
4	48
2	37
3	8
1	3
0	0
0	38
0	33
0	1
0	4
205	855
0	850
5	525
0	855
32	1484
66	1166
3	103
11	56
15	1490
366	412
1	259
0	148
0	108
0	202
6	8
2	96
0	12
3	25
0	24
0	11
0	11
0	12
41	1827
1	1800
46	2109
8	19
25	713
0	47
16	65
5	60
0	750
4	155
3	134
1	14
18	0
28	53
44	61
1	306
0	54
6	151
13	93
15	94
0	81
2	34
8	122
26	39
0	11
0	2074
24	23
0	37
2	74
0	3
1	0
0	0
0	0
0	0
0	0
0	0
467	16
0	16
14	12
0	0
0	0
0	71
24	71
0	4
0	1
17	58
0	98
0	63
0	1810
18	63
16	1024
15	86
34	1789
0	342
550	4927
5	3836
7	928
20	3684
4	20
0	20
162	537
0	52
19	454
29	3
77	6
9	81
16	204
0	58
9	36
0	31
0	20
0	18
10	91
0	1
0	1
0	1
0	0
0	0
0	0
219	1619
19	1604
21	1604
32	1580
7	993
12	16
6	1619
5	1154
67	1694
0	89
6	954
0	235
2	0
0	4
0	6
0	6
42	581
0	504
3	359
26	259
1	29
11	64
5	0
3	6
1	11
0	20
0	603
3	216
17	6
14	15
6	15
16	138
1	10
18	20
18	296
9	22
0	16
6	1539
53	1552
0	11
0	12
20	43
0	2
0	2
0	2
0	2
0	0
0	1
0	2
44	615
0	2409
0	4256
0	3918
0	3577
0	5256
0	5320
2	327
1	329
0	1458
0	71
34	1501
4	2588
0	5320
1	1844
8	1950
157	2704
20	2177
16	360
0	1825
59	177
0	1114
4	7
0	567
7	580
17	15
5	132
1	32
4	1867
435	203
59	92
836	3551
9	498
15	3396
0	249
9	736
36	38
104	76
15	44
0	0
0	0
330	1816
5	621
1	1217
0	54
3	686
1194	39
7	12
17	0
0	17
0	79
13	3
0	18
14	246
12	304
0	37
0	287
33	283
5	58
0	5
17	112
2	96
28	1095
50	946
3	273
6	394
14	871
10	3617
96	948
16	262
14	710
17	66
0	958
0	1033
60	257
192	3432
0	0
0	61
0	3
0	4
0	2
0	41
0	1
4	42
0	54
27	119
0	2
0	60
1	3
2	59
1	3
0	6
73	95
0	32
393	2230
1033	2230
81	540
10	590
56	637
58	587
1	10
2	77
12	138
248	482
14	440
1	44
0	5
2	322
0	62
2	69
0	418
0	28
0	38
0	27
0	32
0	32
0	4
9	13
0	22
0	26
0	20
0	4
0	7
0	0
0	0
80	3179
5	911
0	450
0	1250
0	575
0	3055
236	699
6	978
96	836
0	644
5	410
40	659
9	197
159	3088
0	0
0	0
416	308
1	155
10	119
73	268
8	142
459	2505
9	2167
7	1406
0	738
9	243
4	29
11	0
1	0
269	300
0	11
30	39
2	38
14	32
0	103
0	0
0	0
0	0
0	0
0	0
3	112
0	112
0	75
2	53
0	49
0	98
1	0
0	12
0	0
0	113
4	1796
12	1596
0	398
59	1753
2	518
0	1199
2	1030
1	1359
3	1550
1	1050
0	65
24	368
27	841
9	1578
0	907
12	1250
8	1318
0	1119
0	176
0	286
614	783
19	751
0	0
6	4
0	0
0	0
0	0
0	0
0	0
0	0
0	0
0	0
0	52
0	12
0	0
0	0
0	0
0	0
0	0
0	0
27	179
1193	1109
136	79
0	48
3	27
24	454
0	426
34	317
0	51
42	1
0	51
22040	11
0	0
0	0
0	0
0	0
2	0
0	0
7	38
0	0
0	0
0	23
0	0
1	4
0	10
0	19
0	1
0	3
0	0
0	35
0	0
0	0
0	43
0	0
0	1
0	0
4	6
0	0
0	0
0	0
0	0
0	25
0	1
0	1
0	0
28	1104
23	539
27	527
116	9
6	646
86	1902
2	1047
7	2159
0	433
0	922
0	421
0	621
0	164
18	131
3	1
127	61
16	12
13	59
0	1
9	1
2	282
42	240
9	0
0	41
4	285
0	0
0	0
0	0
1	2
0	0
0	0
0	0
0	0
0	0
0	0
0	0
0	0
55	0
0	0
0	5707
46	1593
30	5421
4	5420
0	0
0	0
2	1
0	0
0	1
0	0
5	117
4	1142
0	184
17	857
54	79
1	166
8	948
14	432
18	9
4	89
6	881
0	0
0	1
0	1
0	0
0	0
0	0
0	0
0	0
0	1
0	1
468	298
0	29
18	228
11	194
3	13
2	19
0	0
0	0
0	0
0	2
5	16
0	15
0	16
0	14
0	13
9	8
24	324
9	323
20	205
1	69
4	64
2	0
9	20
49	375
2	3
5	31
11	54
5	346
0	13
0	11
0	10
0	30
0	2
0	6
0	4
0	8
0	2
0	3
0	2
0	1
0	0
0	3
0	5
0	4
0	3
0	0
0	0
0	3
0	2
0	25
0	0
0	0
0	1
0	0
0	2
0	0
0	30
18	1
0	1
0	0
0	0
0	0
0	0
0	0
0	0
0	0
0	0
0	58
0	112
1	88
15	642
7	44
0	8
1	47
1	16
21	556
0	643
0	650
0	650
151	906
19	183
6	584
0	13
6	490
7	479
0	72
0	0
0	0
2	0
0	0
0	0
750	0
1	0
8	106
0	6
165	106
0	23
30	156
1384	404
94	248
0	31329
0	0
0	0
0	1
0	1
0	1
0	0
0	0
0	0
0	0
36	933
0	895
0	953
9	5
2	5
135	89
0	4
1	772
34	39
2	0
0	22
0	130
30	60
7	0
2	667
3	12
3	27
1	697
3	1
0	589
0	625
0	10
0	512
1	434
14	29
30	10
0	472
9	610
1	5
0	4
8	0
44	558
1	525
23	437
0	171
0	933
134	367
2	367
0	48
0	222
24	3
6	3
905	0
132	3278
1	78
173	1158
4	336
10	1413
0	577
0	761
0	2526
0	2710
0	798
1	0
3	0
0	0
1	1
0	1
0	16
2	5
7	14
0	8
2	50
0	52
0	2
0	3
13	17
0	3
0	3
0	3
0	3
0	3
0	2
2	0
0	0
1	2
5	6
5	101
2	1
2	1
0	100
114	1224
0	207
3	828
17	789
0	351
20	346
110	178
2	390
0	246
2	381
0	153
1	527
65	274
3	21
3	5
50	86
0	351
0	1
0	0
0	0
6	1063
22	1030
2	1096
0	1076
10	1018
0	887
0	855
0	214
0	110
1	154
0	129
7	66
1	30
0	2
0	0
14	29
0	2
230	1179
10	1162
2	414
3	81
6	288
0	18
2	15
0	13
22	16
0	1178
0	0
54	51
0	0
0	0
0	0
0	0
0	0
0	0
0	0
34	132
1837	1113
65	994
1	271
8	50
12	19
78	12
6	28
39	60
0	62
0	0
0	0
0	0
0	62
8	7
0	7
7	33
0	0
2	33
0	19
0	14
0	6
2049	8041
18	17
81	6940
90	7083
59	12
50	393
5	12
4	1624
13	1557
7	51
0	0
4	457
62	459
0	207
10	182
4	26
6	69
0	491
11	460
12	0
3	3736
2	3736
23	3736
0	2042
7	0
25	2109
0	2040
8	2097
16	2084
57	1754
8	1620
3153	225
2	101
4	124
11	4
0	4
269	2259
0	437
0	0
8	478
3	668
8	1879
4	1579
10	4
2	26
1	440
2	405
4	36
10	1
15	223
0	225
90	216
0	46
1	2
0	5
0	4
2	361
0	364
14	394
46	370
1	169
1	333
42	258
0	447
6	58
0	44
20	96
0	350
0	164
15	2711
0	785
258	688
0	2569
308	220
3198	30
27	119
0	107
0	107
0	0
0	0
0	107
0	0
0	40
0	0
0	0
0	0
0	0
0	0
0	0
0	0
0	0
6	0
0	0
0	40
0	0
0	19
0	0
0	0
9	302
63	325
0	223
4	132
18	1
143	813
23	812
2	448
25	225
0	144
12	49
8	50
40	732
1	588
0	12
1	619
0	116
0	65
4	136
1	125
11	226
18	230
6869	6239
1	3239
8	4539
0	750
0	250
21	2557
30	1290
39	299
0	0
0	0
0	0
0	0
0	2607
137	2605
0	535
25	2419
196	3765
0	530
39	1686
1	2076
41	2002
22	96
44	86
0	248
0	465
28	79
6	2446
0	1
0	29
10	6
0	1
0	29
0	28
0	0
0	0
0	0
0	2
0	0
0	0
0	1
0	2
31	1584
0	905
7	413
42	1239
0	0
0	0
0	0
0	0
0	0
0	1
0	0
0	0
6	1592
0	404
6	4
5	1483
9	1424
35	161
1	6
2	161
50	71
5	29
3	0
0	0
0	0
9	12
11	15
4	127
11	0
2	125
0	114
0	108
1	82
0	125
0	33
3	9
0	8
0	10
13	5
0	2
0	26
17	31
0	34
3	79
0	125
0	35
0	0
0	0
0	35
0	0
0	0
0	0
0	5
4	0
0	0
23	9
0	44
0	0
0	0
0	199
0	169
0	332
0	166
0	166
0	48
0	28
0	2
5	0
0	1
0	1
30	1
0	0
15	0
0	0
0	0
0	1
0	0
0	0
0	0
0	0
0	0
0	0
0	0
0	0
0	0
0	0
0	0
30	641
0	152
8	247
5	54
0	641
0	0
4	44
0	36
0	214
0	24
0	39
0	41
0	35
0	60
5	38
0	21
0	37
0	54
0	42
0	53
0	52
0	59
0	62
0	40
0	31
0	12
0	60
0	37
0	53
0	58
0	52
0	223
0	37
0	34
0	48
0	37
0	30
0	55
0	20
0	22
0	36
0	28
0	31
0	33
0	30
0	206
0	199
0	202
0	42
0	30
0	13
0	37
0	6
0	5
0	1
0	4
1	199
0	208
0	32
0	3
0	8
0	1
0	1
0	0
5	61
0	52
0	0
0	52
0	0
0	0
7	86
18	249
0	27
0	15
35	241
26	44
43	876
3	24
3	684
15	833
10	246
2	65
851	306
7	262
23	0
14	44
0	2456
464	596
1040	5
3	5
8	0
9	5
0	5
0	0
159	1885
1	1048
2	68
2	1588
0	71
0	955
1	242
2	634
0	260
4	1016
13	892
2	841
5	156
0	77
0	814
0	117
0	8
8	39
1	148
0	310
0	189
0	1
0	174
0	66
0	95
2	423
1223	563
1	563
0	3
0	3
1	5
0	0
13	361
0	444
160	210
2	47
9	3
11	15
6	45
464	308
0	187
10	163
257	4003
1	1102
1	617
0	168
0	2471
254	1917
8	451
24	270
0	408
20	1068
38	505
206	883
0	7
0	521
36	268
0	132
0	323
34	55
9	136
0	201
0	44
0	17
3	207
17	69
8	154
0	27
0	9
1	1
4	10
0	69
2	0
10	340
1	0
0	28
0	38
0	27
0	32
0	32
0	0
0	11
0	19
0	19
0	19
0	4
0	5
0	0
11	76
0	64
0	13
0	0
1	0
5	456
22	31
4	441
0	834
0	21
0	151
62	623
57	20
16	25
13	0
63	654
0	92
0	10
0	162
0	261
0	395
0	53
0	337
0	40
5	0
5	20
0	367
7	166
2	475
0	480
19	874
0	0
12	73
0	159
1	27
0	17
0	174
7	1
11	802
74	113
2	221
65	622
20	2
0	19
5	1
0	5
0	189
0	16
9	40
0	0
0	10
0	10
0	0
0	0
0	0
0	10
0	0
0	0
0	1
0	0
0	0
0	0
2	25
0	26
0	14
0	0
0	0
0	0
1	0
0	0
2	0
0	0
0	0
23	28
0	0
0	1
0	50
0	137
4	54
0	110
6	577
16	572
4	342
0	22
14	579
0	51
4	3
0	60
0	10
3	9
0	625
1	85
1	108
3	76
1	168
1	68
1	492
0	1803
3	0
5	128
5	101
5	50
3	26
0	19
3	192
0	1834
0	1775
1163	7
11	53
9	19
0	0
0	0
0	0
0	0
0	0
0	0
0	0
0	0
0	0
0	0
0	0
0	0
0	282
0	61
38	444
0	50
16	282
20	286
31	19
0	142
15	0
9	116
0	419
0	122
0	124
0	25
0	294
0	27
0	25
0	0
0	6
0	6
0	0
0	0
0	0
0	0
0	6
324	3696
31	579
10	234
4	191
9	2262
496	207
65	2926
0	208
13	0
13	196
6	10
3	1247
0	1030
16	34
24	449
22	29
60	482
7	84
0	89
0	0
0	0
0	0
0	0
1	0
0	0
91	1123
21	489
5	15
0	11
2	20
1	0
1	19
45	21
2	4
0	0
0	0
0	0
765	955
0	752
74	1012
0	0
0	0
0	30
0	18
0	2
0	4
4	27
0	12
0	4
0	0
0	2
0	10
2	10
0	35
0	36
0	1
0	7
0	9
0	12
0	35
0	1
0	0
0	0
0	0
10	10
0	0
0	0
0	0
6	0
0	0
0	0
1414	945
4	19
23	606
85	612
44	617
5	587
0	259
3	66
12	250
1	105
0	29
34	253
0	71
28	214
2544	0
1717	3275
78	3275
0	1
0	0
4	3
0	17
0	0
0	0
0	0
0	0
0	1
1	4
0	0
2	62
0	0
0	0
0	3
0	9
1	0
0	0
0	0
0	0
5	7
1	10
0	0
0	0
0	0
0	0
0	0
0	0
0	0
0	0
2	33
0	0
0	0
46	240
6	216
2	122
0	117
0	1818
0	2544
0	0
7	42
0	0
0	18
1	18
0	16
5	16
0	0
0	0
0	1
0	1
0	0
71	192
2	4479
0	2418
0	317
0	56
37	58
9	165
43	18
0	99
0	4263
2	4235
0	4525
0	4121
0	3925
5	4320
1	80
0	2255
5	1245
41	1691
114	1701
2	3514
9	201
7	60
22	10
119	98
5	0
15	3513
5	252
32	167
0	756
0	584
0	165
2	581
1	187
8	198
19	481
0	155
0	212
0	814
0	833
0	160
0	371
6	752
0	661
0	276
0	113
0	48
0	497
0	81
2	111
4	105
0	86
40	0
1	0
0	0
0	0
0	19
0	19
0	19
0	19
0	0
1	1
4	0
0	43
0	0
0	0
0	0
0	0
0	0
0	0
1	65
0	2
2	37
0	2
4	43
0	19
0	113
0	89
0	49
0	39
0	47
0	57
0	18
0	38
6	10
1	3
2	1
1	98
0	0
0	0
0	0
0	0
0	0
0	0
0	0
538	23
0	1516
1	204
0	13220
63	2639
0	2085
60	2746
97	305
62	1398
8	4214
9	3312
19	10916
0	11741
1	11424
194	7275
0	7285
14	249
14	160
4	599
0	6915
20	37
3	14
4	23
0	23
304	992
119	537
13	355
11	20
2	227
13	145
63	79
0	111
52	147
307	147
0	0
0	0
16	219
24	150
95	342
8	53
19	145
20	200
0	280
0	200
0	248
81	280
46	51
0	0
0	38
0	0
0	0
0	0
0	0
0	0
0	0
0	0
0	0
0	0
0	0
0	0
0	3
0	1459
1	1297
3	150
28	0
2	1361
8	42
0	14
13	14
3	87
4	65
14	85
46	115
0	35
10	55
3	0
4	0
0	98
40	4
2	49
3	91
3	44
1	735
2	45
4	0
0	89
0	53
0	2
4	1394
26	45
0	0
6	258
18	258
4450	299
0	0
18	396
46	396
19	385
0	0
0	0
12	0
0	0
0	0
0	0
0	0
0	0
0	5
0	0
0	0
1225	2809
4	1556
2	460
1	2053
14	805
24	1981
9	764
0	1113
28	490
174	434
2	41
1	41
0	0
1	28
0	25
3	1
0	28
4	25
6	9
0	172
5	5242
13	361
17	4324
0	2836
0	2797
1	4094
0	2675
1	2741
66	11
2	4357
43	232
66	113
0	699
44	441
19	96
19	249
6	4815
7	634
36	2054
110	2090
38	80
9	261
0	160
57	107
12	95
0	17
42	10
0	0
0	0
0	0
0	0
0	0
0	0
0	0
0	0
0	0
0	0
73	468
5	324
2	285
1	107
20	85
7	15
0	0
0	0
0	0
0	0
0	0
7	0
0	0
0	27
5	107
156	146
7	65
0	0
0	0
19	13
9	45
0	193
0	202
0	133
0	161
0	22
0	34
0	53
0	185
0	4022
0	5622
0	6083
0	1947
0	2424
0	1730
0	2023
0	323
0	480
0	2391
0	0
0	0
9	17
0	0
1	11
0	16
0	0
0	0
0	0
0	17
103	0
223	8378
49	127
3	4194
49	5669
90	7304
0	275
91	3285
0	331
0	1263
70	336
67	317
3	261
56	119
29	2
63	16
14	12
7	201
2	3854
0	3854
4	3410
73	3389
0	3490
2	1941
0	7455
0	7455
48	7468
17	5280
0	4540
6	6001
9	6600
35	3953
7	3313
5	2961
0	3389
30	28
7	348
7	159
2	757
2	170
2	462
0	266
0	425
57	160
7	520
7	342
5	93
18	8
1	55
88	69
44	8
104	461
20	461
66	68
0	16
1088	868
3	73
32	17
8	34
0	806
180	455
0	529
19	454
101	717
0	190
0	144
0	598
6	3
0	424
0	192
1	82
2	18
0	13
14	91
0	0
0	0
0	1
0	0
0	0
0	6184
0	5479
0	5738
0	4390
0	3974
0	631
10	168
2	520
0	2133
0	5141
0	1854
347	45
3	45
1693	5466
242	5308
13	490
57	2
1	347
41	1015
8	425
16	354
8	221
0	31
36	363
37	329
27	54
7	19
13	8
19	110
0	0
0	0
0	0
0	0
0	0
0	0
0	0
0	0
0	0
0	0
0	0
0	0
0	0
0	0
0	0
0	0
0	0
0	0
0	0
0	0
0	0
0	0
0	0
0	191
57	253
1	203
1	316
0	109
1	110
4	7
4	2
0	8
11	127
7	103
0	11
1	11
0	10
0	11
0	9
12	11
0	3
0	0
4	0
0	0
1	1
4	0
89	1420
2	151
2	95
1	209
1	1121
2	63
3	265
3	1243
41	243
0	164
1	45
1	256
2	247
5	1332
1	0
0	34
0	92
0	189
0	272
0	282
0	25
0	62
0	128
0	76
0	23
278	344
11	2
0	344
7	1127
49	1385
6	188
88	174
6	832
47	442
21	831
28	98
1	908
0	1179
22	1197
31	113
187	366
14	276
0	2
2	1272
11	181
2	81
0	19
1738	1320
0	25
0	413
0	475
0	2253
0	467
0	450
0	17
0	707
0	437
0	303
0	0
0	0
4081	2
0	0
0	0
0	0
292	334
0	36
0	28
0	18
0	2
0	11
4	260
7	245
5	297
0	262
0	297
4	0
40	90
1	6
10	10
6	2
1	9
1	23
0	0
0	0
514	1337
3	61
0	58
48	1067
25	770
1	207
15	0
0	452
0	10
5	146
18	226
14	2
8	41
6	451
0	5
0	75
0	308
0	58
73	1156
4	1103
3	406
10	191
0	306
0	109
131	338
63	412
0	0
0	0
0	0
0	0
0	0
0	0
0	0
493	939
40	241
232	448
55	1019
0	872
9	884
0	870
0	792
1	964
0	813
0	223
12	99
0	287
0	351
0	356
3	312
2	328
25	165
0	135
0	183
4	186
0	135
1	82
20	74
0	60
7	36
0	22
0	0
0	0
0	0
9	9
0	8
3	38
0	9
2	8
0	9
4	5
0	6
0	5
69	42
4	1
0	3
1	0
2	1
0	3
0	33
11	1
1	1
0	2
38	880
103	1
0	58
6	17
1	24
4	110
7	37
0	890
0	55
388	537
54	969
27	583
13	1387
2	925
12	798
0	881
17	1410
1	526
81	581
52	161
85	105
78	52
36	348
14	344
348	18
0	16
0	3001
0	176
0	130
35	2842
0	2521
1	1490
0	88
1	109
5	2679
22	42
7	201
10	238
37	48
4	243
0	358
0	3119
0	2612
3	207
4	763
0	2056
0	192
13	1736
10	151
6	323
8	322
3	1700
11	19
0	315
0	1564
0	1190
9	296
11	2
0	206
1	273
1	303
0	35
2	11
4	252
0	289
0	12
3	267
2	9
0	174
0	182
1658	694
15	659
0	0
0	106
0	64
0	256
12	389
26	332
0	64
6	28
13	53
0	144
0	0
0	0
0	0
7	490
368	1779
198	1348
0	0
7	70
617	2576
11	1477
1	58
0	213
0	164
0	146
4	630
5	746
14	141
359	760
9	310
0	169
0	9
0	7
0	6
0	6
14	178
2	151
0	148
1	136
1	11
2	154
14	156
3	24
2	20
15	14
0	0
0	0
169	153
1	1175
4	6
9	1
5	215
17	283
0	301
1	243
0	220
8	3666
5	1947
1	4543
1	1189
541	4597
0	1014
1	4271
1	3901
9	811
15	4486
0	4808
8	1703
1	442
176	698
225	443
0	92
0	80
201	211
53	925
44	80
50	623
0	526
91	120
95	168
24	11
143	10
160	20
143	38
0	85
1	654
7	0
1142	1314
13	433
3	921
3	437
2	1095
1	1
0	19
3	33
0	11
0	17
1	11
0	15
0	3
0	4
2	2
0	1
0	1
0	0
0	0
0	0
0	0
0	0
0	0
0	0
0	0
203	325
6	269
102	11
0	249
1	21
0	1865
5	2260
7	2308
0	2364
2	2145
3	1840
22	97
3	3
1	2222
0	2005
24	159
0	52
11	146
0	85
3	0
4	25
18	5
0	423
0	256
0	120
0	127
1	0
0	65
0	6
0	83
0	128
0	65
0	12
0	25
0	21
0	19
0	31
0	362
0	398
7	667
0	656
20	540
0	135
15	212
1	46
9	197
10	167
0	258
0	173
4	229
4	144
0	258
2	64
0	98
0	30
7	0
9	482
0	48
0	40
5	40
0	48
0	48
0	249
5	476
1	304
0	517
29	324
1	129
0	310
0	279
1	95
0	33
3	195
2	63
112	79
1	199
0	173
2	71
3	16
2	49
5	68
0	57
48	14
60	8
138	0
98	305
0	8
5	1
4	280
1	61
7	82
170	83
8	0
0	1811
14	1686
84	1363
0	602
6	621
0	669
0	637
23	98
0	381
74	547
55	366
85	134
4	278
15	3
0	1589
0	1675
0	153
1	95
3	95
17	0
10	34
0	14
18	37
19	26
4	176
0	1
0	50
0	88
0	37
0	1
6	5
0	6
0	12
0	0
0	0
0	0
1	0
0	0
0	0
3	23
0	174
0	315
0	162
0	342
1	27
5	17
13	8
0	19
16	32
7	19
202	1128
63	1126
930	12373
5	11271
0	11055
7	11325
35	272
10	118
6	284
1516	3
23	411
6	404
4	224
11	14
7	33
1	6
3	23
2	0
5	2
1	0
1	36
5	17
4	10
0	31
4	12
23	1141
437	1043
13	280
0	269
2	79
3	95
1	59
1	64
129	50
0	29
0	2
129	11
8	762
0	628
0	609
15	411
2	9
1	154
0	28
16	17
5	22
39	0
0	371
0	381
0	367
0	373
0	364
0	416
31	40
6	0
0	33
4	322
3	322
7	326
11	326
0	293
0	169
7	176
1	155
1	149
1	5
13	75
0	1
0	3
3	2
47	104
3	35
0	72
25	10
20	42
1	1
0	1
0	58
15	37
0	62
335	5236
30	270
0	2987
55	4930
2	3301
0	465
1	43
65	575
33	370
6	190
15	23
33	6
10	1
6	24
3	18
2	19
6	0
2	13
0	27
0	369
0	313
0	238
0	71
0	34
0	128
6	293
0	98
0	106
77	138
0	19
0	86
11	31
0	28
37	10
0	9
4	156
4	746
16	17
20	538
39	603
8	242
6	354
13	424
5	434
9	107
2	397
0	275
0	324
0	16
7	74
0	0
1	82
0	57
0	70
0	0
0	13
72	56
1	0
0	0
0	0
0	0
7	8
0	0
0	0
0	0
0	0
57	751
95	931
0	931
8	26
0	0
0	0
0	0
0	0
0	40
0	40
0	0
0	0
0	2
0	2
0	2
0	0
0	0
0	0
0	0
0	0
0	0
0	0
0	0
0	0
0	0
0	361
30	1039
1	305
7	664
0	40
21	1057
13	1031
11	319
90	161
0	50
0	33
0	36
0	5
2	36
0	2
0	2
2	2
0	0
0	0
1	4
24	20
6	18
4	0
5	3
1	0
15	3
0	25
10	0
0	0
0	0
0	0
0	0
0	25
24	1769
14	1133
12	966
0	1040
4	1115
11	418
5	735
5	455
7	1509
281	3077
57	662
104	684
3	63
0	78
6	13
16	0
19	14
33	39
1	116
12	78
4	495
2	12
0	529
0	508
0	0
0	0
0	0
0	0
0	0
0	0
0	0
0	26
0	0
0	4
0	26
0	11
0	6
0	1
0	26
229	5765
99	2028
1	3886
0	3917
0	2537
28	3160
1370	1273
17	654
0	288
23	427
0	934
6	0
0	2
37	510
22	300
0	103
22	28
1	28
0	0
0	0
0	0
0	0
0	0
0	0
0	0
0	0
0	5
0	0
29	0
0	273
5	1514
21	1558
0	1634
0	139
5	59
0	244
11	27
0	194
62	70
54	940
8	888
8	131
31	24
0	1425
0	1592
126	390
10	0
308	390
25	414
15	2
3	292
19	22
6	1
11	94
0	12
2	58
0	97
2	714
0	728
26	654
0	700
0	818
9	127
14	135
6	188
6	0
0	17
0	14
3	2
0	1
0	39
0	0
0	2
0	1
0	13
1	226
94	587
3	9
13	496
0	111
5	547
1	15
0	38
1	577
20	329
23	376
3	37
0	20
0	324
129	2935
9	2535
2	72
0	184
0	109
0	124
0	71
6	133
0	102
11	414
10	200
19	113
3	118
10	27
14	24
36	0
67	2
1	97
18	17
11	2
7	142
23	5
4	9
58	999
0	1098
24	1040
0	503
8	527
1	155
78	368
1	103
1	870
0	0
90	30
0	0
17	39
0	0
0	0
13	100
2	105
30	99
10	93
0	35
1	5
0	10
1	4
13	437
161	1345
22	594
30	1121
41	826
0	737
15	601
6	69
2	70
115	319
3	53
0	82
0	0
65	2003
1	309
35	734
34	900
42	1065
8	691
94	3
2	12
1930	4047
0	3832
3	327
2	23
0	23
0	2
0	954
4	754
4	212
0	56
0	239
2	953
2	3
5	2
1	812
105	697
7	270
59	140
8	227
23	328
10	92
30	11
0	0
29	32
0	0
0	0
0	0
0	0
0	0
3040	5
0	8
0	0
1159	488
4	396
3	424
4	82
14	20
0	6
0	6
0	3
0	5
0	5
0	5
0	5
0	5
0	5
0	5
0	5
0	5
0	3
0	2
0	0
0	0
0	0
0	0
0	0
0	0
0	0
0	0
0	0
0	0
0	0
0	0
0	5
0	5
7	23
0	0
0	0
0	0
0	0
0	0
0	0
0	0
0	0
0	0
0	2733
0	2321
0	199
0	56
0	19
1	17
4	9
2	8
0	44
0	408
2	426
2	306
0	370
1	365
0	329
24	43
42	223
0	295
0	16
0	23
0	28
8	59
16	4
4	11
5	336
91	679
2	594
0	568
0	320
0	1
0	0
1	0
0	1
85	5466
0	95
4	793
0	4326
0	4179
13	364
16	184
1	129
5	326
20	1083
3	38
54	558
0	0
0	0
177	55
11	24
2	32
6	5
4	23
7	0
0	0
0	0
0	0
0	0
0	0
0	0
0	0
0	0
0	0
0	0
0	0
0	0
0	0
0	0
0	0
0	0
0	0
0	0
0	0
0	0
0	0
0	0
15	0
0	0
0	0
0	8
0	13
3	2974
97	82
0	415
0	127
19	26
3	69
0	2612
1	2730
6	2483
1817	3928
0	3842
0	776
87	4017
2	2914
43	254
4	1123
5	866
0	459
13	107
1	127
3	295
29	82
1	493
7	504
11	166
0	170
38	148
7	309
3	114
0	156
0	1116
1	37
0	0
0	1116
0	0
0	0
0	0
0	0
5	4
0	0
0	0
0	0
0	0
0	0
0	7
39	12
0	5
5	11
7	5
2	5
0	0
0	0
0	4
0	0
0	0
225	286
62	428
35	166
7	23
1	179
3	90
2	28
7	16
0	113
14	125
50	151
0	145
0	61
0	61
0	0
0	0
23	156
6	543
232	662
1	185
70	4
13	152
0	0
0	0
0	0
0	0
19	17
0	0
0	0
0	0
0	0
0	0
0	0
1	12
0	13
1	7
1	0
0	1595
0	651
0	493
0	1594
0	1302
10	3494
0	12
2	258
0	199
74	57
0	235
0	155
2	162
1	152
6	0
0	11
0	184
0	4
3	13
2	66
0	774
138	774
36	399
24	308
0	281
9	386
3	626
10	1142
9	1144
2	176
0	0
3	27
0	13
1	0
0	9
0	11
15	154
0	3698
1	200
0	714
49	160
9	110
0	3687
0	113
0	2460
0	3654
0	2248
0	2787
0	2838
0	1030
0	259
0	249
0	555
0	619
0	681
0	2838
27	332
96	647
38	629
86	628
23	204
0	223
4	673
5	0
27	0
604	182
30	124
7	172
18	99
103	115
3	88
1	34
3	5
0	0
0	0
0	0
0	0
0	0
0	0
0	0
113	876
0	1221
0	1741
0	1892
2	208
1	100
29	78
0	1713
39	1792
5	1669
0	33
0	39
2	6
0	2
0	1
4	1
13	0
0	0
0	0
0	0
2	236
0	289
0	236
8	91
0	127
0	131
0	98
0	333
3	2
0	0
1	0
0	0
0	0
210	6
64	1235
1728	1235
37	491
2864	5831
24	5718
37	2
0	2
1822	174
15	124
18	243
1	320
9	101
0	19
0	17
6	1
5	45
0	626
0	947
0	803
1	244
2	116
0	414
25	718
9	543
0	787
5	607
0	7
6	44
4	129
276	1438
3	1292
2	1076
0	56
0	46
1	101
0	90
0	42
0	76
0	71
0	10
0	5
1	2
6	7
1	2
0	3
1	2
2	10
1	0
0	1
0	127
0	106
1	0
2738	807
0	807
0	150
206	2581
4	621
0	7
0	2468
0	1922
11	17
5	155
30	988
7	0
5	157
25	183
0	87
13	6
0	24
0	2329
0	2236
7	94
0	29
0	17
6	6
0	10
11	100
0	0
0	0
0	0
282	1512
34	1539
0	156
2	228
51	64
647	414
4	9
73	384
146	172
0	42233
4	1
5	4
1	2460
130	43517
809	42616
65	1199
10	41103
7	537
0	21873
23	454
73	18
11	51
174	1315
8	78
0	22925
159	38659
0	4136
1	18949
24	2780
209	37843
0	35935
0	38883
95	39289
5	46
0	2
0	3
0	3
0	2
0	1
0	0
1	0
0	0
184	356
3	351
3	11
6	0
5	134
9	91
0	1
0	1
0	0
0	0
76	482
176	284
62	248
85	75
277	281
0	11
0	11
0	210
33	281
0	202
0	252
27	266
1	248
1	217
0	203
0	109
8	79
0	34
14	17
0	11
126	153
0	0
23	3
2	3
5	2
43	8
24	0
1365	1728
15	666
0	296
27	1263
81	367
1	976
142	854
53	26
20	226
9	401
0	299
12	14
9	82
23	86
7	782
93	65
1	37
1	24
0	25
14	6
12	5
14	2
0	0
4	554
0	0
0	2
0	758
0	765
31	765
1	1
42	14
0	19
2	17
13	0
1	14
6	938
68	7522
29	248
0	527
6	1032
3	8026
17	1056
0	7237
3	7534
0	627
0	11
18	1725
2	262
26	21
34	3287
0	777
20	2004
36	1020
12	389
14	167
6	7600
0	0
3	15
0	15
282	20621
0	4226
780	911
14	10344
0	9698
2	15535
0	207
0	13468
4	2758
1	7473
1	1154
10	20659
1	13727
6	1410
0	3998
0	0
0	0
0	0
0	0
0	0
0	0
0	0
0	2
0	0
0	0
0	153
1	134
0	120
3	104
4	79
0	27
0	27
0	29
1	29
4	3
0	32
0	29
1	0
0	20
0	0
0	120
0	137
0	137
0	110
0	0
0	1
0	1
0	1
0	1
0	0
0	0
0	0
0	1
0	0
0	0
1156	315
18	205
6	65
1	582
2	81
0	13
0	0
0	4
0	2
0	13
91	4669
27	2996
3	572
12	52
0	1716
13	18
1	4128
3	3785
2	956
18	3321
9	87
0	2584
4	5
0	0
0	0
0	0
12	902
0	922
10	722
255	681
93	903
18	583
13	1157
30	1147
1	186
2	119
6	37
36	55
0	15
9	18
0	51
6	18
0	6
8	0
0	0
8	1401
0	315
0	49
0	61
0	315
1	1
18	3
0	0
0	0
0	0
0	0
0	1
0	6
0	1
0	6
11	75
1	68
0	13
25	303
1	271
0	280
1	1
0	43
1	0
5	3
0	5
1	4
1	0
0	140
5	148
45	208
15	208
1	110
0	61
18	61
4	63
0	49
0	50
0	14
0	8
11	6
0	5
0	8
2	15
0	10
5	64
0	16
0	19
66	11
4	7
0	16
17	4163
0	4503
2	2845
28	289
8	3959
50	3422
0	4563
16	3568
1	502
19	3412
1	499
5	2952
6	512
4	862
30	39
1	1
0	57
41	700
0	69
23	439
0	199
0	501
0	12
1	231
0	223
35	0
4	216
0	120
4	0
9	495
1266	175
40	168
33	1942
18	2893
0	0
0	4
0	6
0	3
0	3
0	2
0	0
0	15
0	5
0	7
0	4
0	4306
0	3883
0	363
0	181
0	8
208	0
0	5
505	67
13	67
0	0
0	0
0	0
0	0
0	0
0	0
0	0
0	0
0	0
0	0
6	1930
0	435
10	1734
0	1616
10	17
2	67
7	67
3	9
2	36
1	1523
13	30
0	13
1	57
3	23
0	9
3	14
0	39
4	3
0	43
19	45
4	6
1	3
18	80
2	648
1	52
0	0
0	0
0	0
0	4
0	0
0	4
0	18
181	18
0	0
0	0
0	0
0	0
1448	166
0	0
0	0
43	116
0	1
10	186
9	106
4	37
0	80
4	21
2	40
0	4191
17	2117
2	2279
13	2051
2	2199
20	2147
7	236
0	1513
0	921
7	30
0	413
0	543
0	2
1	169
0	195
0	50
0	211
2	216
22	302
0	184
0	82
3	187
0	87
0	749
12	174
8	201
0	247
6	265
2	108
5	99
5	86
0	69
3	116
1	142
0	105
0	98
15	26
1	68
0	95
1	14
2	40
4	32
0	20
4	81
1	14
4	30
0	21
0	59
5	31
1	0
0	30
0	21
0	17
0	12
1	7
0	10
0	15
2	6
7	0
344	306
0	286
0	0
0	3621
3	4279
15	2575
23	236
0	189
0	126
0	68
0	16
0	65
0	8
0	7
0	7
0	7
0	7
1	3
0	4
0	0
0	0
0	0
0	3
0	1
0	2
0	0
6	2
0	1
0	1
0	1
3	650
7	21
330	859
1	747
91	90
7	459
12	666
5	639
7	67
41	415
12	1863
860	2025
1	1622
0	1623
4	22
4	850
1	1212
4	997
71	266
105	21
43	1
24	1
50	181
3	4
44	724
68	159
0	262
6	109
10	439
4	8
5	505
0	0
0	0
0	0
0	0
5	1208
19	1103
113	1205
3	686
17	8
1	81
166	63
0	103
0	48
1	64
0	104
5	37
6	0
19	43
0	0
0	0
0	0
0	0
0	0
0	0
0	0
0	0
0	0
0	6
1	11
0	11
0	12
0	11
0	9
0	9
0	0
0	10
0	2
0	1
0	2
0	1
17	11
1	274
22	391
14	30
0	420
0	298
0	86
19	28
3	28
0	1206
0	298
13	1100
4	460
1	856
0	1064
5	897
1	613
5	1017
0	112
0	69
0	39
0	47
0	53
1	55
0	112
5	102
0	0
1	0
0	0
0	7
0	7
0	0
0	0
0	0
0	0
0	0
35	411
6	425
3	352
1	40
0	38
0	169
3	9
0	7
2	75
0	60
0	61
7	47
0	31
5	16
23	7
0	5
1	6
16	1206
38	224
18	546
6	97
2	1073
0	150
6	202
1	52
0	771
0	1238
101	472
12	350
2	399
31	20
20	170
182	39
0	126
10	63
33	121
7	43
29	5
7167	9340
305	9340
0	941
0	912
0	782
0	758
0	7
6	24
10	529
0	5
0	9
0	24
0	24
0	96
0	19
0	152
0	73
0	116
0	69
0	39
0	75
1	67
0	53
0	65
12	38
0	38
0	11
0	28
0	65
0	39
0	0
4	27
2	314
2	1299
0	185
22	1192
2	393
2	120
31	1135
53	155
2	99
3	106
1	130
24	108
2	0
0	0
2	28
0	20
0	16
28	6
344	324
0	130
0	59
0	59
2	11
0	26
0	1
0	3
0	7
1	29
0	16
0	25
1	34
1	10
22	31
0	0
0	0
0	0
0	0
0	0
0	0
0	0
0	0
0	0
1	1
0	98
0	99
0	9
0	22
0	23
0	10
1	2
0	12
1	23
0	38
0	13
34	85
0	24
0	2
3	18
0	22
0	60
6	92
1	0
4	3
2	0
0	98
0	24
0	24
0	22
0	24
0	24
0	24
0	24
0	27
0	27
0	22
0	24
0	0
0	2
0	24
0	3
0	3
21	43
0	1
0	0
1	4
0	4
0	4
0	4
0	0
0	0
163	0
0	0
1	0
0	0
0	0
0	0
0	0
0	95220
0	0
0	0
0	0
0	0
0	0
0	95220
8	707
2	2486
3	2537
27	3030
5	2517
12	2231
4	801
0	64
8	404
7	591
0	575
1	577
13	583
27	564
30	532
2	136
0	39
3	189
73	2
28	7
636	2436
4	266
0	333
1	1510
0	1101
3	644
0	93
132	127
1	6
1	0
0	0
397	4343
27	3982
49	1219
10	1205
17	347
10	41
29	331
48	415
0	132
1	147
0	0
0	1
0	0
0	0
0	0
0	10
3	129
0	126
3	120
2	115
0	126
6	9
2	14
0	58
0	4
210	0
0	136
0	147
0	44
0	105
2	0
10	3071
0	5
0	1
0	1
0	1
0	1
0	1
0	0
0	0
0	0
2	6
0	1
4	1
0	0
0	0
0	0
0	0
0	0
0	5
179	397
0	288
1	236
0	167
0	82
1	7
0	139
0	0
0	0
0	11
0	4
0	0
0	0
0	0
0	0
0	0
0	0
1	174
4	38
0	0
0	0
0	703
0	602
0	880
445	6106
8	5873
3	4308
5	0
24	196
23	4240
83	5001
0	6041
0	4771
5	756
3	4518
6	406
1	0
54	14
57	243
48	930
149	1525
23	699
236	35
1	9
0	32
16	45
7	1
0	26
0	0
9	1320
0	0
0	0
0	0
0	2273
11	52
0	164
6	631
0	2179
0	512
104	1842
57	86
0	2270
0	157
3	21
0	30
0	0
3	26
0	10
0	3
1339	5357
23	4870
2	611
6	269
1	45
4	383
18	454
0	430
0	14
5	1
2	417
0	357
0	0
1031	3217
371	3336
2	9
45	447
57	293
2	280
24	104
15	4
0	10
25	41
0	0
0	0
0	0
0	0
17	160
0	0
0	0
0	82
0	0
0	0
0	7
0	7
0	7
0	0
0	0
161	1582
0	313
8	1
0	129
0	145
0	1439
3	154
0	122
0	164
53	33
0	120
10	185
321	263
0	45
19	95
10	29
2	151
0	295
19	371
0	3291
3	2858
9	261
19	3018
0	25
8	201
0	107
2	0
0	11
16	36
0	0
0	0
7	587
0	166
1	99
10	402
0	229
0	242
0	58
5	70
0	36
15	0
7	147
0	0
0	143
2	93
2	225
0	168
16	0
35	166
10	0
0	0
22	219
227	379
62	159
22	219
50	18
4	1
359	542
0	508
2	109
7	47
1	16
3	2
0	0
773	1765
86	1403
161	1759
1	11
0	7
2	1
15	15
0	4
14	367
0	316
0	18
1	316
22	20
0	6
0	32
1	16
2	3
0	5
1	1
0	55
0	65
942	56
0	2
0	0
0	1
0	0
0	1
0	8
20	67
0	17
0	6
0	19
0	19
0	0
0	0
0	0
0	0
0	0
0	0
0	0
0	0
2	54
0	6
0	2
0	0
8	1587
3	1277
0	1333
14	695
40	37
3	47
21	1
0	0
0	0
0	0
0	0
0	0
4	1
0	0
0	0
0	7
0	0
1	0
0	138
0	138
0	138
0	138
3	76
0	52
15	90
4	106
0	50
0	43
5	12
0	17
0	1
18	66
0	13
0	12
3	22
0	14
0	20
0	10
0	11
0	0
0	10
28	1
26	179
0	169
7	2
1	5
0	12
0	9
0	12
0	9
0	34
0	10
1	17
1	2
0	0
0	6
0	40
2	11
0	0
1	15
0	17
0	11
0	68
0	3
20	3
829	237
0	15
0	13
2	219
0	0
0	0
0	27
0	28
0	24
8	18
2	0
1	0
0	0
0	0
0	0
0	0
0	0
0	0
0	0
0	0
17	26
0	0
0	16
0	0
0	0
0	0
977	0
0	23
12	102
0	0
0	0
0	0
7	21
0	23
0	0
0	0
0	0
0	0
0	0
0	0
0	23
0	23
0	0
3	48
126	103
2	28
4	27
15	112
0	0
0	0
0	0
0	0
0	0
0	723
101	83
35	666
36	68
44	11
18	117
2	54
0	525
1	36
1	476
0	1218
12	538
0	1027
1	317
5	1174
19	355
3	121
0	494
0	0
0	30
0	30
0	0
5	1371
9	61
7	173
0	1240
4	59
0	13
4	31
0	77
0	308
23	855
0	1368
0	0
0	22
0	0
0	0
0	22
13	0
200	389
32	3859
2206	4872
4	346
2	3165
12	1986
22	1888
18	1884
0	1552
1	1026
1	1133
0	967
3	1085
6	541
0	809
0	687
2	301
2	449
7	19
0	138
0	35
21	21
0	163
9	205
4	65
2	34
0	183
5	231
0	126
1	135
0	73
1	14
1	12
0	1
0	9
0	2
0	0
0	2
13	1393
10	35
84	1092
24	42
8	1133
8	40
1	336
20	497
0	59
10	156
7	1354
0	66
17	148
18	1141
0	1267
0	0
91	1309
3	363
0	92
3	229
0	180
0	101
9	44
9	91
0	17
1	32
0	12
3	114
7	83
0	7
3	910
0	322
150	761
11	129
8	35
0	153
3	40
21	185
0	999
56	141
0	135
0	122
16	66
6	91
2	36
1	46
0	130
4	31
8	848
0	607
0	245
0	374
3	587
0	692
0	49
132	2463
8	47
13	0
2	0
0	99
0	48
4	20
0	2454
32	52
0	0
4	46
0	11
1108	1231
0	1042
119	1131
3	1
24	139
29	21
77	147
0	22
1	15
1	42
200	89
1	2
0	93
0	10
0	5
0	37
3	147
28	1993
0	1407
11	2025
7	815
392	1430
222	301
0	56
0	230
24	6
0	15
1	263
0	40
12	44
0	10
62	662
13	26
0	0
0	0
0	0
0	0
0	0
0	0
0	0
32	33058
66	29206
0	32476
1	130
239	1674
0	830
15	15965
540	135
0	2228
9	2030
4	5115
0	3174
22	1330
7	1961
25	4202
58	859
61	318
19	316
34	113
17	73
24	103
0	138
0	154
0	409
0	525
0	8
0	0
2	295
0	260
2	260
2	3
4	93
0	36
2	22
2	16
5	3
0	0
224	11331
2	882
1	727
13	724
328	29
9	10311
2	9569
5	509
2	429
2	226
1	217
17	50
12	34
2	0
0	78
2	1
0	93
6	2
5	25
2	71
0	4576
0	470
91	7138
21	3427
0	2874
0	4274
26	332
57	221
10	100
5	86
15	86
0	0
0	624
0	620
0	574
0	75
0	174
1795	268
17	176
13	38
23	22
0	9
3	4
2	14
61	22
392	4994
1	4884
21	29
0	475
1	3
1	9
18	4
17	103
86	5764
1	4025
61	3793
1	153
26	1806
0	142
45	40
48	331
9	4514
301	2756
0	2727
0	2155
30	1958
4	174
3	716
3	549
2	0
0	1
0	0
0	2
0	2
0	0
0	29
6	1
0	1
1	0
0	1
0	2
0	31
0	7
4	7
0	7
0	2
0	2
2	2
1	1
3	0
0	2
1126	758
37	858
10	23
1	29
4	14
5	57
2	203
21	32
7	17
21	8
43	24
0	0
2246	8
0	157
0	128
3	2
0	0
0	2
0	2
0	2
0	0
0	0
0	0
0	1
0	1
0	0
0	0
0	2
2100	1695
0	1596
16	172
57	70
0	5
30	65
25	368
22	239
7	617
2	408
0	79
0	462
48	375
0	50
4	77
0	133
0	9
51	154
19	39
0	82
2	87
0	668
2267	0
33	342
468	448
0	49
0	7
130	0
9	68
10	46
0	0
0	0
0	0
0	0
0	2
0	0
0	0
0	0
0	0
0	0
0	0
0	0
0	0
0	0
0	0
0	0
0	2
4	0
0	0
0	0
0	2
0	2
0	2
0	2
0	2
0	2
4	0
1	2
1690	20820
38	5914
25	16771
29	4242
0	0
0	0
4	41
0	0
3	44
1	15
0	15
0	22
4	4
0	20
0	27
0	24
2	22
0	25
0	1
0	0
1	1
4	26
9	827
14	900
3	544
13	174
13	308
7	72
14	33
4	32
15	197
0	282
15	418
11	251
0	92
0	141
0	21
11	157
1	58
12	5
5	92
9	18
5	39
5	79
46	6
1	57
347	1133
11	1035
140	364
50	429
0	820
0	135
0	451
2	309
1	88
2	6
0	112
4	60
6	761
0	314
36	1921
4	804
5	70
0	135
0	173
0	59
2	252
0	449
0	123
0	53
1	563
0	508
0	617
0	222
9	4
0	83
0	321
60	296
18	109
17	151
0	222
123	344
0	20
2	18
0	3
0	30
2	70
0	0
3	2
0	2
0	5
0	10
0	0
0	12
0	12
2	23
1	10
3	0
0	7
0	8
0	3
0	3
0	3
1	16
0	1
0	2
0	1
3	7
2	56
0	3
0	5
85	282
10	26
34	2
4	254
24	167
47	1087
275	1414
32	20
54	170
0	82
0	5
1	82
2	136
10	0
33	40
3508	11935
8	671
38	0
55	312
16	4
19	650
203	3598
0	8640
210	0
0	0
0	0
0	0
0	0
0	0
1	3
0	0
0	0
0	0
0	0
0	0
0	3
0	0
0	0
0	0
0	0
0	5
0	5
0	0
0	5
33	4341
136	3806
97	7295
1	1142
0	1574
35	211
0	4273
60	2435
234	6505
2	923
100	2535
11	5467
11	113
88	26
0	1219
0	885
18	314
6	1601
52	1703
0	28
0	67
105	1681
1	318
0	1585
2	55
0	303
1	134
0	1055
7	49
4	86
6	9
1	112
2	188
16	836
0	22
0	33
1	41
0	121
0	171
0	1396
1	59
3	1146
15	964
0	64
0	213
7	1306
0	52
0	3
0	54
0	22
1	73
1	33
0	21
9	108
4	1150
0	1454
7	179
0	141
0	8
1	1265
8	1731
48	1407
11	176
16	1436
72	1985
3	563
14	45
241	955
40	171
6	1461
2	1481
1788	3413
0	2926
4	343
2	2352
9	262
88	2652
0	1427
7	267
1	1358
0	88
3	95
11	213
0	283
2	359
0	867
8	156
16	590
0	509
6	41
0	0
2	6
3	6
1	0
11	0
0	0
0	0
4	346
308	427
68	345
0	0
0	0
11	1820
0	257
0	2769
287	2313
13	1723
157	1050
3	271
1	363
5	244
0	288
12	58
0	0
0	3928
0	424
0	4004
0	19
0	149
0	185
0	18
0	70
0	4
0	11
0	49
0	85
0	47
0	180
8	1
0	0
0	0
0	0
1	0
0	0
0	0
0	0
0	0
0	0
0	0
0	0
0	0
0	1
0	1
0	1
0	1
0	1
0	1
0	1
0	1
0	1
0	0
0	0
0	0
0	1
10	6
8	1
3	1
6	7
0	4
0	10
0	6
4	1
118	0
1	8
0	8
20	252
4	252
11	5
0	0
0	0
0	0
61	1
0	0
93	55
0	0
0	0
0	0
0	0
0	0
103	1
0	159
2	161
78	120
5	138
0	258
0	161
0	15
1	104
2	60
0	0
0	0
6	28
0	0
122	722
6	467
1	171
1	13
0	255
0	69
1041	447
16	426
10	4
2	28
15	28
2570	243
23	110
121	266
9	31
15	68
67	0
0	20
0	0
0	20
0	17
5	1126
12	196
0	509
1	409
0	10
0	275
3	12
0	163
0	731
0	328
12	158
5	330
0	206
891	3901
12	3669
5	2697
0	120
1737	1
0	0
7	60
0	1
1	0
1	60
0	6
1	4
0	0
0	4
4	3
0	0
0	0
0	0
0	0
0	14
0	13
0	26
0	23
0	15
0	3
0	0
0	1
0	2
0	1
0	339
59	340
2	58
5	1
0	6
7	37
1	376
56	399
51	384
13	0
205	283
0	225
4	92
0	1
0	0
0	1
0	1
0	0
0	1
32	31
7	14
0	50
0	0
10	42
8	7
0	0
0	2
0	3
0	9
0	2
0	14
1	45
0	0
0	2
0	3
0	0
1	0
0	0
0	0
0	0
2	0
0	0
0	51
0	19
1	5
16	23
0	0
0	0
388	111
15	97
1	14
55	437
11	425
6	324
5	0
2	8
4	243
5	160
60	7
1	111
31	34
3	426
24	1586
16	1475
225	1391
0	587
0	595
0	660
2	78
6	580
0	63
0	117
1	92
6	16
1	49
1	25
8	9
11	0
13	0
12	0
40	8
0	0
0	1
0	0
0	0
0	0
0	0
0	1
0	28
1	28
0	28
0	0
81	28
0	28
0	51
3	18
2	86
0	26
13	17
0	45
0	22
0	15
0	29
1	14
5	37
1	20
0	0
0	0
8	72
2	58
1	58
0	0
14	0
0	0
0	0
0	0
0	0
0	0
0	0
0	0
0	0
0	0
14	261
0	40
144	661
2	450
47	418
0	360
0	338
14	240
0	98
9	165
1	160
6	46
11	84
2	0
0	1732
0	1
2522	54165
0	49150
0	37368
0	3654
58	4841
79	183
0	6217
144	12973
0	10428
37	43035
0	40517
35	2702
237	977
148	11235
0	3
293	1548
60	1551
5	1361
1526	1512
1	6
3	630
24	75
86	100
65	25
117	2
0	67
6	76
2	72
1	67
0	377
78	577
17	1248
7	1482
5	1359
0	1472
0	1527
0	1215
2	20
2	31
2	89
2	23
1	83
0	36
0	923
0	1246
0	4
0	9
0	8
0	9
0	24
0	3
0	10
2	0
0	26
0	25
0	0
1	396
0	3356
1	2853
3	722
12	4655
2	7
0	21
0	455
0	2902
1	1
7	448
14	99
0	8
2	45
0	40
3	3021
0	3156
1	1
2	3716
0	4681
0	2363
4	29
2	1
0	2488
2	3084
4	2914
38	1208
0	103
3	2736
90	36
16	34
0	2463
26	3127
8	2110
10	11
0	46
10	1786
0	1893
0	33
9	1144
63	276
0	3189
2	4607
0	0
0	0
0	0
0	0
0	0
0	0
0	0
0	0
0	131
0	1923
21	82
43	2675
4349	2656
80	467
0	0
0	0
22	25
0	0
0	0
0	1998
4	1917
38	155
35	1896
28	0
55	219
14	71
0	1745
0	1430
0	0
0	0
0	0
0	0
0	0
0	0
0	0
0	0
0	0
0	0
0	0
0	0
0	0
0	0
0	0
0	0
0	0
0	0
0	0
0	0
0	0
0	0
254	38136
8	35337
33	12748
40	1533
5	27
1	4203
30	12
42	728
2	1804
9	16
0	1
0	1
0	0
0	0
0	0
0	0
2	0
0	1
0	0
666	2172
39	990
11	1277
9	122
14	245
132	647
0	42
2	84
1	84
1	161
5	184
1	7
10	2997
25	1
12	3086
14	469
0	3060
2	259
9	174
13	552
7	787
27	23
18	23
0	398
1	3086
1	2
1	2
0	5514
0	5446
0	5388
65	1131
3	75
1	5517
0	10
2	33
0	6
2	888
0	1387
1	32
6	4
6	52
7	1159
27	4463
6	0
3	4483
159	595
5	31
0	193
7	0
0	707
74	206
0	698
1	545
0	18
4	53
6	4
4	240
0	413
0	378
5913	3080
101	9
0	1816
6	1248
13	518
8	2
1	26
598	544
10	501
3	87
5	14
1	78
0	55
0	117
0	110
1	73
0	41
0	43
0	32
14	31
0	40
14	40
5	46
0	35
2	4
0	2
1	1
0	8
2	5
0	1
0	6
1	11
0	33
3	0
0	0
1	0
0	0
0	0
0	0
0	0
32	4
0	0
0	0
0	0
5	25
3	4
0	2
0	3
3	1
13	2095
174	2095
4	98
31	1
0	196
1	2092
390	467
125	14736
803	14736
77	259
1	216
268	355
0	6
79	39
0	1
0	0
0	6
0	0
2	36
2	6
17	187
43	342
58	153
0	209
5	27
1	71
0	0
0	0
0	5
0	0
0	0
0	0
0	5
0	1
0	1
0	1
0	0
0	0
0	66
0	67
0	65
0	66
0	58
0	11
0	214
751	2315
2	403
7	0
7	233
2485	1786
126	1786
24	195
7	18
1	5
19	3
24	3185
118	3209
12	1853
8	740
5	638
1	505
0	262
0	416
3	357
0	300
0	261
0	6
0	5
0	0
0	0
0	0
0	0
0	0
0	0
0	0
0	0
0	0
0	0
0	0
0	1
0	2
2060	1312
1	1517
9	64
30	304
0	222
0	0
0	0
0	0
0	0
0	0
5	1
0	0
0	1
1	1
1	1
230	490
0	663
99	796
33	716
435	230
84	207
11	287
4	93
0	0
0	0
0	0
0	0
0	0
0	0
0	9
0	424
0	246
0	14
0	26
0	23
0	10
0	7
0	19
0	10
0	7
0	4
0	3
0	1
0	1
0	0
0	2
462	218
4	9
7	121
0	3
1	3
5	0
1	0
0	145
0	46
0	0
38	21
0	0
4	29
0	17
0	0
0	0
0	0
0	0
0	46
0	0
9	1
737	3507
4	3081
4	3267
0	1246
2	0
0	444
0	500
0	272
0	995
0	72
0	1059
0	1020
0	277
13	703
2	534
7	122
16	215
2	9
4	1030
0	990
2	3
0	3
39	3113
5	3043
8	2983
4	213
2	17
7	1
3	91
8	258
1	61
0	126
23	59
0	0
860	427
0	219
9	290
1	52
15	206
11	150
7	74
0	1973
0	224
0	276
0	371
0	370
0	1075
4	55
0	55
0	4
0	3
0	7
4	0
1	5
0	9
0	10
2	10
0	342
3	342
1	308
3	308
2	73
0	4
0	8
0	4
3	9
0	0
0	0
0	0
0	0
0	0
0	29
307	1518
4	1518
0	0
0	37
0	40
0	35
0	76
20	1114
0	1114
6	327
0	285
12	452
8	416
4	177
7	4
47	507
24	227
0	120
0	220
9	185
49	105
3	191
7	99
8	15
0	9
0	23
0	17
29	527
3	205
1	294
0	112
1	119
4	173
2	55
0	445
0	445
71	155
410	792
0	351
1	354
42	126
6	214
0	225
7	531
6	1023
1448	2747
221	2668
0	2742
0	2754
16	2705
2	357
4	186
0	224
4	252
0	131
0	6
0	341
0	341
6	22
0	39
0	39
0	21
6	28
0	12
8	12
2	2
2	11
0	12
0	9
3	3
0	0
0	7
0	7
15	14
0	7
1	465
0	27
0	95
1	328
0	469
22	62
61	458
0	82
28	295
2	107
255	428
0	407
5	383
3	246
6	131
17	0
0	27
11	51
0	32
0	12
0	20
41	1120
15	765
28	170
2	1107
1	309
62	800
331	15
12	15
5	15
9	13
0	0
7	4289
13	55
0	42
1	311
7	530
0	3303
0	234
10	54
9	55
1	7
5	11
0	3621
0	4289
0	0
0	1021
15	2185
91	1402
0	1653
23	955
1	218
20	46
0	257
2	242
15	248
19	71
31	110
0	24
1	1970
794	1626
11	97
1389	1212
50	443
0	55
0	7
8	21
0	14
0	77
0	0
293	257
15	30
2	255
4	137
0	1441
0	1442
0	703
0	1181
0	307
0	459
0	1426
28	376
727	458
6	67
0	62
10	57
2	57
28	231
0	122
18	75
80	259
0	29
0	129
1	227
17	285
0	336
1	300
120	277
2	74
5	113
0	63
0	49
0	2
0	2
0	2
0	2
0	1
0	0
1	2
0	0
0	0
0	0
2	0
0	0
0	0
0	0
0	0
0	0
0	11
0	0
0	1
0	1
0	78
0	1
27	614
0	544
2	466
11	14
2	38
1	3
0	35
5	12
3	312
0	20
0	241
4	5
0	2
0	16
8	57
8	130
0	32
0	30
3	33
279	634
0	25
11	2
3	607
4	1
4	69
17	27
21	7
14	3
0	23
111	31
1	77
2	41
5	47
0	60
0	61
0	55
0	59
4	37
2	3
1	6
0	4
6	47
2	7
3	0
3	0
82	129
57	364
0	316
0	314
0	357
1	355
1	347
0	359
1	352
5	246
2	112
49	1
0	3
0	31
0	32
0	29
0	0
0	0
4566	4031
5	0
7	3752
0	884
8	1045
1	352
119	0
0	106
15	571
5	520
20	489
20	1327
0	1175
5	73
0	1231
9	1254
6	36
9	33
0	7
0	6
3	0
2	1
23	6
8	37
0	0
1	49
0	0
0	110
2	127
10	153
2	176
1	121
0	2
0	31
0	77
4	76
4	51
0	2
0	51
0	51
0	22
0	8
26	45
0	41
1	11
1	6
127	434
77	211
2	76
5	359
75	300
32	212
4	52
0	3543
82	810
0	3576
0	3502
0	3034
0	2494
0	1050
0	3001
0	3196
0	3055
0	3188
0	218
0	675
0	1052
0	729
0	837
0	750
0	602
0	201
0	282
0	25
0	109
0	10
0	34
0	3675
1	58
76	288
4	122
3	171
0	93
3	37
4	2
469	81
1	56
0	1
0	1
0	1
0	1
0	0
0	0
0	0
0	0
2805	794
33	287
3	478
2	244
0	37
10	0
0	718
120	403
13	305
0	719
90	305
0	0
20	585
279	676
4	524
3	516
8	446
29	26
0	22
5	408
0	0
0	6
1	18
0	8
0	15
0	1
0	262
0	282
1	259
4	13
1	36
0	35
1	8
0	13
1	19
0	46
0	28
0	505
38	35
1	7
1	3
0	0
1	637
15	649
0	1285
31	1674
2	267
0	315
4	176
0	169
0	20
152	1298
8	1287
17	42
5	43
0	617
0	5
8	7
2	4
2	3
0	4
0	4
3	0
0	0
0	0
0	0
0	0
0	5
0	0
0	0
0	0
14	39
1	0
230	956
12	438
11	246
0	77
2	493
1	414
1	189
974	0
0	301
14	2925
8	2545
101	156
19	100
0	516
3	1111
238	636
8	309
6	20
0	53
7	316
5	17
0	6
26	30
0	378
0	138
18	267
15	232
0	79
16	104
0	0
0	211
1	280
91	2142
622	1281
0	1737
53	1665
38	647
6	703
0	1078
3	1250
14	124
1	393
2	206
0	175
45	687
349	154
6	154
1	12
16	23
0	17
14	2
0	4
0	22
17	0
48	185
1	134
0	28
0	226
1	28
1	9
3	2
0	0
8	11
0	2
0	6
0	4
0	9
0	139
0	113
0	151
0	0
0	159
1	142
1059	1115
1	1110
77	177
108	103
1	192
6	116
35	58
1	48
5	11
0	1276
0	1082
0	128
39	1123
15	1001
1	67
48	123
17	221
4	145
21	143
1	253
0	70
13	66
0	0
41	18
0	0
0	541
12	611
15	554
2	510
19	65
2	404
21	33
17	33
15	3
1	14
7	34
10	208
0	102
0	72
4	37
1	6
0	25
3	6
6	23
0	0
0	0
0	0
0	0
0	0
0	7
0	7
0	0
6	7
1	7
283	42
3	42
3	41
0	0
0	0
0	0
0	0
0	0
3	107
1322	107
8	38
1	0
0	0
0	6
0	16
0	0
10	43
0	3
0	0
0	2
0	3
5572	1810
266	1102
10	971
10	265
3	8334
2	28
0	169
2	239
5	1269
0	244
1	813
0	8283
0	2591
20	6425
0	5912
0	6441
0	341
8	5897
0	181
0	377
1	323
42	1
0	354
20	239
0	8334
0	3051
0	0
0	0
0	0
0	0
0	0
0	0
0	0
0	0
0	0
0	0
0	175
2	529
10	549
3	1006
0	966
13	5
0	104
25	79
0	24
20	41
2	5
0	0
0	1
1	3
0	1
0	8
0	0
0	0
86	0
2	17
5	19
0	14
30	15
72	976
3	12
6	92
5	1065
10	1005
59	1076
0	1071
8	1073
19	1079
1	1052
13	1132
3	14
0	0
0	0
1	0
107	2485
10	2547
59	1782
16	3139
57	6228
2	3530
7	4255
0	4898
0	1219
19	2086
2	336
4	289
15	450
27	575
0	1608
109	51
14	289
45	8
18	49
5	2028
328	148
12	40
3	86
0	12
1	119
0	10
2	1460
0	436
26	1418
9	452
1	416
132	270
7	1341
0	79
18	455
0	448
1	347
0	566
3	482
16	545
0	169
7	141
32	370
0	490
732	500
0	68
6	63
0	148
0	123
0	93
4	27
0	1
0	10
0	3
9	4
0	5
0	1
0	0
0	0
25	50
0	1
0	1
1	1
0	2
0	0
0	2
0	2
0	2
0	1
0	1
0	0
0	1
5	9
0	0
0	0
0	0
0	0
0	0
0	0
2	75
0	88
2	1063
8	96
2	1179
12	86
0	7
1	79
28	143
0	59
1	63
4	1103
0	0
0	0
0	0
0	0
0	0
0	1
0	0
192	1490
90	1204
44	1384
4	326
0	2
0	0
0	0
1	2
0	2
2192	1189
2	986
2	133
4	110
159	439
10	127
0	1
62	651
11	651
10	19
2616	7175
230	2827
2	2839
4	522
837	1967
1	271
2	1537
25	633
30	1368
27	1681
3	1599
6	629
4	214
0	821
0	881
1	0
6	31
66	450
48	101
0	65
12	254
16	226
9	28
11	25
0	94
3	10
2	38
1	7
5	0
0	0
0	934
0	994
30	294
6	251
2	209
19	47
0	0
93	1539
23	2139
16	751
59	1921
72	2070
0	1
60	656
0	670
86	674
4	677
3	80
35	28
0	2718
0	3017
0	2997
0	316
0	253
1278	1399
0	270
55	1271
80	325
42	531
12	303
12	523
0	282
2	305
1	91
0	121
0	79
0	47
0	86
7	80
15	134
2	85
0	0
1	0
3	0
0	0
0	0
0	0
18	551
0	47
0	74
2	0
0	35
0	35
0	1
0	2
0	35
0	6
0	12
0	12
0	9
0	37
0	18
0	14
103	405
119	438
10	333
10	130
16	3
104	63
5	7
24	40
0	19
1	0
0	0
0	0
0	0
0	289
0	518
0	1293
0	1241
0	1486
0	26
0	22
0	333
0	355
0	666
0	331
0	17
0	27
0	1202
193	728
56	730
4	147
6	79
2	576
20	143
13	298
28	110
9	43
16	68
4	13
9	411
31	117
79	810
54	489
10	535
2	425
5	435
40	394
31	561
2	303
11	329
0	393
0	75
0	474
0	336
0	243
0	238
0	52
3	243
0	191
0	146
0	0
0	0
5	17
0	0
3	29
1341	1878
12	930
9	1569
0	169
6	112
0	141
4	592
3	571
63	100
0	444
0	407
0	268
0	58
7	201
0	178
2	2
210	200
2	38
0	29
68	216
52	24
10	0
0	19
10	28
4	21
77	466
8	222
0	416
7	20
8	17
4	1
0	405
0	5
0	5
3	5
0	0
0	0
0	0
0	0
0	0
0	0
85	4916
0	3725
0	320
22	13819
827	0
0	2619
1	2893
0	1715
77	1199
35	2985
0	4
0	4050
828	12459
0	1811
0	3774
0	2544
4	1162
42	2469
0	12431
0	12426
0	12505
4	12489
0	0
0	0
4	35
0	35
0	29
0	29
0	28
0	0
0	0
0	0
0	0
0	0
0	35
0	1
0	509
39	1221
290	904
106	618
17	236
0	957
9	224
0	84
0	131
1	255
12	0
0	215
6	16
1	61
2	375
14	316
0	168
0	24
11	23
8	67
0	64
0	22
0	16
22	34
5	13
0	144
0	126
0	0
2446	4376
150	2537
43	1793
28	1737
71	1192
4	1152
27	133
0	0
0	1
0	1
0	0
0	0
0	0
0	0
0	1
2756	241
94	241
1	29
3	29
30	1134
1	1134
1	95
2	254
3	63
2	103
79	211
3	211
0	0
8	144
0	24
8	99
0	4
0	0
4	65
1	1
0	0
4	41
12	530
513	1196
6	264
4	24
22	4
19	17
38	9
90	410
0	0
0	0
0	0
0	17
0	17
0	7
1	0
0	4
0	1
0	0
0	3
0	0
0	16
0	0
4	3
1	0
2	126
0	140
0	0
5	16
0	19
0	0
0	5
0	0
0	0
0	125
0	33
2	122
2	820
0	110
0	118
0	140
0	114
0	93
0	100
0	114
0	130
2	89
0	74
0	66
0	59
0	65
0	55
0	49
0	804
7	8256
942	8256
2	50
279	2276
182	2092
0	806
80	1131
78	2
68	261
8	2
0	1694
2	107
9	147
0	782
0	790
0	95
2	0
1	1694
0	490
9	448
0	529
0	3
2	412
0	148
29	313
0	15
0	104
0	86
0	97
5	869
4	868
34	1556
1509	2561
20	259
36	952
11	783
18	2
80	830
0	532
13	627
12	562
7	506
0	499
4	74
3	2
0	90
9	93
0	89
0	83
5	12
0	11
0	0
48	36
0	2
0	759
0	787
204	2293
13	488
12	318
17	21
0	208
255	1933
0	329
4	356
0	354
0	242
8	331
0	27
0	19
0	17
6	106
0	141
2	30
0	194
0	126
0	146
0	181
0	33
0	62
0	21
0	0
0	21
0	0
0	21
0	0
0	21
43	365
3	339
24	87
22	19
6	84
24	215
0	38
2	6
25	228
0	0
0	0
0	0
0	0
0	0
0	0
0	0
0	0
0	0
0	0
0	0
0	0
0	0
0	181
0	125
0	16
0	21
0	0
0	0
65	1025
19	744
20	940
11	0
0	292
29	5
12	109
0	642
0	212
0	174
0	124
885	344
8	344
9	42
2	47
5	247
8	4
7	34
46	14
4	607
3	1206
12	1614
0	1613
2	823
1	403
2	109
7	3
771	71
3	4
1	71
0	30
6	266
29	231
0	160
0	12
1	281
3	203
0	72
8	56
9	4024
786	10281
8	399
13	32
13	9264
45	7863
38	319
0	0
0	0
0	0
0	0
0	0
0	0
3	2505
0	0
0	0
0	0
0	0
0	0
0	0
0	2
0	0
0	0
0	0
0	0
0	0
0	0
0	0
0	0
0	0
0	2
0	0
0	2
0	2
0	0
0	0
0	0
0	0
0	0
0	0
0	1099
0	38
0	68
0	37
0	4
0	58
0	30
0	145
0	45
0	77
4	1250
0	1280
0	45
0	746
2	516
73	1461
91	746
1	888
3	21
0	47
8	896
15	59
5	100
12	86
16	75
15	39
0	19
0	42
0	0
7	0
0	0
0	608
0	0
0	44
0	1180
9	27
16	540
31	77
10	1189
0	1252
3	44
2	1210
2	48
0	594
14	167
0	398
67	61
34	30
0	596
1	596
0	3
1	0
0	34
0	5
0	4
1	2
0	0
0	35
0	0
0	0
0	0
0	0
5	11
0	0
0	0
0	8
0	0
0	6
0	0
0	0
6	307
28	33
0	2
1	312
14	56
325	307
14	304
8	237
0	430
0	1
0	78
21	409
0	0
0	0
0	0
149	1306
0	173
2	1202
1	1179
0	348
138	106
16	159
91	676
1	67
1	4
8	29
0	1
0	6
27	20
0	2
0	1
0	5
0	1
0	0
0	0
0	67
1	65
0	64
2	2
0	0
2021	1879
125	1499
104	1437
0	799
3	1126
0	352
1	299
4	242
0	533
0	187
12	21
3346	632
50	300
14	3
12	46
20	51
2	149
5	180
1432	583
27	342
5	579
30	36
0	563
24	407
20	0
11	21
35	2718
0	2366
5	153
10	104
15	527
63	2213
21	712
35	3073
10	277
0	151
4	68
21	147
2	247
5	103
15	292
43	297
47	511
0	0
45	1341
0	1852
0	0
0	0
0	0
0	0
0	0
0	0
0	1
2	4
0	2
4	29
0	147
0	151
0	10
28	199
0	2
1	24
0	0
22	127
0	0
0	3
0	6
1	3
0	8
0	4
0	8
1	2
0	9
0	8
0	35
0	4
0	22
0	0
1	2
0	42
0	11
0	1
0	1
0	1
0	25
0	31
0	31
0	3
0	3
0	1
0	0
0	0
0	0
0	2
0	40
0	40
0	40
0	40
0	40
0	40
0	4
0	3
0	3
0	0
0	9
0	0
0	0
0	0
0	0
0	0
0	0
1	14
0	40
581	1341
88	1051
17	30
11	42
19	259
0	2222
0	1960
0	4330
0	7529
0	5913
0	5973
0	5904
0	1261
0	19
0	1312
0	1361
0	5290
0	2341
0	1794
0	1916
0	1813
0	467
0	787
0	434
0	107
0	348
0	192
0	4
0	1
0	0
0	3
0	0
0	1
0	11
55	34
4	19
15	15
2	5
3	18
7	27
0	24
0	1
0	1
0	6
0	11
0	9
0	63
0	55
0	5
0	58
16	21
0	12
0	19
0	101
0	128
0	79
0	120
0	148
0	119
0	111
115	63
28	631
24	597
156	5418
0	2509
0	2265
1	112
0	2027
9	4397
8	4835
0	4343
18	4614
0	4444
0	4540
0	4707
0	3824
0	3322
3	3707
0	3896
1	3209
0	2944
33	2092
16	2828
67	2701
0	3121
0	2890
63	3566
8	2198
16	2897
0	2705
2	2999
0	2160
0	2261
0	2348
28	1416
8	1062
0	491
2	460
1	44
0	419
8	622
0	480
15	732
0	82
14	273
55	100
54	36
12	456
30	478
50	101
11	17
153	442
8	442
2	125
9	78
0	70
0	51
30	26
234	196
0	188
0	43
43	24
1576	447
1	447
40	412
30	186
0	19
0	19
0	19
0	10
0	19
53	1410
36	575
0	2
39	427
32	0
0	1361
0	368
49	198
7	56
0	615
0	369
0	498
57	378
5	459
8	508
5	10
3	94
17	482
1	43
2	255
0	12
2	1
4	27
52	27
220	49847
40	49845
77	49846
36	49843
504	49862
164	49856
283	49856
0	50159
77	37239
364	46480
7	6493
3	1521
15	959
8	674
83	85
26	3
1	3
0	3
0	0
0	0
0	0
0	0
0	7445
0	7988
14	70
0	7615
3	7205
0	8158
18	2684
0	2617
0	2622
18	239
0	1850
6	24
10	18
2	11
68	716
0	111
1	0
0	2773
43	1236
1	744
9	1236
0	0
0	4230
7	165
2	30
0	387
0	798
0	724
5	2170
0	2803
2	8102
0	3490
262	24009
1	89
0	118
0	128
0	69
0	853
0	3506
0	4388
326	3203
1	7985
0	15616
4	5904
4	16896
92	9964
0	31
0	232
12	4837
102	93
15	16036
405	250
12	5946
0	10344
7	2424
0	653
56	433
3	2118
0	1
78	118
131	209
3	5
16	68
2	5
4	6
3	169
0	21
0	0
0	948
0	528
0	221
0	52
0	45
0	250
0	124
55	165
3	147
4	15
6	13
1	0
0	53
42	2028
276	1951
23	1941
150	1949
42	39
1	63
0	0
0	0
108	701
13	701
0	583
19	0
47	39
0	0
1	89
31	549
21	8
0	548
0	8
0	3
1637	708
59	684
22	79
156	994
0	57
4	874
19	996
2	97
4	206
0	197
0	92
2	877
0	263
51	2782
16	458
1	187
24	3254
0	2326
14	1851
1	3
3	22
0	586
0	550
17	1343
3	880
0	24
6	954
3	560
13	485
0	27
3	125
4301	1981
10	576
12	948
3	60
18	0
13	158
4	1
100	25
54	283
0	0
0	205
355	0
0	1
0	0
0	1
0	1
0	1
0	1
0	6
0	0
0	0
0	1
0	43
0	44
0	18
0	11
0	13
0	13
0	7
0	1
0	5
0	1
0	4
0	6
0	2
0	2
0	3
0	5
0	2
0	2
0	3
0	4
0	2
0	1
0	1
0	1
0	0
0	0
0	0
0	0
3	1742
11	1569
1	1707
0	1705
0	1577
26	1322
0	1625
7	1361
51	1265
5	1234
1	204
73	0
153	622
66	2
233	148
1	20
3	28
0	130
2	75
2	42
65	16
0	1705
428	1
0	0
0	0
0	0
1	3
0	2
0	3
0	0
8	0
0	0
1	0
39	3329
0	3320
21	3010
0	2310
13	194
13	16
4	468
29	19
2	284
0	169
27	33
1	229
17	115
0	3340
0	2470
13	3
66	385
62	452
11	23
137	674
61	336
0	166
0	0
0	7
0	14
4	14
0	2
0	0
0	3
2	3
0	0
0	0
0	0
0	0
0	1
0	1
0	0
0	0
0	1
0	1
2	1055
0	1934
0	33
3	598
7	769
6	4
49	122
0	0
2	46
0	46
3	7
39	0
0	0
0	0
0	0
0	0
1	0
0	0
0	0
0	0
0	0
0	0
0	0
0	0
0	0
0	0
0	0
0	0
0	0
0	0
0	0
2	0
0	0
0	0
8	7
42	1245
9	1335
0	1081
4	940
20	256
3	306
9	190
89	20
3	79
1	167
0	1
0	14
0	1
0	3
0	0
0	1
0	2
0	0
0	11
0	0
41	1952
13	158
0	1141
0	0
20	31
0	0
0	0
0	0
0	0
0	0
0	0
0	0
105	128
8	193
20	91
62	265
9	34
4	172
3	74
3	43
3	51
2	54
1	41
3	26
6	2
0	70
0	52
0	18
0	0
0	633
0	261
1	617
0	52
0	8
0	0
39	230
10	165
1	521
0	86
0	83
0	52
0	44
0	41
0	11
0	5
0	9
0	44
0	6
0	11
0	16
0	1
0	10
87	67
0	4
2	38
30	64
0	17
0	16
0	2
0	16
0	0
0	0
0	0
0	0
0	0
0	0
0	0
0	0
0	0
0	0
0	2892
0	3004
0	2701
0	2513
0	650
0	325
0	496
0	191
0	174
0	330
0	59
0	211
0	2995
0	2803
15	12
0	0
0	12
0	12
9	15
2	0
0	6
1	0
0	1
0	1
0	0
0	1
0	0
0	6
0	4
0	4
2	2
0	1
0	1
0	0
0	2
0	0
81	4223
2	24
1	22
0	24
13	3084
0	3087
4	15
7	19
0	2083
1	907
4	792
28	332
3	42
2	30
1	801
0	738
4	303
2	0
0	6
0	7
2	365
0	5
12	32
1	0
0	98
0	98
0	0
0	0
0	0
0	98
108	145
0	144
0	158
0	48
0	14
2881	6314
7	5894
5	90
19	297
3	544
22	264
7	139
0	436
173	4011
1	729
58	556
334	2004
8	3592
1	702
49	340
0	611
4	201
1	193
19	298
5	255
1	112
0	0
0	0
2168	2017
280	2021
23	352
0	0
0	0
0	0
0	0
0	0
0	3
0	1
0	1
0	0
0	2
69	1109
195	791
0	461
0	722
0	679
3	280
14	201
10	221
37	227
0	92
13	59
2	36
2	8
14	11
75	26
7	0
21	0
0	1138
7	0
8	66
0	0
2	16
0	0
0	0
1	99
5	2
1	94
0	100
2	87
0	3
138	477
715	477
43	0
0	19
0	2
0	0
0	0
0	1
0	1
0	1
0	1
0	1
0	1
0	0
0	2
0	2
94	115
1	65
0	97
5	0
0	1
0	10
4	0
2	0
0	1
0	0
0	0
4	10
479	457
2	45
0	457
3	26
3	0
0	85
15	0
99	1616
5	1541
6	788
0	480
36	1156
11	711
4	298
0	229
4	126
24	72
0	1
0	1
1	1163
16	8
0	7
50	13
0	2
0	2
25	52
0	17
15	158
4	1666
1	1800
1	682
5	290
5	10
0	138
4	14
0	0
0	158
1	491
0	528
0	408
0	113
2	694
0	365
0	302
0	2
7	204
0	40
0	414
5	17007
309	26057
0	8192
763	24868
153	4
112	55
150	9991
0	157
154	11188
1	156
1	1015
9	57
6	111
3	80
0	95
1	0
0	5
0	0
15	219
0	64
32	180
41	183
0	34
0	34
0	3
662	593
1	552
0	616
13	554
3	130
0	570
0	559
15	22
3	101
7	9
0	5
0	86
6	105
0	40
32	33
3	19
0	1034
3	705
41	296
19	273
5	259
5	798
34	6
24	409
66	64
17	0
0	175
0	129
0	177
0	175
0	182
0	177
0	175
0	175
0	174
0	183
0	126
0	174
0	176
0	172
0	172
0	124
0	120
0	172
2	169
0	169
0	169
0	123
0	118
0	170
0	163
0	163
0	170
4	165
0	163
0	158
0	67
0	0
0	0
0	0
0	0
19	54
0	0
0	0
5	22
0	0
0	0
0	0
0	0
0	0
0	0
0	0
0	0
0	0
0	0
0	0
0	0
0	0
0	0
0	0
0	0
0	72
0	72
0	0
0	0
59	13
20	40
0	0
0	0
0	0
0	0
0	0
0	127
0	175
58	227
18	46
0	21
0	46
1	22
0	38
0	33
0	1
0	4
0	1002
4	755
33	627
3	27
0	14
6	959
69	575
18	440
9	418
4	11
6	256
8	1199
0	226
1	241
5	205
0	232
10	204
3	236
0	232
7	54
0	20
0	10
0	253
370	49
37	49
12	1039
0	120
7	9
0	25
6	454
0	1053
0	31
0	189
1	395
0	350
2	206
3	362
0	128
13	578
0	153
10	510
1	83
0	125
0	85
19	282
0	10
0	19
0	11
0	9
0	9
0	15
0	10
3	2
0	0
0	5
0	4
0	1
1	3
0	3
0	2
0	1
7	21
0	0
0	169
1	474
29	496
1	1226
0	1440
15	1366
3	434
5	422
2	102
110	17
22	376
9	48
15	81
0	139
0	137
0	15
0	140
0	132
0	144
0	18
3	9
0	146
2	0
0	699
4	1033
94	1199
0	157
1	694
7	218
9	308
3	0
0	0
11	5
0	5
0	0
0	2
0	0
0	2
0	0
0	0
439	2
0	2
0	1960
13	2081
7	2117
0	1676
3	297
0	1286
0	262
6	148
3	309
5	260
9	216
2	68
18	171
0	132
0	53
5	162
2	31
0	56
2	99
15	78
0	17
0	1
0	0
1	0
0	0
0	0
0	0
0	0
0	3
0	3
0	19
0	0
0	38
2	38
5	3
1	9
0	3
0	10
0	0
0	0
0	0
0	20
0	686
0	1682
0	303
0	0
0	0
0	0
0	9
0	9
0	4
0	9
0	4
0	0
0	0
0	0
0	0
58	118
5	47
5	172
1	184
0	146
1	12
11	12
0	0
6	26
37	3
6	15
0	7
6	8
322	284
15	159
0	243
9	17
0	62
2	23
0	66
0	2
0	2
0	2
0	0
0	0
0	77
42	1459
0	0
0	1469
0	47
14	11
3	558
9	454
12	289
0	146
42	406
0	425
7	122
0	416
4	173
3	162
24	27
7	34
2008	0
0	36
0	36
0	36
3	0
0	2
0	6
0	3
0	8
0	5
0	5
0	2
0	5
0	9
0	9
0	4
0	7
0	6
0	6
0	4
0	3
0	3
0	0
0	6
0	11
0	4
0	4
0	0
0	0
366	2401
42	2191
150	311
3	398
0	54
0	232
0	1
0	150
0	77
0	70
0	72
1	287
1891	699
1	335
8	272
1	225
5	174
0	66
32	10
0	0
0	0
0	0
7	1228
0	421
16	880
10	220
9	520
0	67
6	524
2	386
10	64
24	524
5	244
2	0
0	363
1	93
8	198
8	59
0	161
3	87
0	69
0	67
0	62
0	0
0	26733
0	22600
0	22641
0	22712
54	1191
54	673
1	35
446	1332
17	17
2	429
1	443
4	838
1	455
7	1127
44	78
0	1407
0	1
0	396
0	31
0	25
0	51
4	20
0	26
0	50
0	30
0	30
0	31
0	26
0	25
0	26
0	24
0	10
0	13
0	9
0	7
11	40
0	8
0	26
0	0
0	0
0	0
0	6
0	0
0	0
0	0
2	0
0	31
5	94
13	359
30	50
3	45
37	72
65	385
3	88
60	313
0	364
0	161
0	4
0	54
0	29
287	7537
0	6420
2	883
0	1238
2	2199
46	763
0	1370
0	1488
0	1406
0	1594
0	1969
2509	1733
0	1353
5	10
8	495
5	991
5	529
5	11
0	41
2	312
1	900
6	105
3	420
0	0
0	0
0	9
0	9
0	9
0	9
0	0
1	0
0	0
0	9
87	581
0	578
8	175
0	0
0	0
0	0
0	0
0	0
52	0
0	26
299	1139
0	201
27	34
5	60
0	850
0	283
6	45
0	0
1338	1329
0	1202
12	612
7	376
0	313
0	312
0	255
2	158
1	118
0	242
12	14
0	78
0	642
123	661
26	633
0	655
4	593
2	158
0	74
2	142
4	138
1	85
5	44
39	6
28	7
19	466
337	183
14	183
0	13
186	32
0	1
2	1
16	25
84	831
3	831
2	796
59	683
0	372
5	159
1	15
30	967
0	0
0	0
43	1
19	3431
5	1501
15	2356
21	2361
1	2689
2	5
7	1511
93	60
8	164
2	1085
6	1794
0	2294
0	2
2	179
0	2
4	1482
8	607
2	2695
40	473
3	517
4	285
6	560
0	610
0	96
3	46
0	253
0	414
0	219
0	105
42	8
1587	113
2	42
2	67
12	4
0	0
0	0
0	0
0	0
0	19
0	0
0	0
0	0
0	19
0	0
37	39
0	9
0	3
403	20
58	2685
1	8
2	409
4	8
1	2619
6	11
0	2632
0	1
7	835
30	2193
0	18
55	79
4	3
12	274
0	1866
13	88
13	37
6	25
9	23
0	2693
0	2522
0	481
1	14
6	1
2	4
35	4
0	433
0	285
0	831
54	373
0	2754
23	2412
63	2218
0	3356
7	312
21	7
12	93
13	997
36	649
34	2214
41	815
7	66
16	1415
37	153
0	224
37	141
29	734
42	759
3	1280
0	387
60	298
0	181
0	70
0	7
3	9
2	0
0	118
10	31
6	7
0	1
0	1
0	9
0	0
0	0
0	0
10	4
2	29
0	70
0	3
96	18
10	3
0	16
1	1
0	507
0	195
0	157
0	42
0	79
521	7
0	0
0	0
0	0
964	537
1	325
77	2
0	11
0	12
0	2
0	2
6	19
0	1
0	17
0	1
0	2
0	11
9	42
0	7
0	18
35	286
17	375
32	245
1	420
0	318
2	275
0	93
0	99
15	133
0	139
0	284
28	136
2	217
4	194
0	138
63	592
4	33
142	303
66	377
2	332
0	175
5	12
0	17
0	365
0	282
4	824
0	904
19	832
0	3
0	3
27	914
41	724
0	782
25	25
59	762
30	10
0	10
0	10
0	10
1	5
0	2
0	1
0	1
62	6
0	0
0	0
0	0
0	0
0	0
6	1789
0	1624
66	33
0	1543
0	1722
6	1491
0	37
0	1118
0	326
1	925
0	1026
1	885
0	58
27	8
0	60
0	89
19	40
0	76
63	66
13	80
0	131
0	58
0	1783
100	755
5	480
0	407
0	501
20	512
2	341
3	281
6	26
1	35
18	27
0	60
4	43
3	76
5	15
0	722
8	293
0	30
0	7
40	266
1	545
13	129
4	16
5	172
11	0
0	115
8	84
1	546
3	182
0	0
0	0
0	0
0	0
109	3278
8	205
1	61
17	19
3	177
44	1990
6	3238
5	178
0	497
0	2226
6	1
0	134
0	119
0	117
0	2143
0	7
0	202
1	3
0	45
0	248
1	5
5	2127
1	13
1	90
0	212
2	90
1	143
1	3
208	68
1	68
8	62
1	23
0	649
0	899
0	926
0	919
0	214
0	23
0	48
0	22
0	18
0	216
0	224
0	616
0	76
0	11
1	4
0	2
10	9
0	9
11	15
24	704
3	488
0	485
3	490
0	594
52	25
61	487
0	423
10	492
0	419
2	570
0	398
0	567
1	545
3	479
8	549
38	216
0	358
10	252
1	241
0	251
0	287
0	126
15	66
1	69
0	44
0	6
0	63
0	26
42	2
2	2
9	0
0	8
0	1
0	0
0	0
0	0
0	0
0	0
0	7
0	7
0	879
0	829
0	901
0	857
0	890
0	808
0	111
24	33
0	11
1	78
2	600
1	28
1	494
19	22
16	16
14	29
8	3
9	26
5	64
0	57
1	46
0	5
1	838
0	830
3097	3782
15	623
371	2093
0	8
123	2063
8	998
4	135
260	1456
16	178
0	4
3	997
0	1428
375	196
23	495
0	557
0	97
1029	432
0	83
18	47
12	2
9	4
10	2
1	166
0	149
42	978
19	1242
4	208
1	342
0	23
0	268
1	55
12	1032
4	864
11	11
0	64
0	82
0	11
0	85
40	31
10	6
0	2
2	98
0	0
0	2
0	0
0	0
0	12
0	0
0	0
0	12
0	0
0	1
0	0
0	0
0	0
0	0
0	2
0	894
2	31
3	998
1	879
15	859
2	863
5	796
14	392
14	119
6	58
17	112
0	10
7	53
0	0
266	2053
9	210
30	2003
2	331
6	143
0	25
0	413
0	475
0	2177
0	467
0	450
0	15
0	621
0	437
0	303
23	1682
5	1390
0	1790
12	669
0	344
4	108
39	284
0	45
5	2
2	64
19	232
0	91
0	58
0	105
0	489
0	0
0	0
0	0
0	0
0	0
0	0
0	0
0	0
0	0
0	0
0	0
0	0
0	0
0	0
0	0
0	0
24	24629
566	3356
133	229
10	335
14	836
1	490
0	366
1	160
1	182
20	347
0	3352
108	1954
13	1030
8	41
0	134
0	207
5	7
1	7
0	334
0	58
0	7
0	159
4	27
1	69
0	351
0	210
0	2
1	84
1	25
0	32
0	136
1	17
0	10
0	962
6	948
0	812
0	774
0	631
0	608
0	514
0	1155
0	19
0	36
1016	67
1	0
4	38
4	1039
0	1087
0	1
0	62
63	51
36	6
0	25
12	73
0	1019
3	1032
8	97
39	416
5	423
0	433
0	475
6	421
4	409
0	51
1	54
6	0
4	82
4	67
15	48
3	25
1	955
0	416
4	10
0	3
32	32
0	1
0	52
0	52
0	52
1	43
0	0
2	1
2	0
1	8
17	110
0	136
25	195
17	175
3	52
0	43
20	4
5	34
1	34
6	2
9	235
2383	2691
3	39
1	387
14	57
15	70
14	488
6	424
8	1461
6	768
22	1172
10	10
38	6
0	0
0	0
0	0
0	0
4	17
94	308
85	151
0	1
0	1042
3	43
1	0
14	13
987	2984
0	334
1	166
1	96
0	71
1	169
5	199
87	1773
8	89
1188	50
6	37
0	15
0	2
4	13
0	2
3	15
0	13
0	16
0	1440
0	1441
0	666
0	1181
0	269
0	451
0	1426
14	737
105	743
54	361
0	39
19	6
0	0
0	1
0	4
1	0
0	0
0	0
0	52
0	52
0	4
0	0
0	0
0	0
0	87
115	86
0	39
2432	923
8	537
3	687
5	21
1	0
11	1
1	172
608	635
9	8
2	45
7	359
8	82
2	0
7	23
0	70
16	92
10	41
1	18
0	25
15	99
0	43
1	79
2	80
2	80
68	86
0	25
21	99
5	642
50	254
16	5
39	142
0	141
0	104
0	640
0	0
0	0
0	0
8	1526
3	834
6	314
6	120
0	205
0	89
2	70
20	2
0	52
2	27
4	42
2	17
0	15
0	8
0	5
9	1517
30	496
14	496
3	3
1	45
109	24
0	93
0	22
57	733
19	636
6	611
35	216
9	122
0	209
0	94
34	0
73	137
0	110
0	625
16	726
0	1
0	1
0	1046
0	1331
0	1277
0	1323
0	1518
0	356
0	341
0	230
0	205
0	150
0	137
0	127
57	1776
28	2159
129	1283
1	537
0	920
0	30
0	953
4	285
11	547
2	746
0	116
0	5
31	22
1	146
0	101
3	115
25	60
0	55
0	6901
0	6399
0	902
0	1864
0	4188
0	2932
6	0
0	1150
384	1150
216	17
0	16
0	9
0	0
3	1
0	0
49	517
11	55
7	389
7	75
1	265
6	0
14	54
2	567
7	82
0	599
13	2579
0	2326
0	2456
0	348
0	64
0	877
0	172
0	127
9	125
102	98
105	980
0	211
0	808
0	579
0	1807
1	1
0	0
0	0
0	1
0	1
0	1
0	0
0	2150
0	2149
0	2139
0	1865
0	2145
0	19
0	19
0	2149
0	23
0	1033
0	449
0	934
0	396
0	209
19	247
14	549
3	348
0	740
0	748
0	839
0	839
0	748
0	740
0	970
0	1168
0	1168
0	1050
0	1058
0	1058
0	1050
0	1002
0	1002
0	0
0	161
0	47
0	0
5	209
1	139
0	234
0	94
254	10
0	1077
0	286
35	4322
41	19
15	4728
70	650
11	204
59	59
21	151
6	2767
1	131
8	263
4	223
0	4887
0	1
34	388
540	388
50	17
0	3
0	964
0	20
1	931
1	933
0	46
3	671
0	99
5	971
0	925
0	193
0	200
0	1006
0	584
0	644
0	149
2	111
0	103
0	866
0	984
8	246
7	568
2	1309
9	142
0	647
30	340
2	1076
0	263
16	204
1	219
0	239
0	83
10	687
4	100
7	17
6	127
0	63
89	64
46	0
0	78
627	752
4	121
14	495
9	250
5	265
1	326
1	92
1	322
38	182
159	5487
0	9612
8	5053
59	1763
3	7643
0	2503
1	6681
3	2909
90	3489
87	982
10	6956
47	1128
2	7297
72	2535
1	1927
38	1418
89	36
6	1494
0	7591
7	19
0	12
26	2358
20	2743
1	3101
13	2386
7	76
4	84
0	94
2	75
6	55
0	178
0	64
0	4
0	0
0	0
0	0
0	0
0	0
17	56
0	0
0	0
589	19
28	19
21	0
525	108
13	17
1	56
15	221
3	46
0	15
4	15
29	49
7	39
7	23
0	682
18	347
250	347
1178	449
0	315
11	46
8	179
0	14
119	390
1	155
19	360
1	16
0	0
0	0
3	341
0	246
2	355
4	116
44	99
11	97
2	93
1	85
0	6
0	91
435	824
0	65
1	10
2	316
0	205
11	69
0	167
1	126
0	409
0	609
0	38
2	23
1	47
43	11
30	11
2	0
10	2037
22	3632
40	4069
9	2119
23	1562
0	615
2	88
82	185
0	2
8	4
0	2
0	10
0	101
0	2
0	6
0	1
0	0
2876	1058
10	480
27	428
0	164
13	91
15	10
0	84
2	162
0	278
0	150
20	258
1	147
18	49
0	0
0	0
0	0
0	0
0	21
0	2
0	2
0	2
15	24
0	0
0	2292
4	237
46	1187
12	2107
22	250
0	386
45	39
0	2137
23	2284
0	2456
0	1
0	1
0	0
0	1
0	0
0	0
0	1
0	0
0	1
0	1
0	0
0	0
108	236
8	106
0	344
0	356
9	106
0	161
5	165
4	193
1	123
7	173
4	104
1	6
0	76
0	64
4	71
33	21
0	51
3	15
7	3
3	206
0	293
0	0
0	0
2	1399
0	1097
134	1133
375	1017
0	288
1	326
10	1176
8	136
24	7
1	90
14	193
1	226
1806	209
14	209
0	0
0	0
0	0
0	0
0	0
36	501
3	507
0	510
48	0
2	510
0	507
15	8
29	337
6	501
0	0
0	0
0	0
40	334
10	274
1	140
1	84
0	5
2	55
24	208
0	4
0	7
17	283
106	283
13	76
2	13
326	2191
41	731
2	486
2	1516
52	5
3	1021
22	2049
0	2049
39	385
4	681
0	552
0	807
0	0
0	146
0	428
0	64
0	99
0	463
0	254
0	144
0	1
0	195
0	502
0	464
0	496
0	521
16	527
0	521
0	472
0	35
0	23
0	8
2	1
76	219
1	48
191	447
17	437
5	234
10	137
12	4
0	4
0	16
1	1
8	1
5	2070
25	820
53	1317
12	1507
3397	5118
36	307
17	520
6	70
38	2389
0	0
0	0
161	2428
17	15
8	1412
2	2422
12	38
49	2413
156	47
0	33
19	1233
2	978
26	380
0	1232
7	154
0	270
1	71
0	8
4	1
0	783
0	783
0	13
0	15
0	545
0	546
5	14
9	79
41	247
6	541
1820	347
0	132
2	184
0	171
0	0
0	238
1	1
5	9
0	0
0	1
39	102
1	46
6	9
0	1
1912	1386
3	343
19	656
191	562
5	89
13	156
61	422
11	147
10	0
1	56
0	54
15	227
0	12
0	43
72	655
0	0
2	0
0	0
0	0
0	0
3	1
0	0
0	8
0	8
0	0
0	15
0	35
0	41
0	0
30	37
0	0
0	0
0	0
0	41
0	2
0	2
0	41
0	0
0	0
2	1
1	0
1	0
0	1
6	0
1	1
8	42
8	10
0	5
0	1
0	0
0	1571
0	1692
0	968
0	47
0	1
11	249
0	4
0	6
0	6
0	17
0	2
0	0
0	6
0	6
0	1
0	1
3	1
0	0
0	0
0	0
0	0
0	6149
0	8510
0	11604
0	3974
0	3014
0	7123
0	888
0	65
0	653
0	233
1058	264
0	101
7	122
0	107
0	376
5	804
15	543
310	4597
25	2637
35	771
1	445
22	4315
17	246
2	3
0	3
1	3
9	11
0	0
0	0
0	0
0	0
0	0
0	0
0	0
0	0
0	48
0	48
2	44
0	45
1	49
0	49
0	47
0	45
0	45
0	45
0	45
0	49
2	45
0	45
0	44
0	45
0	44
0	49
0	45
772	18
0	2940
0	1326
0	1631
0	2790
0	1401
0	2573
0	2668
0	1375
0	1622
0	2301
67	1587
31	1502
20	1646
13	1592
6	223
0	6
0	387
0	6
0	329
2	88
0	1523
0	1700
0	11
0	11
0	11
0	6
0	5
0	5
0	0
0	0
0	0
0	0
5	2
0	13
0	13
0	0
0	0
0	0
0	0
0	0
0	0
35	72
0	2
0	0
0	0
0	0
0	0
0	0
0	0
0	0
0	0
0	0
0	0
0	44
0	44
16	0
0	0
0	0
0	0
0	0
0	0
0	0
0	11
0	11
0	0
0	5
0	2
0	0
0	0
1	0
0	0
0	5
2841	90
1084	570
68	573
0	25
0	16
0	0
0	0
894	7227
73	1876
17	5539
64	2281
13	162
1	46
30	314
7	149
0	164
59	265
3	1
0	22
0	98
0	31
0	63
0	0
0	0
0	1
0	94
1	0
35	60
0	62
1	18
9	1
3	0
0	0
0	14
0	1
0	0
1	8
0	279
0	2017
0	946
11	2105
0	1631
12	1558
15	935
4	1108
72	385
0	1032
2	795
0	87
36	803
2	1087
13	787
3	50
23	515
0	454
79	3
1	351
1	124
0	276
144	372
0	147
0	252
6	959
53	2449
18	166
0	430
0	669
3	199
59	115
6	202
0	324
79	129
48	526
3	370
24	94
3	452
0	197
24	69
0	110
0	70
1	35
395	64
13	15
0	38
7	12
0	0
0	0
0	0
0	50
0	33
0	36
915	171
13	105
82	66
504	0
3	0
311	850
28	59
15	105
38	757
28	11
1	83
490	233
11	123
37	5
10	6
2	206
0	43
0	35
0	52
0	103
0	1
0	65
0	90
0	95
0	29
0	764
0	235
0	953
0	59
0	0
0	36
0	66
0	63
0	114
0	45
0	0
0	209
0	9
0	982
4	2022
3	140
0	1260
2	148
16	16
0	2083
149	382
0	413
4	341
0	331
3	37
5	68
3	97
3	84
1	87
61	1847
19	473
6	148
1796	1861
0	81
6	25
12	3
0	431
832	2940
12	2716
52	2567
25	2499
0	1
26	685
4	217
4	267
1	173
2	328
55	49
0	48
0	1
0	0
13	3
0	0
0	0
0	0
0	0
29	889
0	112
2	1056
5	857
1	69
11	28
0	11
315	977
1	542
2	0
10	6
125	975
0	880
0	237
0	585
0	4974
0	4788
0	5210
0	45
0	661
0	101
0	654
0	2429
0	217
0	276
0	313
0	307
0	198
0	1939
0	150
0	129
0	608
0	212
0	610
0	417
0	586
0	874
0	34
0	232
0	33
0	288
0	91
0	29
0	255
0	3684
0	4916
908	1289
0	187
33	326
37	37
4	34
12	5
14	29
20	20
66	318
45	571
51	17
3	2
3	20
0	11
0	0
0	0
0	7
0	13
0	0
0	7
1	11
0	12
0	16
0	17
1	0
0	0
0	0
0	14
0	14
0	11
0	7
0	3
0	3
0	14
0	56
0	44
0	3
0	6
0	7
0	0
0	4
0	8
0	6
0	1
0	3
0	2
0	0
0	0
0	15
0	5
0	7
0	4
0	5
40	33
0	29
0	22
0	23
0	24
0	22
0	22
0	23
1	3
0	5
61	982
3	1508
0	997
10	1420
4	1409
9	1071
1	91
2	145
0	413
3	168
0	250
0	74
6	64
25	28
0	39
1	42
8	49
0	89
23	86
0	55
0	88
0	37
1	41
7	1526
0	25
0	0
0	0
0	0
0	0
0	25
705	65
28	2078
21	1259
4	3010
0	2163
86	486
37	116
608	3277
75	1554
0	2612
0	2598
0	351
8	2378
2	1678
3	2271
0	2662
0	2668
3	93
0	119
4	85
1	107
0	109
0	111
0	72
0	87
0	64
6	15
1	6
1	1
3	0
2	1
18	4
0	1
0	16
0	15
0	8
0	0
0	0
0	42
0	0
0	1
0	0
0	41
0	0
0	42
0	41
0	239
0	20
0	25
0	146
0	54
641	5506
3	227
0	5089
0	5514
0	5574
4	181
8	144
0	480
4	236
0	473
4	25
31	5275
308	2711
0	2466
70	7
50	307
0	180
21	240
4	100
0	1254
0	37
0	29
0	40
7	129
0	1
0	2
0	3
0	29
0	32
0	0
344	231
3	53
0	179
4	0
0	9
3	9
0	2
465	288
8	1
4	94
10	128
47	155
16	0
23	319
5	378
10	339
14	331
0	339
7	17
0	3
1	1
0	351
0	374
233	1184
48	270
31	729
11	406
0	528
0	728
4	519
11	628
2	217
47	17
0	4682
4	26
1	26
0	1
0	21
5	0
0	23
3	0
8	14
4	4
0	4
1	0
1	10
2	12
0	0
0	3
0	1
0	60
0	35
24	148
0	144
1	43
0	94
5	27
2	13
0	0
13	261
0	805
0	851
40	839
0	122
21	12
78	52
19	852
23	847
7	797
0	212
0	183
0	116
1	11
0	33
0	33
1	2
4	86
0	36
3	155
4	159
190	430
4	333
0	26
0	15
12	8
2	0
0	7
0	7
8	6
201	441
2	357
18	422
2	6
53	408
19	112
3	10
1	10
3	395
0	116
2	147
0	147
4	77
4	53
1	10
0	38
4	381
53	12
1	4
0	2
47	368
9	209
1	73
0	4
0	228
0	51
8	0
1	78
0	1
1	14
26	2
2	18
5	1944
0	1944
0	0
4	0
9	28
1	39
49	667
34	708
45	1832
3	386
38	159
8	254
2	698
42	1887
23	511
103	1412
69	1123
0	1944
596	0
0	0
0	0
0	0
0	0
0	0
0	0
0	0
0	0
0	0
0	0
0	0
0	0
0	0
0	0
0	0
0	0
0	0
12	240
0	87
6	0
2	73
2	0
0	211
0	223
0	104
0	29
0	1
0	0
0	0
0	0
0	1707
0	1696
0	98
0	681
0	528
0	520
0	0
0	0
0	0
0	0
0	0
8	46
3	48
0	45
0	20
5	3
0	0
0	2
0	0
5	218
3	207
0	4
8	49
24	26
0	2
0	401
0	161
0	13
0	10
3	11
0	10
0	1
0	0
14	4
0	1
0	1
3	9
86	4713
0	4869
0	384
7	101
27	3141
35	386
29	441
636	575
38	525
18	255
75	158
40	80
1	15
1	163
83	23
0	20
3	6
0	38
5	84
3	84
62	257
0	24
1	28
0	3244
0	3246
0	895
44	507
46	750
0	1442
0	108
4	1322
14	1258
0	1820
0	1355
0	1603
0	230
0	293
0	56
0	43
0	117
0	37
0	461
0	285
0	24
0	31
0	16
0	0
0	4
17	19
23	32
1	52
1	0
0	908
1	10
31	75
1	66
0	52
0	355
0	384
0	28
18	84
0	199
1	48
0	18
0	12
3	20
4	50
13	270
9	561
2	476
0	347
5	47
4	22
4	0
0	956
14	591
162	270
0	256
0	40
13	251
46	205
0	38
0	10
10	19
6	10
13	0
89	2767
0	186
0	2498
9	2342
1	1990
2	122
4	122
112	40
30	24
12	1011
5	562
6	872
12	29
3	403
0	310
3	270
1	281
6	268
5	130
0	123
0	8
95	102
80	80
11	17
19	39
0	3
1	2
0	22
0	22
0	9
9	2
0	0
0	0
0	0
14	787
0	600
10	799
164	809
39	1052
9	1000
0	1027
146	965
2	637
0	221
8	60
0	3
0	5
6	1708
0	952
0	126
0	1715
166	3282
34	4
59	21
37	25
6	4
140	150
8	68
0	3282
124	2634
2	322
31	2579
2	2532
7	280
0	1361
52	1967
4	589
44	61
0	31
0	16
0	1643
28	909
26	81
33	365
0	750
24	296
46	331
3	245
8	39
7	192
1	33
0	137
0	0
0	4373
1498	224
0	27
48	1
2	120
2	2280
17	430
15	1767
0	492
5	1967
0	2270
34	1
0	202
3	712
13	2087
4	199
0	19
6	0
50	36
18	49
29	22
0	2365
0	2070
0	492
1	713
0	726
0	0
0	0
35	0
0	2726
19	1577
65	3086
35	1612
56	5753
745	9161
35	74
61	348
63	2765
21	1834
232	3966
20	6845
4	84
0	8536
113	3031
32	1431
0	0
1	12
28	125
1	15
76	37
16	43
6	64
81	1050
12	941
240	532
6	34
0	982
0	980
0	986
0	0
0	0
0	0
0	0
0	0
0	0
0	0
0	0
0	0
0	0
0	0
0	0
0	0
0	0
178	250
0	195
5	8
10	131
1	88
5	0
0	22
0	0
0	22
0	0
15	24
3	1
0	0
0	1
0	0
255	1511
1255	1721
98	135
11	129
3	231
27	205
3	218
8	9
5	14
7	322
0	143
1	72
0	260
1	30
23	108
0	145
1	618
1	109
0	477
1	561
74	73
0	46
0	206
1	314
0	536
0	19
1	0
4	5
0	152
3	394
65	128
6	15
0	244
0	38
8	31
2	178
4	65
17	12
0	0
0	0
0	0
0	0
0	0
0	0
0	0
0	0
0	0
0	0
0	0
0	0
0	0
0	0
0	0
0	0
0	0
3	38
20	3
0	38
23	248
1	241
5	9
4	104
9	181
0	107
0	7
2	14
4	0
14	119
0	1
2	3
0	274
91	0
0	27
0	0
0	0
0	0
0	27
195	262
0	94
0	5
2	1
0	163
1	140
0	140
0	105
6	25
21	60
0	19
0	12
0	0
426	121
4	96
8	6
41	3
0	0
0	0
0	0
29	1352
0	212
11	239
16	99
0	127
0	1039
0	1283
0	13
12	414
0	0
0	35
0	347
0	421
0	105
0	25
0	53
0	173
0	3
1	167
0	165
0	52
0	3
3	0
7	3
333	2107
1	1041
3	1700
33	75
137	1017
9	3
1	142
10	1
0	118
0	1052
0	9
6	236
2	422
9	433
6	213
0	280
27	314
7	184
5	0
7	1
0	883
5	126
62	906
46	58
0	153
11	13
15	125
4	2
9	7
1	47
0	45
6	576
2	753
113	1552
2	40
0	11
0	70
0	67
2	0
0	151
3	47
5	27
1	6
36	2
0	20
3	16
2	16
2	15
0	96
0	52
0	4
7	8
0	36
1	28
15	10
1	17
0	3
0	2
2	6
0	5
0	1
0	5
0	0
0	0
0	96
0	96
0	95
0	96
29	2957
3	2522
25	601
11	444
177	2514
6	12
0	75
0	0
0	0
0	0
0	25
0	0
0	0
0	0
0	0
0	25
1005	1017
1	335
5	164
2	30
12	90
1	0
1	92
68	117
0	4
1	75
51	53
0	1
13	29
2	3
11	1445
266	736
6	911
0	179
17	15
16	1
3	37
3	1399
17	1480
0	0
0	0
0	0
0	0
0	0
6	0
57	99
1	99
3	3
0	3
0	3
1	0
8	264
0	189
599	409
71	98
14	69
1	241
12	50
18	225
1	71
2	12
1	123
103	1084
0	1079
22	816
6	2
1	116
0	96
0	22
7	6
2	21
8	6
0	11
0	39
5	82
4	179
2	49
122	132
0	57
0	10
0	10
45	112
2	2
0	0
0	2
254	191
1	184
22	0
0	0
9	0
2	71
0	65
2	0
2	0
0	63
0	6
0	29
15	40
8	11
0	0
36	4
19	15
0	95
0	0
0	0
0	0
0	0
25	128
0	47
0	0
0	0
2	135
0	878
0	266
16	4125
54	728
0	600
0	222
0	322
0	244
36	3654
2	193
0	735
343	3522
0	72
1	3541
11	163
0	3237
0	67
0	244
451	166
10	5
10	129
5	10
13	32
97	151
0	151
0	38
5	878
112	1105
5	238
3	304
0	342
0	315
0	500
1	394
1	354
5	127
2	363
1	13
0	939
0	0
0	0
1	1
0	0
7	961
1	79
4	99
3	63
0	924
62	1140
11	19
12	1093
11	887
0	294
3	103
22	125
13	460
0	317
27	25
22	21
1	13
0	0
0	0
0	1
1	13
5	41
1	41
311	0
66	68
33	72
1	5
29	1100
6	945
7	590
1	936
0	934
14	944
30	0
6	225
0	304
18	7
150	444
1	37
3	17
6	1
3	1
0	3
2	413
0	0
0	0
0	0
0	0
0	25
0	0
0	0
0	0
0	0
0	0
0	0
0	0
265	1013
45	27
21	999
2	0
3	60
2	3
1	263
0	371
5	299
0	364
1	51
3	6
0	51
1	49
3	26
4	23
2	32
0	46
0	22
4	69
0	0
0	0
4	0
0	0
51	1531
101	1459
5	1526
4	805
3	200
0	233
1	84
0	78
1	78
0	75
12	76
0	58
7	11
0	14
6	18
2	20
6	18
3	11
1	9
0	4
8	11
0	9
73	10
0	6
0	1556
0	0
0	0
0	0
0	0
0	0
0	0
0	0
1	500
1	1
12	669
4	37
0	571
0	36
94	54
1	9
35	34
3	4
1363	0
0	30
0	124
0	124
0	11
0	26
0	49
0	162
0	25
0	43
0	24
0	16
2	2
15	179
62	14
5	0
54	1468
49	1947
8	510
20	112
3	276
2	40
1	18
57	32
24	226
3	210
24	474
44	533
0	0
0	0
0	0
0	0
3	0
0	0
2	1187
839	1411
11	433
0	0
0	0
0	0
0	11
0	0
0	0
0	0
0	0
0	10
0	0
4	59
3	32
2	52
0	25
0	4
3	75
0	64
0	67
13	436
0	435
4	164
1	47
0	439
0	444
17	0
0	8
0	3
0	126
0	123
0	31
0	0
0	1
0	0
0	1
0	1
0	1
1977	0
1	248
6	14
4	205
4	12
4	15
0	39
2	248
1	70
49	301
1	299
0	25
0	15
1	7
51	2
10	74
2	9
0	1
0	67
1	9
0	43
0	11
0	5
17	64
0	0
0	62
1	0
1	2
2	0
1	64
0	44
120	11372
22	191
0	6424
2	242
3	673
3	892
63	9261
46	6314
23	5774
1	333
30	1
0	164
0	605
18	7096
9	190
17	468
60	92
0	0
0	0
9	1895
0	1593
17	37
5	9
4	90
4	6
1	150
5	32
0	264
0	211
0	141
0	165
0	73
0	161
0	190
13	50
4	9
3	14
2	11
10	1930
7	43
28	8
0	44
26	381
0	110
34	180
0	78
12	10
8	95
28	84
0	138
11	105
14	109
0	13
0	13
0	0
0	0
0	0
0	0
0	0
0	0
0	7
0	7
0	0
0	0
0	0
0	0
20	24
23	300
13	168
21	129
0	194
1437	1031
71	71
57	945
26	643
24	875
1	0
0	0
0	2
4	2
1	34
0	0
0	2
0	30
0	0
0	13
0	0
263	198
0	85
18	22
2	92
0	2
0	0
0	0
0	2
0	634
7	672
36	672
14	1471
6	1399
4	116
3	926
0	1301
17	130
0	1404
4	1380
0	1287
4	1262
4	1264
9	341
40	185
0	819
0	842
0	859
2	745
5	569
13	360
3	369
16	526
81	11
20	15
838	1379
10	1386
1	1293
78	2435
21	2437
6	887
0	1081
1	0
0	0
0	0
0	0
0	0
0	0
0	0
2	0
0	0
0	2
0	2
0	2
0	2
0	0
0	0
0	0
0	0
0	0
0	0
0	0
0	0
0	0
0	0
0	0
0	0
0	0
0	0
0	0
0	0
9	1
0	0
0	6
5	9
0	0
0	0
0	2
0	0
0	2
0	2
0	0
0	0
0	0
0	0
0	229
0	229
0	193
25	62
2	230
57	739
16	432
8	355
65	189
0	167
0	83
11	13
1	0
0	0
22	1641
13	7
13	1324
9	188
11	4
5	301
39	105
0	1353
2	911
0	1046
1	588
16	978
11	917
6	52
5	85
4	12
18	6
1	108
0	106
57	233
15	226
11	118
10	124
2	124
13	1
1	0
0	0
0	0
0	0
0	1214
0	1000
0	128
0	23
1	86
1	5
38	1200
0	840
19	865
4	931
0	1212
2	1190
121	1161
13	403
23	58
1	532
0	23
81	57
0	164
3	66
6	56
4	176
0	384
3	28
4	8
36	108
0	267
47	28
23	38
1	34
8	29
10	5
0	14
9	13
16	48
44	84
43	79
2	55
1	140
4	50
5	27
4	77
1	374
32	376
9	8
18	170
17	16
0	118
1	30
5	172
7	17
174	195
23	95
8	7
35	234
5	98
38	48
94	5
0	0
0	2
0	1
0	1
0	1
0	0
0	14
0	0
0	155
1	197
20	1746
2	1873
5	1542
3	1928
53	186
29	320
4	70
0	14
0	365
2	282
245	754
6	43
0	1205
4	122
0	334
44	142
7	284
4	122
14	116
0	688
9	92
0	217
2	244
3	165
0	60
1	210
15	564
69	267
40	89
0	64
0	343
50	73
8	301
0	228
4	273
2	152
6	125
0	200
10	27
56	75
0	364
0	0
0	0
0	0
0	0
17	25
0	2
0	0
115	607
0	0
0	100
0	84
2	10
0	0
0	10
0	10
0	10
0	2
0	2
7	13
0	3
0	6
18	15
0	0
0	2
0	0
0	0
1	2
1	0
0	0
0	0
4	10
1	11
0	0
402	17755
4	11141
189	16387
0	2435
3	786
0	512
1	3448
21	1816
26	341
21	3631
0	3048
303	4068
195	13484
707	2994
22	14966
0	0
0	0
33	128
18	408
54	349
3	350
6	10
2	60
6	14
0	10
8	53
5	5
0	0
6	1
1	0
1	5
306	1751
152	1538
0	1470
0	565
3	667
7	279
28	298
54	143
2	68
0	139
3	37
0	6
0	8
0	0
0	0
0	0
14	157
105	161
6	33
0	0
1	43
13	1443
235	1670
0	170
14	71
66	163
4	437
0	964
1	355
17	385
0	209
23	192
28	924
1075	1014
0	894
14	632
0	180
0	4
0	462
3	29
1	485
0	230
3	12
0	5
0	19
1	1
0	210
1	0
0	33
9	262
1	249
3	0
0	22
0	1
0	1
0	459
0	224
3	260
0	19
6	60
0	49
0	32
0	456
0	17
1	446
0	219
5	9
1	445
0	0
0	0
0	0
0	0
0	0
0	0
0	0
0	0
0	0
0	0
0	0
0	0
0	0
0	0
0	0
0	0
0	0
0	0
0	0
0	0
0	0
0	0
0	0
0	0
0	0
0	0
0	0
0	0
0	0
3	606
5	773
6	656
0	16
0	765
2	676
101	790
28	576
26	43
5	123
3	201
29	383
11	97
0	236
15	38
0	318
8	275
14	361
0	146
0	146
0	0
0	0
0	0
0	0
0	0
0	0
0	0
0	0
34	329
267	782
32	778
2	37
0	211
0	0
0	1
0	1
0	0
0	0
0	0
0	0
12	4619
13	3248
790	5597
21	6
3	736
6	1787
21	586
0	525
87	1440
20	152
40	10
13	59
31	1321
9570	0
19	2
0	1108
0	24
61	1135
0	201
0	2
0	60
0	65
2	1184
24	1147
1	3
0	2
0	2
0	2
0	0
0	0
0	2
0	2
0	0
0	0
0	0
0	10
0	2
0	0
0	2
47	0
0	0
0	0
0	0
3	452
0	441
1	38
36	7
6	35
1	120
13	47
42	5
0	30
30	17
8	3
4	55
0	25
0	52
8	48
8	16
0	21
2	51
0	5
6	2
0	10
0	15
0	5
2	7
0	13
3	13
8	0
0	440
0	142
25	114
0	136
0	38
0	132
1	55
0	7
0	1
0	0
0	0
24	108
1	50
39	261
18	1169
90	1168
12	264
11	31
0	19
0	2
0	0
0	3
0	1
0	3
0	6
0	0
91	146
0	105
11	112
0	33
6	12
2	38
11	827
3	357
0	799
0	38
37	59
0	287
0	188
0	315
0	706
0	734
8	328
0	1
1	0
3	0
5	6
0	53
0	93
0	276
0	783
10	3
0	0
0	0
0	0
1	0
0	22
7	24
0	0
0	0
34	0
15	1204
6	574
26	1058
2	907
2	15
4	50
3	0
29	470
9	1
1	279
0	34
0	1
0	2
0	1
0	1
0	1
0	1
0	0
0	0
0	1
284	771
3	239
2	204
0	136
3	150
7	98
0	0
0	8
0	0
0	9
0	13
0	13
0	13
23	7
0	0
0	13
14	7
0	1
0	0
0	0
0	3892
0	4448
0	1165
0	1204
0	391
0	2871
0	373
89	24
7	23
14	1
0	8
0	113
4	50
270	142
0	12
5	118
0	4
0	7
3	19
0	4
0	99
433	33
2157	0
0	0
0	65
159	70
0	2
17	25
1	0
0	8
206	28
17	219
0	204
0	204
3	223
2548	156
10	156
26	31
0	28
6	5
0	138
0	138
0	138
0	0
0	0
0	0
28	3
0	0
0	0
3	6
1637	2981
36	951
76	1895
3	198
56	0
4	990
7	1257
20	1408
126	7
0	579
126	543
15	436
15	212
131	149
0	149
0	142
1	567
84	0
0	0
0	0
0	1081
0	38
0	68
0	81
0	4
0	58
0	30
0	145
0	71
0	5679
0	12378
0	5537
0	212
0	1884
0	279
0	82
0	4177
0	1036
0	125
0	3474
9	634
0	927
166	892
0	712
1	4
0	28
10	82
13	675
0	144
10	366
155	12
72	62
7	30
24	36
0	358
1	423
6	370
3	0
0	83
0	53
0	28
14	22
1	58
2	164
3	27
0	68
14	39
260	85
24	321
5433	0
5	646
94	646
1	45
0	367
0	67
17	320
2	75
0	8
0	5
14	10
0	75
0	0
1929	103
2	103
0	2733
85	5453
22	2614
37	2563
13	3250
13	3395
9	1436
4	0
0	257
2	75
0	8
0	232
1	150
1	21
2	246
0	241
0	150
0	45
1	22
0	5
0	17
0	6
0	147
0	28
54	1893
0	1481
6	1669
0	1123
3	238
1	168
0	25
1	99
2	126
26	2
15	32
3	33
5	511
74	366
2	143
1	151
2	151
42	255
16	415
0	335
0	335
0	275
0	44
0	0
32	2
0	0
3	43
3	2222
5	1461
3	21
18	1369
0	1137
1	1211
8	107
0	187
0	133
6	72
0	1974
204	3428
30	3428
19	1545
37	58
8	502
0	0
1	0
0	40
0	39
0	39
5	26
0	0
0	1
63	1670
0	1660
2	316
1	156
0	1486
14	25
0	50
1	6
1	0
6	28
2	126
0	107
0	75
1	5
0	4
1	2
0	0
1	1
0	1
0	4
0	0
0	0
7	214
0	298
0	950
0	456
0	797
0	27
0	808
1	529
0	731
0	578
0	363
0	480
0	451
0	624
0	604
0	568
0	449
0	318
0	498
11	31
0	375
0	655
0	711
0	495
0	309
0	467
0	201
0	43
0	182
332	745
1	160
0	236
3	217
6	221
0	0
0	0
0	0
0	0
0	0
0	0
0	0
0	0
0	0
114	4
0	2
15	3
0	0
0	0
13	0
0	0
0	0
0	0
0	0
0	0
0	0
0	0
0	0
0	0
0	0
0	2
0	2
0	9
0	2
5	9
4	2
0	2
284	111
0	22
9	31
0	10
0	1
0	3
31	35
2	162
0	39
30	157
3	90
0	36
0	39
10	91
0	170
0	102
0	57
0	15
0	22
0	81
0	19
0	12
0	8
0	24
0	12
0	1
16	0
3	23
2	28
0	22
0	24
0	22
3	19
0	25
0	22
0	21
1	16
2	18
4	18
0	17
1	17
0	0
0	3
0	2
0	1
0	2
0	3
0	0
1	0
0	0
0	0
0	0
0	0
0	0
0	0
0	0
0	0
0	0
0	0
0	0
0	3
0	0
1533	5689
59	5533
0	4343
1	5226
7	3949
7	586
4	682
12	1174
22	9
0	20
0	748
0	739
0	882
0	237
0	44
1	8
0	1
2	2
0	0
2	0
0	262
0	283
0	275
0	300
0	12
0	18
2	266
1	32
0	9
0	0
0	2
2	255
0	30
1	38
1	137
2	0
0	52
0	2
0	4
0	21
4	13
9	54
4	77
0	387
0	273
0	313
0	65
14	12
0	404
0	238
0	0
0	0
0	0
0	0
0	0
0	0
0	0
0	0
0	0
1322	38
154	67
0	24
12	22
3	19
0	8
8	469
4	415
0	386
0	15
0	1
4	117
0	1
4	422
241	1313
11	1108
34	659
26	198
14	7
0	2
0	2
0	2
0	2
2	15
0	2
0	2
0	2
0	2
0	2
0	2
0	2
0	2
0	0
0	0
0	0
0	0
0	0
0	2
0	0
0	0
0	0
24	5
0	0
0	0
0	0
0	0
0	0
0	0
0	0
0	0
0	0
0	0
0	0
0	0
0	3
0	0
0	0
0	0
0	2
0	0
0	0
0	0
0	0
0	0
0	0
0	0
0	0
0	0
0	0
0	0
0	0
0	0
0	0
0	0
0	0
0	0
0	0
0	0
0	0
0	0
0	0
0	0
0	0
0	0
0	1
0	0
0	0
0	0
0	0
0	0
0	0
0	0
0	0
0	0
0	0
0	0
0	0
0	0
0	2
0	0
0	11
0	0
0	0
0	9
0	0
1	18
0	9
0	11
0	2
18	1193
17	1184
0	266
0	213
0	193
0	63
2	39
1	3
3	9
25	81
2	162
0	186
0	2
6	30
2	15
0	28
1	31
5	0
376	0
0	0
0	0
9	15
0	0
0	0
0	0
90	108
0	6
610	591
19	391
12	300
0	0
0	0
0	0
0	0
33	64
0	0
1	0
0	0
6	6
0	1
0	1
0	1
0	0
10	57
0	34
0	0
0	0
0	0
0	0
0	0
0	0
0	28
0	10
0	15
0	28
0	3
0	0
0	4
0	26
0	28
417	2210
202	2422
7	2190
39	517
2	246
88	55
0	349
18	63
5	5
80	837
0	1
0	1
0	1
0	0
0	0
0	0
0	0
0	0
0	0
0	0
3	0
0	0
9	642
1	114
10	1299
2278	1864
3	585
1	210
1	102
16	1538
2	254
0	0
0	0
0	0
0	0
20	7
0	7
0	6019
0	5013
0	4694
0	4704
0	4704
3	1
0	0
0	0
0	1
0	12
1	0
0	0
0	0
0	0
0	0
0	0
101	277
0	195
0	171
0	202
1	181
2	184
0	190
0	39
7	19
0	2
2	0
0	171
0	0
0	0
1	0
0	0
0	0
0	0
4	0
10	23
6	0
0	0
0	0
0	0
4	139
0	96
65	634
11	96
0	61
0	13
0	40
27	619
1	588
0	24
3	114
8	16
1	19
21	414
0	588
5	96
0	134
3	557
6	137
2	68
0	67
3	20
1909	104
21	104
0	0
0	0
861	243
0	162
4	123
38	609
15	571
28	30
10	8
4	558
5	265
168	0
248	254
0	1
47	3
0	0
3	18
0	1
12286	9067
26	8
40	946
0	9138
16	481
4	481
0	8
0	6
10	49
0	82
0	45
0	31
1	80
0	60
1	466
0	467
6	1
1	5
2	2
0	11
0	467
18	59
14	168
31	168
61	522
27	95
15	203
0	522
0	76
0	249
0	287
0	327
0	313
0	302
0	360
0	166
0	358
0	385
0	138
0	32
0	164
0	128
0	0
0	0
1	2
0	0
0	2
0	0
0	0
0	0
0	0
0	0
6	8
0	1
0	1
0	1
0	0
1	12
0	0
0	0
0	0
0	0
0	1
0	2
3366	0
68	566
1	504
12	143
19	162
16	77
22	161
0	0
19	861
7	805
292	932
23	32
0	96
51	1574
5	31
1	1576
14	5
2	20
0	0
1	0
0	7
1	3
0	7
0	20
4	82
0	69
1	23
7	20
0	8
0	2
0	17
2	14
1	19
0	3
0	60
3	427
35	430
14	174
0	1
7	10
7	148
0	12
0	12
0	9
0	0
0	0
0	0
0	0
0	0
0	0
1254	1513
0	793
0	396
12	965
0	755
8	220
8	704
7	367
0	326
6	119
19	242
6	0
1	144
65	515
4	356
58	194
119	468
4	149
3	12
4	84
12	16
0	46
65	1002
2	374
0	746
0	5
0	223
0	574
0	24
0	575
0	0
0	10
0	9
0	5
0	50
2	2
0	344
1	0
0	76
1	58
0	986
582	12
3	0
289	2451
11	1337
4973	2851
29	0
139	218
0	137
0	32
10	121
1	105
0	7
0	150
47	129
3	61
3	66
0	7
9	28
9	7
568	16
79	39
1	40
151	30
47	2399
0	1530
0	6
1	6
0	0
0	0
31	2770
1	567
19	20
12	60
94	525
0	11
92	1924
0	2819
1	1359
2	0
0	14
4	0
3	7
1	130
3	12
7	721
2	8
3	282
9	0
1	84
7	21
6	10
0	43
3	2431
33	780
32	559
0	187
0	50
0	215
0	52
3	98
0	76
1	96
1	15
0	168
93	49
0	0
0	3
0	0
0	0
0	24
0	0
0	0
0	0
0	0
0	0
0	0
0	0
0	0
0	0
0	0
0	0
0	0
0	0
0	1
0	1
0	0
0	4
0	3
0	0
0	0
0	0
0	7
1	9
0	1
0	0
0	7
1	0
0	10
0	8
2687	0
23189	5214
17	48
60	4958
159	51
0	2
578	769
1	743
3	40
2	120
9	22
2	3
21	1
2	116
13	14
1	5
0	6
0	6
0	6
0	6
0	4
0	4
0	3
0	4
0	0
0	1
0	1
0	0
0	0
0	4
597	354
0	327
3	0
1	165
0	174
12	47
0	32
0	10
9	14
7	7
6	1
20	5
13	3
12	1
17	479
0	160
0	78
1500	582
96	143
0	217
0	60
0	85
0	0
0	0
0	1
0	0
0	1
0	0
0	0
0	0
0	0
0	1
0	0
0	2
0	2
0	3
6	149
0	0
0	15
0	4
0	14
0	2
0	2
0	149
0	1
0	0
0	2
0	0
3	127
0	0
0	0
0	2
0	0
0	3
0	2
0	2
0	2
12	17
0	149
0	2
0	23
0	0
0	0
0	0
1	3
0	5
0	24
0	25
0	125
0	126
0	151
0	0
6	2
0	2
1	3
0	2
0	5
0	15
1	104
0	28
0	18
0	4
0	7
13	4
31	4
0	105
30	105
0	149
0	908
0	4326
0	2938
0	2638
0	3293
0	58
13	97
0	49
2	21
4	0
0	0
1	3
0	3
0	2
89	4845
4	436
36	5969
77	6706
6	2622
2	5333
2	265
17	6
12	2440
0	4037
10	5282
12	5319
36	5831
5	5909
11	6548
3	1054
5	1708
3	1199
8	361
113	27
2	3031
88	1303
0	635
1	0
0	0
0	0
0	0
0	0
0	0
41	1188
150	747
59	1014
15	921
2	2
4	10080
210	12701
23	10138
8	10521
18	6526
7	5
11	439
7	11
2	386
0	100
27	5059
21	4451
0	5213
0	332
0	304
90	4722
9	335
0	347
0	62
12	364
0	8
1	198
0	403
0	120
0	11
0	2140
0	2250
7	1963
0	114
4	344
1	137
0	41
0	38
0	38
0	38
0	38
0	38
0	39
0	38
0	0
8	841
13	708
25	806
6	80
9	240
0	95
49	94
3	94
28	161
34	46
20	6
154	5
51	105
0	0
74	2
0	834
0	619
0	174
0	90
0	85
0	5
4518	0
31	91
0	11
20	360
1	86
8	318
28	439
3	12
0	7
0	22
1	1
400	289
97	289
13	8
0	1731
653	10158
40	7183
3	3398
2	4904
8	1607
381	2126
43	2648
2	2613
3	274
8	12
23	736
4	20
26	39
11	37
97	1235
26	5
8	0
5	23
2	130
85	488
0	2608
403	241
23	284
3	24
0	10
0	182
0	181
0	131
0	7
14	95
28	166
1	20
0	16
1	13
0	190
0	175
0	105
1	87
0	71
88	110
31	30
0	7
1	6
3	5
1	8
17	4
4	0
0	0
3	92
1	2289
0	1922
0	1406
28	1504
0	1948
0	1824
0	1800
0	1561
0	1415
0	1421
0	1138
0	1221
20	1848
0	1320
3	1370
0	1369
0	1721
0	1367
0	1022
17	1949
0	1756
1	1400
0	1706
0	1231
0	1155
0	1315
0	1322
0	1503
0	1086
0	1126
0	805
0	1127
0	132
0	796
0	969
0	774
0	699
0	183
0	161
0	222
0	221
0	355
29	159
0	151
12	3
13	227
2	16
0	92
17	127
149	80
94	1
0	1
7	11
0	0
0	0
0	0
0	0
0	0
0	36
0	1
1	54
1	0
1	11
0	36
0	26
2	479
2	493
0	487
0	312
2	380
0	8
13	10
2	10
0	91
0	65
3	66
0	0
0	19
0	10
0	10
0	10
0	10
0	3
0	4
0	2
0	2
0	2
0	0
0	0
0	0
0	1
0	0
0	1
0	0
0	0
0	0
28	6
0	0
0	0
0	0
0	0
1	0
28	47
0	1
9	0
0	38
1	481
1	760
6	80
0	278
0	544
7	105
0	760
80	75
2	47
0	45
1	17
0	11
2	0
216	1765
2	1544
0	265
0	296
0	306
72	1022
49	117
22	214
1	0
0	372
0	464
0	501
11	57
0	187
0	196
6	54
9	14
10	102
4	14
4	3
1	2
3	60
0	120
0	30
1	34
66	36
11	45
2	22
1	51
12	48
7	39
0	10
4	31
6	3
4	5
12	28
0	485
0	511
0	498
0	445
492	0
0	1
0	1
79	149
986	630
13	524
16	248
21	55
0	4326
0	908
0	2938
0	2638
0	3293
1909	25
4	1
0	372
0	53
0	413
0	134
0	28
0	338
0	369
0	0
6	3
0	0
0	1
0	1
0	2
0	2
1	2
19	2
0	0
2	1
1	1
0	0
1	301
0	2
0	82
4	0
0	60
1	300
91	25
0	0
4	18
8	17
20	13
0	9
1	0
2511	0
0	11
0	0
0	0
0	0
0	0
29	1
37	4409
5	65
728	4528
78	1247
0	33
26	0
13	538
0	63
1	28
12	3
0	1
0	1
0	1
0	1
0	1
0	1
15	2
7	11
0	2
0	0
0	1
0	0
0	0
0	0
0	0
0	0
0	0
0	0
0	0
0	0
0	0
0	0
0	1
695	0
186	276
3	71
22	252
35	29
17	15
20	33
1	0
0	0
3	163
12	310
12	308
118	14
3	57
1	48
20	12
2	10
40	181
0	1
0	2
0	0
0	0
0	0
0	0
5	331
78	17
4	408
0	40
33	3
0	340
0	339
112	272
0	289
3	47
0	5
3	29
7	10
14	405
0	250
0	0
8	5
0	0
0	23
0	6
0	0
2	9
20	39
13	129
94	530
0	484
2	40
2	26
2	0
0	1924
0	1977
0	541
0	469
0	207
0	293
0	211
0	88
0	110
0	2
0	0
0	1732
0	1595
0	932
0	420
0	5993
0	1900
0	1227
0	2343
0	577
436	124
2	124
22	13
62	48
2	45
1150	4
9	1488
31	2511
3383	2511
18	19
35	14
207	1230
3	960
0	314
2	409
104	94
21	289
0	0
0	0
0	0
0	0
0	0
3	9
0	0
0	0
0	0
1	0
0	0
0	0
0	0
1	3832
2	4040
0	1151
80	1464
2	6
13	4
22	71
1	450
1	2497
0	10
1	4
21	6
7	9
0	5
0	3
0	3
0	3
6	1
5	3
488	3426
6	2291
0	2755
0	877
0	770
10	145
20	597
11	42
0	269
143	1055
0	86
0	33
303	2240
2	347
9	1844
10	1763
4	1676
3	0
6	1756
5	1372
58	14
3	1013
0	0
3	5418
0	3986
0	4747
0	4633
14	1988
0	4005
2	4608
0	4527
0	4608
3	5568
0	4712
0	3848
0	4375
0	4218
2	4276
0	3442
0	3528
5	5052
3	2633
0	2520
1	2507
0	2420
0	3218
0	4310
0	3672
0	3461
0	3640
0	3711
1	3202
0	3039
0	2687
0	3604
0	3808
1	3622
5	3523
0	3131
0	3081
4	2345
0	2348
0	1033
35	19
1	31
2	974
0	2
0	751
0	262
0	718
0	586
6	584
0	396
12	540
0	1725
0	929
0	898
0	533
0	495
0	804
0	1590
0	811
0	789
0	686
0	597
0	23
4	627
0	193
0	6
0	6
7	0
0	5418
0	5848
18	6885
718	6898
10	5539
0	0
0	0
0	0
0	0
0	74
1896	4890
39	315
24	1359
130	193
0	110
8	9
3	249
4	9
1	77
6	2
95	304
8	781
0	2431
6	32
6	13
36	2250
0	5
0	212
0	174
0	171
0	174
0	0
0	0
3	17
2	13
68	366
2	341
7	32
0	234
4	149
0	0
0	0
0	0
0	0
0	1703
0	1345
0	748
0	644
0	332
0	410
0	281
0	56
0	37
0	201
0	49
0	59
7	59
0	13
24	24
7	5
0	0
0	6
7	92
0	5
0	0
0	2
17252	16888
482	16685
66	384
2	1993
13	9112
46	1003
17	221
120	145
74	7
3	0
20	108
4	1
2	22
0	34
0	58
9	0
0	95
22	551
2	42
0	66
10	28
10	25
6	567
16	1462
4	1490
6	529
0	669
1	685
0	284
57	357
0	12
106	62
11	58
11	149
0	1523
0	1555
7	1487
27	21
0	21
0	19
30	0
5	0
0	0
506	425
0	316
4	344
0	264
6	58
8	12
8	7
7	1245
2	108
34	33
10	82
1	1298
28	1208
7	40
0	3
0	10
0	3
0	3
0	1
0	0
0	0
0	0
1	5
0	5
0	0
0	0
0	0
0	0
0	3
0	5
0	5
26	327
5	228
0	311
0	3653
0	2871
1	5596
19	2450
1	1671
0	3262
24	295
9	3276
24	710
11	3685
0	2048
7	6
1	833
157	206
0	3057
25	1117
0	25
0	7
0	7
0	0
0	7
0	0
0	0
8	1
1	1
22	0
2	0
2	0
0	21
169	445
5	56
0	307
7	84
18	204
6	16
2	277
0	145
21	0
0	5
137	1672
28	49
0	134
0	530
0	95
2	1581
1	225
1	180
1	137
31	346
4	50
2	224
5	428
0	418
0	380
0	353
1	314
2	9
14	41
0	96
3	26
177	78
75	61
7	1
0	406
1	0
0	48
8	34
9	31
5	34
0	25
0	19
102	27
0	898
0	866
0	871
0	662
0	157
0	79
0	2
0	45
0	46
15	599
41	601
416	5576
137	4461
1	203
0	107
0	32
9	52
7	4
3	90
4	92
6	21
28	1144
1	5
5	41
44	830
0	173
0	6
8	547
0	153
13	484
1	369
0	140
25	306
16	233
14	1
117	879
39	139
0	204
3	44
0	793
3	768
0	1490
20	1350
11	1343
0	1230
0	1314
1	21
2	494
3	500
4	257
0	7
0	10
0	3
0	25
0	1
0	0
0	1
0	1
0	1
0	0
0	1
0	1
0	0
0	3
0	4
0	2
0	0
0	0
0	0
0	8
1	12
0	27
0	0
0	0
0	4
0	8
0	0
0	2
1	673
2	236
4	108
413	1771
0	148
105	121
0	911
13	1288
0	1559
145	12
1	14
32	1385
17	35
1	1
0	1
36	27
220	172
0	1
0	1
0	0
0	0
0	0
0	0
0	0
0	0
0	0
0	0
0	0
0	0
0	15
0	0
335	0
0	1013
0	976
0	985
0	776
0	159
0	80
0	2
0	45
0	46
1	75
189	684
1	652
1	494
2	19
662	265
0	49
0	47
5	157
42	0
2	4
24	50
0	72
0	1
0	1
0	1
0	1
0	0
20	261
14	271
0	261
15	444
4	420
0	148
0	24
9	21
0	6
3	3
5	2
0	0
1007	198
13	198
8	79
4	53
33	92
2514	1657
14	486
1	209
6	625
18	313
11	181
504	96
1	130
4	41
2	215
71	173
3	165
0	137
1	87
1	11
1	43
2	80
0	20
3	1
0	64
1	76
1	37
5	33
3	1
10	9
1035	0
3	334
263	3238
1	2840
4	93
3	427
1	31
1	229
19	34
0	5
0	5
0	0
0	0
0	0
0	2
3	0
0	1
0	2
1	1
2	2
1	1
0	1
0	20
0	20
0	1
507	998
1	817
7	10
13	10
39	0
2	949
7	87
48	51
3	8
5	0
1	1
9	17
0	0
0	16
0	16
1	1
0	0
0	0
0	0
84	742
28	865
0	216
4	251
27	738
12	571
0	103
5	21
1	491
0	616
0	611
0	418
1	34
0	0
0	67
6	0
0	337
0	619
6	791
0	0
0	0
0	0
0	0
0	0
0	0
0	0
0	0
0	0
381	113
30	51
2	154
72	242
8	23
10	44
4	47
0	43
350	879
7	527
17	402
0	0
0	113
0	0
0	0
0	1
0	1
0	1
0	1
0	0
40	856
770	925
5	388
17	440
10	9
0	0
0	0
0	0
0	0
0	1
0	0
0	0
0	0
0	0
0	0
0	1
234	2182
23	1370
64	1310
5	150
1	95
12	10
0	2
0	72
0	72
0	55
0	72
0	85
0	0
0	0
0	0
381	1627
136	1639
1	130
7	109
2	265
17	23
1	0
0	0
0	0
0	0
0	0
0	0
0	0
0	0
0	0
1	739
12	1216
0	1228
84	104
4	27
0	233
2	1269
0	174
0	25
0	5396
0	5770
0	7
1696	12854
24	11301
6	6105
1	5561
5	312
48	4800
2	2066
7	820
1939	14571
231	13073
9	2339
77	866
66	3168
6	1940
0	1893
14	1669
17	1475
55	11
0	21
1	19
0	3
8	25
6	9
1	6
0	29
0	26
0	0
0	0
0	0
0	0
0	0
0	0
0	0
4	25
32	77
0	0
0	0
434	3
9	803
2	701
24	141
5	231
1	106
4	371
3	119
6	3347
80	2402
5	195
3	2916
0	4357
17	2454
2	2865
17	84
0	64
9	4970
5	2965
5	4178
41	4503
9	124
107	24
78	104
2	74
7	407
4	4
3	529
7	484
14	45
3	511
3	18
0	23
29	104
0	68
16	12
0	98
2	76
0	187
0	69
2	179
6	383
3	432
0	498
0	122
7	52
4	151
0	368
8	103
105	681
1	426
7	47
1	66
2	35
5	63
28	14
0	3830
0	2407
0	832
0	1619
0	1553
0	969
1	732
0	598
62	449
35	229
0	82
0	1970
0	2128
0	1896
0	1829
0	1888
0	104
7	2531
3359	3577
7	1861
0	2213
0	3178
4	2
0	2922
3	2930
0	2498
1	1113
183	59
10	12
1	892
7	5
0	0
0	0
6	1219
0	1499
2	694
0	1082
0	864
0	1133
0	1088
19	152
3	91
23	39
0	834
0	125
0	189
0	87
0	427
0	494
0	530
0	319
20	188
1	96
0	1614
0	0
0	0
0	0
0	0
0	0
1	3
0	0
0	0
0	0
49	34
1	0
0	0
1355	133
6	133
83	105
56	88
27	1817
36	1356
0	1803
230	1229
31	865
0	77
16	77
1	21
43	1
45	40
0	780
1	16
0	16
0	16
0	530
0	903
0	88
0	80
6	96
0	90
0	82
7	109
4	93
0	81
0	8
2	34
73	58
6	9
6	4
52	0
0	31
0	1
0	252
0	206
0	21
0	24
0	30
63	7
0	0
0	0
0	0
0	0
3	1
23	78
217	993
2	66
1	51
0	898
1	657
1	235
4	14
3	27
0	199
0	261
0	364
0	983
0	938
0	917
0	1045
40	1135
0	551
0	494
5	166
0	670
0	135
0	85
18	21
0	21
9	1964
62	1373
4	1357
19	276
11	1295
44	1193
6	149
364	148
20	136
0	14
5	6
2	9
0	20
0	17
0	2658
3	2291
2	1112
27	292
0	2106
2	2
3	2658
0	0
0	0
0	0
0	0
0	4742
0	4115
0	4032
0	686
1226	2486
0	3687
0	3554
38	561
101	4293
123	1410
1	944
4	754
13	1268
174	887
7	117
6	3687
11	166
13	46
1	150
3	144
3	28
1	90
0	16
1	9
28	734
0	74
11	511
11	8
1	30
37	615
0	678
13	5
1	56
57	63
0	3
53	20
0	448
3	725
0	207
21	585
10	183
27	0
22	499
31	9
0	0
17	0
0	0
7	4
0	0
0	0
0	0
0	0
0	0
0	0
20	1618
54	2650
22	1696
23	1789
175	2764
5	545
11	91
0	283
739	3313
3	3314
10	1
7	55
0	2
20	114
12	91
22	1792
0	2159
33	1958
2	2076
1	1873
6	2070
0	1883
0	90
0	29
0	0
0	1442
0	1441
0	703
0	1181
0	307
0	451
0	1426
2	46
21	45
4	5
1153	2983
0	2983
0	0
0	0
0	0
0	0
0	0
0	0
0	34
0	458
0	20
0	41
0	6
0	15
0	39
0	0
0	11
1	0
0	11
0	0
0	0
0	0
0	0
0	0
0	0
0	0
5	0
861	329
1	351
7	147
47	875
4	50
6	872
0	226
1	177
1	177
3	120
0	127
0	81
5	49
0	109
0	68
5	19
3	30
5	654
0	0
0	1
0	0
0	1
0	0
0	1
0	20
0	0
0	20
0	0
3269	0
5	1291
0	17
0	441
0	299
0	41
294	2032
0	1064
0	2096
19	1032
36	3767
161	3843
0	1946
0	791
0	1231
0	1199
0	475
0	29
0	142
0	154
1	116
0	104
2	125
1	1299
7	127
12	221
0	125
0	100
0	938
4	1705
11	107
5	107
69	1786
3	60
5	469
0	55
4	1637
0	879
2	290
20	179
13	103
7	41
0	144
5	1
3	132
5	159
0	114
0	27
0	4
0	83
0	7
1	9
7	38
0	9
0	1
200	482
20	501
31	291
6	239
51	463
99	745
0	362
4	744
25	35
6	1
18	484
0	28
28	0
3	428
3	0
12	3
0	60
0	394
0	318
22	25
7	490
0	8
0	2
55	8
0	3
0	7
3	16
2	14
0	16
19	743
11	231
13	163
16	106
141	1172
7	547
49	134
17	88
1	802
55	910
1	942
1	670
0	0
13	657
61	1147
3	228
8	951
0	964
9	664
3	522
13	759
1	627
18	730
134	444
1	28
6	75
0	96
1	25
0	1
11	790
1672	790
25	786
0	284
35	813
2	181
17	233
0	725
1	201
7	28
6	5
6	180
2	551
0	63
63	184
0	0
0	0
0	0
0	0
0	0
0	0
0	0
0	0
0	0
0	0
0	0
0	1
13	41
0	0
0	0
0	0
0	0
17	4
36	1048
0	1
0	426
5	1439
46	592
0	644
0	1309
0	9
16	1
56	544
4	14
1	936
1	477
4	892
408	4379
0	4379
489	3180
9	413
38	665
19	611
7	22
24	19
9	65
487	31
3	1
3	1
0	0
0	1
0	0
0	0
0	0
0	0
0	0
0	0
0	0
11	2043
25	2040
7	2080
9	2633
2	2597
0	2245
84	227
5	66
7	13
102	136
6	270
14	1424
0	175
0	48
93	1230
3	881
2	282
0	157
2	104
3	44
91	680
28	35
4	339
15	410
5	260
17	183
50	122
540	702
0	540
2	46
0	102
0	34
0	0
0	0
0	34
0	34
0	0
0	34
13	42
0	34
0	34
0	34
0	32
0	32
0	32
0	0
0	0
0	0
0	0
0	0
0	0
0	0
0	0
0	0
0	0
0	0
0	76
0	76
0	0
0	0
0	0
0	0
0	0
0	0
0	0
0	0
0	0
0	0
0	0
730	770
0	720
0	0
17	120
0	8
0	3
0	3
0	3
0	7
0	4
0	9
0	385
0	0
0	0
0	0
0	0
0	0
0	0
0	3
20	17
0	0
0	0
0	0
0	0
0	0
0	0
0	0
0	0
0	0
0	0
0	0
0	0
0	0
0	0
0	0
0	0
0	0
0	4
0	0
0	0
2	3
0	0
24	22
0	17
3	8
0	12
0	7
0	8
0	5
0	1
1	1
0	867
0	38
0	300
0	122
0	269
0	62
4	2
0	294
0	0
0	0
0	0
0	0
0	0
0	0
0	0
0	0
0	0
0	0
0	6
94	878
0	867
0	147
686	4
0	292
41	2
0	0
13	200
135	100
152	433
4	442
5	91
18	22
3	3188
0	1085
0	1062
1	1179
73	1156
0	988
0	3188
5	1202
0	1271
0	2253
0	1202
6	1007
0	3143
3	1094
22	899
0	1077
7	667
0	1028
2	744
6	895
0	1092
0	1043
9	1267
4	1042
0	785
14	926
0	959
5	756
0	383
0	422
0	25
13	12
1	3
0	391
0	1
1	43
16	2018
3	11
0	2972
0	3148
0	3239
0	0
13	749
26	835
3	722
11	35
3	49
7	24
3	0
10	65
7	12
1	0
4	3
303	154
193	153
16	542
0	542
14	55
12	1929
15	82
0	427
1	100
2	1478
0	1612
0	55
13	209
0	37
0	261
3	130
25	43
4	1986
0	9
0	10
0	0
0	4
0	9
1292	1034
133	1018
2	16
235	454
1	454
157	9870
0	6034
1	3509
0	8487
27	664
6	16
0	819
0	365
0	184
0	5
0	126
0	452
11	438
4	48
80	137
12	137
0	1
0	1
0	1
2	74
27	355
0	8
0	254
0	6
48	116
0	253
0	4
14	91
0	219
0	98
0	99
0	258
1	73
0	13
93	267
0	6
7	120
12	56
2	138
7	159
0	0
0	0
1	18
0	0
0	0
0	0
857	56
15	0
2	30
41	58
0	27
31	667
0	799
6	621
6	553
11	270
5	934
0	972
8	726
34	68
1	11
1	8
0	19
0	19
0	35
0	28
0	21
0	34
0	17
0	20
0	19
0	16
0	16
0	24
0	4
0	0
0	4
0	8
0	6
2	5
0	2
0	18
0	19
0	18
1	28
2	93
231	299
3	282
1	153
0	9
0	14
0	9
242	1228
43	1135
27	60
10	182
5	15
17	106
18	0
8	25
3	19
3	777
0	35
0	548
4	290
0	70
113	1191
3	111
18	218
1	72
22	1040
0	42
8	67
6	35
2	227
0	762
0	938
2	8
2	121
14	6
0	0
0	0
8	11
134	899
1231	902
8	2
53	0
31	13
0	2
0	10
0	0
0	0
0	0
0	0
0	0
331	506
3	353
2	344
2	371
30	2862
0	3080
14	2531
3	2811
0	3066
0	2896
3	2853
6	2081
3	2749
0	2177
0	2367
0	2045
0	171
15	337
2	2
0	9
0	30
3	12
48	4426
3	89
1	2754
3	0
0	4053
38	1708
0	300
0	3
0	1
0	1
0	0
0	2
0	0
9	168
11	140
2	23
78	198
3	25
6	3
0	25
0	0
0	0
3	0
15	296
1	879
10	1506
13	603
53	23
78	744
0	416
0	1735
1704	3016
1	534
6	3
86	68
63	4260
68	1668
11	1313
0	1514
0	1871
0	1577
4	641
5	323
0	118
4	502
22	1
4	330
4	136
16	259
18	118
3	185
8	1571
0	3082
0	18
0	22
0	0
26	257
10	257
0	321
42	479
2	359
0	326
0	317
9	324
0	1
0	1
15	834
50	1143
3	1160
6	1182
3	66
6	14
0	40
5	124
20	95
92	1099
0	0
0	0
25	1201
0	1374
0	1058
0	276
4	461
119	153
2	748
3	49
68	257
2	395
13	414
20	323
0	59
41	872
1	758
0	1015
0	594
30	264
18	3
44	126
0	3
0	3
0	824
1	490
7	19
0	639
4	79
2	116
10	671
1	107
0	3
0	169
0	169
10	23
16	81
0	487
0	0
0	0
0	12
0	0
0	0
0	12
11273	1942
13	65
118	25
131	268
56	1614
25	8
0	7
0	2
0	108
34	29
0	603
0	660
0	691
0	583
0	487
0	587
0	585
0	82
0	35
0	347
0	421
0	105
1	25
0	53
0	173
0	3
0	167
0	165
0	52
0	3
762	2922
3	2098
8	909
0	1159
1	245
2	373
4	38
2	0
0	576
3	349
0	23
4	0
0	11
0	11
0	0
0	9
0	0
0	0
0	0
0	47
0	93
0	152
0	6
0	102
2	1197
32	1063
25	147
2	88
16	40
0	894
18	0
16	16
1	282
0	836
15	1
0	2376
7	990
0	930
3	20
8	22
28	2539
144	0
11	19
0	19
598	393
16	345
4	15
8	306
2	271
0	305
0	312
0	272
1	213
0	397
0	180
0	138
0	154
0	474
0	590
0	590
0	50
0	50
1640	463
26	293
19	182
1	716
154	761
2	189
0	170
181	271
24	35
6	3
0	0
0	1
0	56
0	35
0	54
27	4
18	21
0	114
0	162
0	1318
0	1025
0	918
0	0
0	0
0	0
0	0
0	4
0	4
0	4
0	0
0	0
0	3
0	3
0	3
0	3
0	3
0	0
21	0
0	4
0	4
0	4
1	4
0	1912
5	1818
3	2421
168	1038
0	755
23	649
44	610
1	481
0	663
2	151
0	2381
2	134
4	742
12	286
22	271
15	21
15	1
8	107
1	497
1	256
0	199
7	320
14	17
6	143
14	25
4	32
6	203
9	155
0	138
0	21
0	22
185	48
0	48
1	33
3	0
0	0
0	0
2	0
0	0
0	0
0	0
0	0
0	0
0	0
0	951
1058	632
12	632
2	1183
0	1220
0	834
0	814
0	875
0	891
0	920
8	731
0	845
0	774
36	616
0	98
6	7
4	4
0	1216
0	1177
7	1186
0	918
0	1118
3	1097
4	1165
0	758
118	758
38	441
3	114
0	133
4	4
1	98
22	686
4	6
0	0
7	527
22	10
2	527
1	535
782	763
78	191
0	215
0	0
8318	643
37	643
0	1
2	1
0	0
0	1
0	0
0	1
0	1
0	0
0	0
0	0
0	0
0	0
0	0
0	0
0	0
0	0
0	0
0	0
0	0
0	0
0	0
0	0
0	0
0	0
0	1
9	2800
20	2038
4	1951
10	2047
220	5187
31	4993
38	1629
1	25
8	213
3	72
7	6
0	5090
0	0
13	0
336	503
6	89
2	44
3	36
1	3
170	328
0	361
2089	2858
5	160
0	2230
9	622
6	1
4	4250
0	1123
109	4231
5	323
0	0
374	3113
31	1730
10	1264
6	1026
0	1208
367	36
0	4326
0	2938
0	2638
0	908
0	3293
12	22
0	0
0	0
0	0
0	0
0	0
0	0
0	0
0	0
0	0
0	0
0	0
0	0
1	685
1534	6182
8	2916
0	63
32	217
35	1243
0	1648
2	4495
0	2539
248	1460
6	2773
11	159
0	149
36	428
12	98
0	4204
1	0
0	0
18	0
0	0
0	0
0	553
0	337
13	292
0	220
0	245
0	132
0	216
0	182
0	149
2	133
0	78
0	53
0	39
56	0
1490	0
0	323
5	13
0	63
0	0
0	8
0	0
7	64
0	1
1	10
0	13
2	84
8	6
46	3802
25	3687
90	3255
103	1920
5	23
3	709
5	355
1	158
104	593
12	111
13	138
1	412
102	589
41	492
47	484
68	252
10	0
0	0
0	0
0	0
0	0
423	1412
0	138
12	130
2	2
35	1076
1	1415
0	0
0	0
0	0
0	0
0	0
0	0
34	8
2	5
6	5
1	1
0	305
0	43
0	348
0	380
20	36
133	180
0	241
14	321
0	156
1	84
4	105
0	1
2	31
0	13
0	381
0	276
70	1027
17	931
0	0
0	0
1026	56
112	1489
73	1277
1	59
2	103
2	8
92	278
0	2
0	13
29	437
3	253
3	106
4	9
232	3490
613	3494
17	65
2	8
10	62
4	6
10	603
23	146
0	1
1	1
0	0
0	0
0	0
0	0
12	35
0	0
0	0
0	0
0	0
0	0
0	0
14	0
1	0
8	398
1	116
0	0
92	232
435	397
4	1650
0	1706
0	824
0	1857
41	342
2	7
8	342
0	1411
38	582
0	1656
1	877
5	120
0	515
0	557
0	1197
53	316
5	356
0	379
3	0
12	16
6	4
17	203
176	352
1	813
0	1130
6	1513
7	88
0	72
8	78
2	17
5	19
0	3
0	19
1	2
1	10
2	28
1	7
2	11
0	12
3	71
0	10
3	40
1	35
2	64
0	3
0	26
2	3
150	247
0	29
0	4
0	8
1	1
1	0
0	0
0	2
0	2
0	0
17	0
3591	1
0	282
0	1130
72	2015
0	1084
0	1003
43	1928
2	91
0	107
3	25
2	0
0	108
3	0
0	0
0	0
0	0
3	0
0	0
15	638
0	742
5	434
21	638
14	431
0	458
4	576
7	449
33	451
16	191
3	104
2	32
83	242
0	606
2	576
0	194
0	490
0	228
0	134
68	111
7	82
1	22
1	58
0	17
0	70
16	74
1	23
0	9
0	111
0	26
12	120
0	85
0	77
0	109
1	13
0	11
11	99
15	488
74	914
2	151
127	168
0	407
166	1219
74	488
123	645
2	205
471	899
0	698
6	541
0	536
952	1041
249	419
1	100
11	206
9	122
0	0
6	0
0	0
0	0
1	1
0	1
0	77
0	66
0	0
4	20
0	1
0	1
0	1
0	0
0	1
0	1
0	1
0	0
0	1
0	1
0	19
0	0
0	0
1	0
0	0
15	9
0	0
0	1
0	0
0	1
0	1
0	1
0	1
301	25
4	2
3	24
16	8
1	21
48	2
0	753
219	1607
9	133
17	1658
240	165
55	119
8	46
0	1
0	1
0	1
0	0
0	1
0	0
0	0
0	0
1132	0
0	547
0	452
0	622
0	455
0	446
0	0
0	0
0	0
0	0
3	0
0	0
0	27
6	93
6	74
1	107
1	62
0	46
0	44
0	1
0	1
0	21
4	1
0	74
0	139
0	423
0	2360
0	2411
0	1005
0	249
0	555
0	707
0	424
0	3337
0	3325
22	30
12	626
197	1243
0	156
22	71
13	650
1	1047
0	337
0	368
0	333
0	1
0	4
0	42
1	13
0	18
2	3
0	27
0	23
0	1
0	24
0	29
0	47
0	2
0	1
0	0
5	38
0	39
1	38
0	35
0	9
30	79
9	8
0	23
25	5
472	608
0	73
6	527
5	182
3	1
5	1
3	82
3	383
2	368
1	366
946	2916
0	1620
133	1765
33	77
0	148
0	26
55	1199
8	18
5	330
7	689
0	1257
4	753
4	142
0	58
5	1
16	55
0	1106
0	77
7	24
173	11
0	12
0	1
0	38
0	43
0	36
0	0
0	1
0	1
0	5
0	1
0	0
0	10
0	0
2	32
2	80
10	61
4	16
0	5
6	3
0	0
48	3
115	1093
0	1400
0	1169
2	1022
7	415
4	71
1	46
12	440
0	84
818	343
5	104
26	66
1	85
8	39
11	62
1	20
138	2660
43	122
6	122
0	0
0	0
12	0
0	2
0	0
0	0
0	0
0	2
0	0
0	2
0	0
0	2
319	537
62	530
49	14
31	1575
388	1575
0	982
2	345
0	167
31	634
7	889
304	847
0	1198
10	779
0	387
12	696
0	49
8	333
0	327
4	68
0	134
11	143
4	4
28	3
4	1938
3	1687
1	1092
0	1173
1	1483
0	217
1	91
1	93
2	107
2	660
5	247
0	341
1	496
0	793
59	799
1	925
0	294
7	538
6	414
0	414
0	395
0	301
3	10
0	29
0	38
1	3
0	0
16	685
133	10
7	9
0	5
8	2
0	1
1295	12176
58	8676
82	6196
122	4488
8	3843
70	7
4	400
5	467
10	242
5	289
8	109
0	4
0	400
2	1436
0	1470
10	1172
136	1060
5	50
4	52
2	44
12	59
0	42
5	57
0	10
0	246
0	115
0	71
1	139
2	29
0	49
0	49
1	127
0	35
0	67
0	55
3	47
16	33
3	19
5	94
8	21
2216	1179
233	338
5	179
136	921
3045	0
8	1
191	402
9	20
5	370
278	381
13	21
0	2940
0	1326
0	1631
0	2790
0	1401
0	2573
0	2668
0	1375
0	1625
0	2319
0	0
0	0
46	3283
18	3265
50	3225
0	1808
27	2283
2	2340
0	1157
35	875
0	1158
15	1726
0	1577
0	1230
4	895
0	53
2	342
23	179
7	43
19	0
0	3250
1	0
0	39
0	40
0	46
0	47
0	13
0	3
0	1
0	1
0	0
111	5
0	5
390	4342
6	4342
5	143
0	2254
1	16
0	67
11	86
4	81
0	2673
0	0
0	0
0	18
0	1
0	13
0	12
2	21
0	20
7	30
3	30
271	2809
251	602
0	2928
54	1739
38	243
24	49
12	115
119	359
17	1695
5	23
0	0
0	0
153378	11
5	0
238	609
26	93
7	23
13	435
2	55
8	123
29	17
0	51
23	50
12	1
15	61
6	60
6	33
6	31
0	0
0	0
0	0
0	0
0	0
0	0
0	329
0	16
0	71
3	316
0	157
0	266
0	209
0	38
0	25
0	205
0	107
1	31
2	11
0	241
0	42
0	109
0	135
2	18
4	734
8	0
0	11
1	18
6	721
5	428
3	34
2	18
0	40
8	39
1	39
21	0
10	33
0	9
9	56
6	11
0	695
0	0
26	1821
6	17
263	2283
46	1576
3	158
5	1617
38	787
31	1098
2	488
38	171
13	110
10	35
0	0
0	0
9	9
64	14
242	1301
174	2149
0	1991
10	22
43	938
10	955
10	962
8	927
11	922
613	1188
7	1226
0	82
13	254
4	371
4	4
1	131
11	26
0	163
7	45
0	196
0	181
0	46
0	118
44	171
61	34
0	174
0	120
0	57
0	45
0	145
0	22
3	48
13	141
0	40
3	141
686	0
0	0
0	5
0	6
0	5
0	3
0	4
0	2
0	0
0	66
0	0
0	0
32	13
0	0
0	0
0	17
0	26
0	8
20	29
0	0
0	26
63	4824
140	4030
2	1
15	9
3	10
0	0
0	0
0	0
0	0
0	0
0	1
0	1
0	0
0	0
0	0
0	0
0	0
0	0
0	0
0	0
0	0
0	0
0	0
0	0
0	0
0	0
0	1
0	1
0	0
0	0
0	0
0	0
0	0
0	0
0	0
0	0
0	0
0	0
0	0
46	36
0	1
3	2
0	1
0	0
5	1
0	0
0	0
0	0
0	0
0	1018
0	9
0	9
0	4
0	9
0	4
0	0
0	0
0	0
0	0
6705	100
13	0
7	71
0	0
1	1
0	0
0	1
0	0
0	0
0	1
0	0
0	1
0	0
0	0
0	0
0	0
0	0
0	0
0	0
0	0
0	0
0	0
0	0
0	1370
0	1488
0	1406
0	1594
0	1969
0	953
3	12449
17	729
2	676
35	613
3	555
0	590
68	2291
4	9640
2	3897
0	2605
642	9223
0	763
13	704
0	12379
35	575
54	745
1	773
47	864
4	107
68	110
79	9421
48	74
38	296
15	216
49	153
18	845
0	63
0	63
0	7
0	28
0	34
28	85
4	73
0	13
1	51
8	5
6	18
0	0
0	5
0	3
1	3
3	94
11	92
1	0
0	0
0	0
252	0
0	3704
0	424
0	3780
0	26
0	149
0	185
0	18
0	70
0	4
0	20
0	151
0	142
0	49
0	180
2	150
6	97
0	18
5	3
8	12
1	177
4	132
0	174
9	56
0	0
2	3
0	0
0	0
1	232
5	1561
37	1610
2	1532
0	181
3	32
2	0
89	313
45	317
0	234
11	152
2	140
10	83
1	49
2	15
4	10
0	7
6	0
3	5
0	3
1	13
2	6
4	17
0	353
0	15
1	358
0	0
0	0
0	1
0	0
0	0
2	1
5	1
0	1
0	0
0	0
0	0
0	0
5	664
57	91
0	503
0	333
0	671
447	1134
0	22
0	22
0	0
0	10
0	3
0	0
0	0
0	0
0	1
0	0
0	0
0	0
0	0
0	0
0	0
0	0
0	0
2	0
0	0
0	0
0	15
40	79
0	405
1	407
2	18
0	19
1	346
0	34
0	233
4	41
0	0
7	20
6	18
3	12
3	290
1	14
0	3
0	16
11	10
0	386
1	0
0	20
0	18
8	6
0	0
0	0
13	8
3	18
1	10
0	11
0	0
3	1
0	2
1	10
0	8
0	2
0	0
0	1
0	2
4	10
0	1
9	22
0	1
0	20
0	0
0	0
0	0
0	0
0	0
0	3
3	9
0	3
0	0
0	0
163	2468
1	45
0	2033
2	38
11	189
0	865
13	2
14	72
14	1
0	1907
0	0
0	0
0	0
8	2
0	6
3	16
1	150
0	26
2	8
0	167
1	142
0	111
4	4
1	171
4	43
2	1
8	66
26	123
7	0
4	41
0	2
0	3
0	2
0	0
0	1
0	1
0	1
0	0
0	0
63	1
0	2
0	0
0	0
0	0
0	0
0	0
0	0
7	12
0	0
0	0
0	0
0	0
172	182
0	50
0	94
0	115
1	57
30	49
0	29
0	29
0	0
0	1
0	0
0	0
0	0
0	0
0	43
842	1
960	0
0	0
0	0
0	0
0	0
0	0
0	0
0	0
0	0
0	43
0	50
0	36
37	59
0	43
0	0
18	50
0	3
1	3
0	2
0	2
0	0
0	0
0	849
0	565
0	197
0	301
0	380
0	511
0	712
0	265
0	0
0	0
1461	60
11	4
0	3
0	0
0	2
1	0
0	3
12	844
22	712
19	564
6	479
19	103
0	181
0	0
2	1342
0	602
20	190
0	476
0	1342
0	1235
121	64
0	0
0	0
3	0
0	11
0	0
0	0
0	0
0	18
0	18
0	0
0	11
5	14
17	13
400	5011
1	5011
135	484
1	53
22	37
8	395
0	21
9	3
0	4
0	29
32	386
80	9
901	1093
12	600
14	533
0	0
0	0
0	0
0	0
0	0
0	0
0	0
0	0
42	46
0	30
2	2
0	8
1	0
0	8
1	3
1036	736
0	736
2	13
0	26
0	38
2	42
10	11
11	363
0	506
1	42
7	47
28	0
0	350
2	28
1	71
0	495
33	0
0	57
5	29
4	47
4	440
6	10
2	1
1	91
9	38
19	1
9	145
6	523
0	486
187	191
11	190
5	99
0	17
0	2
0	0
1	1
0	117
25	49
0	38
0	46
0	117
0	52
0	32
0	34
0	101
0	101
0	25
0	23
0	3
0	5
0	2
0	2
2	12
0	1
0	9
2	6
0	18
12	46
0	2
0	0
84	7
0	0
0	0
0	0
0	0
0	0
0	0
0	0
0	0
0	0
0	0
0	0
0	0
0	116
0	0
2	24
0	0
0	0
0	0
0	4
0	19
6	4
0	0
2	19
162	3794
7	2249
14	170
0	64
0	321
0	269
12	124
12	240
4	179
0	108
0	159
39	69
2	36
2	24
7	17
27	78
66	326
0	1675
41	74
6	0
0	0
3	47
0	6
0	52
3	32
0	14
0	8
10	38
171	205
46	112
0	116
7	93
6	14
3	79
10	28
3	22
85	36
0	9
179	1921
4	1516
8	1657
253	1216
11	1277
12	1840
21	182
17	31
30	0
0	120
1	0
4	120
0	0
1	0
1	0
1	114
0	125
0	0
0	1
0	8
0	2
0	1
0	0
0	114
4	0
33	0
0	157
0	157
0	0
0	8
0	6
0	8
0	3
0	0
0	1
0	0
0	2
0	0
16	8
1	0
10	0
0	0
0	0
0	4
0	2
1	29
0	33
1	28
0	13
0	6
0	6
1	2
0	2
0	6
0	2
0	7
0	20
1	1
1	0
2	3
46	1095
20	2535
97	2539
0	2
0	301
0	0
0	195
6	25
0	316
150	313
0	93
7	349
5	24
163	402
12	391
0	349
1	162
1	32
6	6
1	35
9	20
14	18
1	0
1	12
0	6
0	0
6	0
78	263
0	0
0	0
0	0
0	0
0	0
0	0
0	0
0	0
0	0
0	0
0	0
0	0
1	4249
1	4197
0	4079
0	4245
0	4390
4	4294
0	4265
0	4319
0	4415
0	4363
0	4170
2	124
0	4295
3	3658
8	3602
0	4275
7	4343
16	2716
0	3744
0	3180
0	2858
0	3151
0	3136
0	2696
0	3002
0	1018
0	2879
0	1742
0	2478
0	2559
0	2757
0	2434
1	675
12	1
0	2210
1	2244
12	2057
0	229
0	202
15	2279
16	785
24	2049
0	1470
0	615
6	20
0	484
43	600
13	191
0	808
1	1006
32	83
3	235
2	3935
0	4026
0	0
0	0
0	86
59	96
4	91
17	32
3	34
0	25
4	52
0	3
9	19
0	3
59	24
285	221
0	172
5	180
1	180
1	161
0	184
4	0
1	96
1	17
5	50
8	4
0	3
1	6
3	2
2	2
126	964
164	1274
1864	472
106	784
12	156
8	123
0	59
6	95
0	56
199	25
9	47
57	46
4	0
1	732
0	109
0	37
2	51
3	19
0	35
4	669
0	62
129	240
0	65
16	439
0	16
3	23
0	0
152	94
5	80
0	52
2	3
0	0
0	0
0	0
0	0
0	18
0	0
0	18
0	13
0	13
0	0
0	0
0	0
0	0
0	0
0	0
0	0
2	1362
1	0
0	2
0	0
0	2
0	181
1	1187
34	1
17	385
2	48
15	135
0	2859
92	1239
0	1517
13	67
11	2858
0	158
0	1190
1	1123
0	1124
0	1251
0	81
20	0
36	1614
20	1312
0	17
0	0
0	3
0	3010
172	948
11	789
0	301
19	202
5	64
0	48
0	166
0	4470
0	6066
0	6527
0	1947
0	2680
0	1720
0	2023
0	323
0	481
0	2527
0	4438
0	0
2486	6841
5	6841
0	181
0	158
0	193
0	338
0	327
0	24
0	113
0	106
0	103
9	1996
30	2013
3	1993
0	276
2	2
4	245
41	32
7	1820
18	4213
9	1275
0	4331
59	1999
105	7304
9	6937
40	783
7	1448
4	1700
4	1195
54	2079
4	11
25	1039
2	144
20	443
0	5660
0	4
1	4
0	0
0	0
0	0
7	0
16	6
4	4
0	0
0	0
0	0
0	0
0	0
0	90
11	75
0	82
0	22
0	54
2	2
4	38
0	7
9	23
0	8
0	60
3	9
0	10
0	6
13	1908
0	62
15	0
0	32
0	1872
0	220
0	257
0	274
0	274
0	274
0	274
0	104
1	1575
3	1647
1	1500
0	243
0	880
0	542
4	213
1	412
10	348
1	330
5	189
0	276
18	71
1	245
0	94
20	144
0	162
0	105
13	21
5	0
0	1595
0	18
8	5689
15	14
123	759
2	3
1	1
0	2
14	3
0	1
0	741
0	722
2	497
3	112
2	27
2	5
0	8
0	246
0	17
0	7
0	720
0	734
0	724
1	200
12	268
1	86
2	118
0	144
4	144
0	688
7	390
8	404
2	215
12	489
10	216
7	229
0	0
0	0
0	5
0	33
1	23
2	24
0	37
1	8
8	19
0	6
12	403
25	435
4	163
21	99
31	11
5	46
6	26
3	304
0	0
0	0
0	0
1	3
0	1
0	1
23	108
1	36
0	36
0	36
1	67
78	88
0	1
0	14
0	1
0	3
0	0
0	2
0	1
0	0
0	0
0	0
0	0
0	0
9237	7808
26	56
51	152
0	123
7	37
11	22
24	1114
29	451
82	1466
86	741
21	663
13	1992
31	1093
15	2377
6	23
1479	903
41	669
12	278
23	42
1	179
0	0
649	2989
1	2685
13	2556
2	2974
46	2709
0	17
0	17
0	17
0	17
622	0
162	6969
1	5621
4	5571
0	3317
1	5456
12	4880
0	2950
0	4664
2	4131
2	919
22	94
27	2586
32	1671
2	257
1	115
4	111
1	175
3	138
1	1119
10	1381
2	1478
0	1184
2	941
5	90
15	44
8	447
0	86
1	122
0	110
4	15
6	30
3	91
46	47
9	94
14	128
3	37
0	7
0	1377
264	437
0	389
69	372
0	147
1	2
0	0
0	2
0	0
0	0
21	1258
0	1826
0	1102
96	1131
87	4
8	451
15	210
9	166
14	0
0	1552
0	4
0	1
0	16
0	12
0	0
0	0
0	0
0	0
0	0
0	0
0	0
0	0
0	0
0	0
0	0
0	0
0	0
0	0
1	508
0	523
0	463
0	727
2	560
19	735
2	425
1	16
2	102
0	687
0	61
5	2
0	527
2	75
0	353
4	19
0	373
4	257
0	1
0	4
39	1786
13	1528
0	1110
0	1822
26	766
0	1227
0	462
4	918
48	1349
12	756
70	144
54	422
3	339
1	322
0	224
0	296
0	160
0	11
1	35
0	70
4	24
55	415
4	73
0	22
7	87
0	313
0	57
2	103
0	176
6	82
34	1628
1648	1628
830	3596
0	3493
15	44
5	494
4	44
506	25
0	719
130	1
0	251
156	451
0	549
236	102
21	226
10	79
6	9
179	0
40	92
5	1
5	8
73	170
0	158
0	73
3	63
4	36
0	27
0	9
15	11
9	5
0	5
0	9958
0	31878
0	14868
0	11581
0	12669
0	31808
0	3608
0	6352
0	3137
29	58
0	11835
0	8670
0	13
81	12240
0	19437
2	1170
33	1071
20	1038
114	1230
129	1335
0	1002
24	519
154	287
53	460
3	409
98	9
339	12
103	595
5	595
0	12
0	10
0	9
0	0
0	0
32	1
0	2
1	8
0	11
23	57
1	68
6	1370
7	1
0	606
0	1
0	59
21	57
0	13
4	487
11	0
14	69
26	132
0	1368
0	419
20	185
0	175
0	185
4	186
4	43
5	52
0	51
0	38
0	0
0	0
0	0
0	0
43	2767
4	2525
0	2163
8	2382
4	214
0	65
3	87
0	1049
10	74
1	723
4	320
8	37
290	29
12	28
2	2
0	9
8	4
0	0
0	0
0	0
4	4563
0	3277
32	451
443	0
21	179
24	0
22	90
177	1124
121	408
7	292
139	355
23	18
0	4563
0	702
0	2052
5	70
32	608
7	12
0	7
0	12
47	74
3	17
0	0
0	0
0	0
0	0
3	2
0	0
0	0
0	0
0	0
0	0
0	0
0	0
0	1
0	1
0	0
0	0
0	0
0	0
0	0
0	0
0	0
75	8
0	8
0	0
0	0
5	53
6	775
5	694
1	77
2	94
0	578
1	696
21	45
7	81
0	51
0	49
0	109
20	56
0	88
0	102
4	33
144	1816
9	1929
23	1815
18	1701
9	1270
40	378
0	2
0	2
0	2
0	2
4	11
0	1
0	0
0	9
1	811
180	994
0	847
6	986
3	583
0	728
0	406
0	410
9	361
4	125
0	0
24	26
0	187
25	86
1	232
0	29
0	15
3	104
2	118
8	55
3	1
43	1
0	724
0	0
0	39
0	0
0	39
0	0
0	0
0	0
0	0
0	0
0	0
0	0
0	0
0	39
5423	8712
592	8721
3	8466
4	3955
2	2889
2	831
0	798
0	8897
26	8395
4	1017
38	20
33	4024
78	1047
1	15
1	15
33	520
1	550
0	1234
0	1211
39	70
0	712
0	554
0	678
0	266
10	68
3	2
13	6
0	100
0	1270
40	23
0	16
0	0
0	0
0	0
0	0
5	45
0	51
77	182
8	21
0	77
15	149
1	7
1	18
8	60
0	31
0	3
0	11
2039	154
5	155
9	1
0	91
3	85
1	118
51	60
0	118
421	771
1	720
1	181
9	95
19	267
3	1
1695	494
3	388
5	1
0	14
0	0
191	0
0	0
0	19
0	14
0	18
0	137
0	137
0	0
0	0
0	0
0	0
0	709
0	1
0	1
0	1
0	0
0	1
0	0
0	1
0	1
4	461
0	329
0	6
15	441
0	0
0	183
0	222
43	23
0	163
5	0
12	127
1	60
17	77
0	1512
3	1146
149	2326
20	368
0	2278
0	2264
7	1055
0	2249
4	266
0	262
0	277
7	96
0	249
0	241
0	256
0	63
0	147
0	53
0	16
0	43
0	6
0	144
3	79
3	1
0	1
2	0
0	1
0	211
0	398
0	410
11	24
10	56
9	37
19	1
0	37
13	6
0	82
6	42
0	60
7029	4343
10	149
0	2460
9	1126
50	1542
6	14
0	2712
31	0
0	159
0	67
918	557
0	557
4	149
44	413
2	35
4	140
1	81
2	0
0	1
4	0
0	0
0	1918
52	1345
0	1593
1	418
5	294
0	423
10	174
0	57
0	140
14	137
211	195
44	17
0	116
0	64
0	118
0	1234
6	1234
4	1
0	0
0	0
1	1
0	0
1	0
0	33
1	39
0	31
0	48
11	922
0	39
0	993
3	943
0	103
21	10
39	882
22	999
147	904
6	976
9	384
0	253
0	253
0	64
0	253
0	163
13	120
0	2282
55	2237
10	2076
0	1666
24	1313
7	127
26	47
560	12949
164	4166
0	11632
8	622
0	26
3	369
45	362
43	581
16	1172
14	74
24	2394
0	651
23	318
27	28
0	1496
0	6285
2	0
20	5
0	0
0	0
0	0
1	0
67	0
1435	1048
0	1050
2	2
5	41
7	114
13	75
7	123
3	0
4	7
0	48
0	14
32	0
0	19
0	44
1	24
19	477
5	47
0	71
0	46
5	436
2	4
0	3
0	435
0	86
0	10
0	3
0	13
0	46
0	10
0	25
1	99
2	165
15	14
0	165
21	394
866	673
1	23
1	169
0	23
3	27
19	11
8	33
2	14
23	104
0	176
4	295
0	0
0	0
290	2872
238	2529
21	1194
3	136
4	305
16	159
0	4
0	1
0	2
0	2
0	2
0	2
0	1
0	1
0	1
0	0
0	0
0	0
1	8
0	0
0	0
4	3
0	0
0	0
0	3
0	12
0	12
1	2
0	1
0	1
1	0
0	0
2	136
0	213
16	100
0	164
0	127
0	100
1	77
0	38
0	11
4	92
5	7
2	42
4	4
12	24
3	51
7	58
18	32
10	1
0	0
71	111
951	228
5	162
38	53
0	4
0	2
0	3
1	0
0	0
0	0
2	0
1	0
0	119
0	25
0	2
0	970
0	1045
0	134
0	381
0	85
0	21
0	44
0	92
0	12
0	0
0	12
0	0
245	986
5	935
14	909
1	124
0	179
0	2
0	2
0	1
0	1
0	1
0	0
0	0
0	0
0	0
0	0
0	0
0	0
0	0
41	22
0	9
24	100
0	36
0	6
0	25
0	1
0	60
0	6
0	4
0	4
0	0
0	14
1	43
0	28
280	501
102	86
54	122
95	7
17	505
0	0
0	0
13	37
0	0
1	5
0	5
0	0
0	0
0	2155
0	1934
7	37
3	996
0	1093
0	1595
1	1074
0	40
5	6
0	287
1	2
2	28
5	0
1	42
6	19
0	1071
0	1578
6	2279
0	0
0	0
0	0
0	0
0	2
0	0
0	0
0	0
263	2005
17	1770
0	1271
7	1082
8	62
5	1550
11	375
54	154
0	962
5	294
0	164
8	98
57	987
4	320
0	0
0	0
0	0
0	0
0	0
0	0
0	0
1367	0
0	4
0	3
1	4
0	0
0	0
0	0
0	2
0	2
3	0
11	0
0	1
0	0
1	2
392	193
0	180
2	175
3	0
21	58
43	45
0	2
0	2
1035	5951
88	853
6	4286
11	2165
2	25
5	97
29	14
28	445
58	174
36	399
781	368
7	138
16	22
86	44
0	40
0	23
1	4
1	8
0	4
2	7
8	0
0	8
0	8
0	0
1	4
6	55
0	235
1	21
3	112
0	0
0	162
247	586
4	585
2	500
1	71
0	35
2	116
0	101
0	95
5	68
0	58
17	40
363	28
23	9
3	26
36	85
0	87
5	16
1	16
0	0
0	0
0	0
0	1
0	2
0	0
0	0
0	3
0	0
0	0
0	0
0	0
0	0
0	0
0	0
0	4
119	34
0	7
25	2
0	1
0	1
0	0
0	1
0	0
0	1
0	0
0	0
0	0
0	88
0	5
0	54
0	50
5	895
54	870
0	160
0	847
6	949
2	718
4	95
0	24
0	195
1	118
0	152
2	132
3	88
0	62
3	28
1	49
0	15
0	14
4	33
0	4
0	1
0	2
0	0
0	1
0	0
0	2
0	0
1	66
0	0
0	0
0	37
0	36
0	0
0	0
0	0
0	0
0	0
0	0
0	0
0	0
0	0
0	0
0	0
0	0
0	0
0	0
0	0
0	1
0	0
12	198
0	204
36	45
48	152
0	39
0	565
13	584
0	447
0	484
4	1
6	10
27	109
15	71
8	384
6	170
1	663
3	500
9	128
1	137
1	67
0	0
1	7
3	17
64	937
1	604
0	721
0	436
0	347
0	51
0	18
1	154
3	79
3904	265
137	265
49	0
0	18
13	742
5	621
0	598
3	13
5	627
0	716
56	1679
788	2087
0	253
1	84
3	85
3	188
10	3
4	10
12	6
4	1
0	480
4	344
14	0
697	8
7	8
0	445
0	702
2	0
312	3323
386	3248
70	3278
8	637
220	2335
15	2335
7	14
37	115
1273	141
8	68
0	0
0	0
397	262
0	4
118	59
18	254
0	0
62	39
11	750
6	590
8	307
6	245
3	78
20	161
2	0
0	25
0	35
0	41
0	0
0	0
0	1
0	3
0	1
0	13
0	21
2	20
2	1
1	25
0	19
0	10
0	10
2	31
0	21
0	10
49	28
0	2331
0	2198
0	872
0	1512
0	456
0	955
0	237
87	1108
0	278
53	1108
10	396
2	29
0	469
3	978
10	929
6	297
0	946
0	916
2	7
0	7
0	7
0	7
0	7
0	2
0	0
0	0
0	0
0	0
0	0
0	0
0	5
0	0
0	0
0	5
0	0
4	0
0	0
0	0
15	316
899	315
579	2
11	13
16	0
18	0
1	85
1	0
0	0
4	0
1789	288
0	215
3	47
8	1
0	51
2	9
3	113
1	0
1	12
0	3
1	14
1	19
2	1390
0	0
0	0
0	0
0	0
8	0
1165	1642
37	1656
0	1274
5	319
20	6
9	10
15	48
0	154
1	0
0	47
0	48
0	49
0	36
0	43
0	352
0	513
0	30
0	22
0	126
0	127
0	127
0	126
0	30
0	1
0	2
0	2
0	0
0	0
0	0
0	477
66	123
10	118
3	7
0	101
0	10
0	9
115	819
2	670
10	886
15	657
8	551
0	231
0	59
7	166
25	2460
23	69
38	191
50	829
0	156
17	215
1	502
0	2520
0	0
1	7
0	0
0	0
1	0
0	0
0	1707
0	1696
0	98
0	1711
18	496
1	681
0	528
3	62
41	36
34	291
36	88
11	100
18	231
4	23
38	520
16	474
0	29
30	218
0	232
0	18
13	103
51	55
5	357
16	4
14	42
1	243
5	29
0	35
11	18
140	349
26	12
16	38
18	8
0	0
0	0
25	2212
23	2779
859	3343
1	1705
27	579
19	12
0	0
0	0
96	104
2	0
2	7
0	126
0	11
10	138
0	3
1	1
4	3
0	5
55	464
1	321
9	66
12	178
0	184
4	33
3	0
6	21
1	23
193	167
0	25
0	0
0	0
48	129
50	60
0	5
0	0
0	0
0	0
0	1
0	0
0	1
5	3
0	90
0	9
0	62
0	396
0	1197
0	941
0	35
6	65
3	95
0	43
0	35
0	52
0	103
0	0
0	36
0	66
0	63
0	114
0	45
0	0
1	284
0	11
14	1153
22	2353
23	1609
0	1890
2	1505
2	882
36	536
14	472
18	13
67	166
0	326
0	634
12	649
0	717
1	338
3	112
0	195
0	167
4	306
6	64
1	213
1	3
7	12
12	66
757	4447
4	3353
1	1627
16	3612
37	548
17	550
8	17
0	45
0	45
1	40
0	7
3	25
1	1
15	14
1	4
0	8
0	8
0	0
0	0
0	0
0	0
0	0
0	0
0	0
0	0
0	0
0	0
0	0
0	0
0	0
0	0
0	0
0	0
1	9
0	8
368	1609
97	533
0	417
69	201
80	1580
37	1626
1	1457
11	281
10	618
0	364
0	61
0	1556
0	0
0	0
0	0
0	0
0	0
0	0
0	0
0	0
0	0
0	0
0	0
0	0
0	0
0	0
0	0
0	0
3	813
36	339
0	8
0	149
6	856
1	10
1	10
2	15
0	1
0	4
0	5
0	3
354	3078
6	318
0	0
8	0
2	116
0	3078
52	928
12	1145
10	549
0	1278
0	410
178	1278
6	51
50	260
31	41
1	279
18	279
11	1022
7	1124
22	269
6	1006
3	2
11	269
0	0
0	0
0	0
0	0
0	0
0	0
0	0
0	0
0	0
4	6
2	0
0	0
0	0
0	0
0	0
0	0
0	0
0	0
0	0
0	0
0	0
0	0
0	0
0	0
4	0
0	1180
0	0
0	0
0	0
0	0
0	0
0	0
22	2
36	136
394	1426
21	915
6	19
9	195
9	529
9	1238
1	259
13	149
4	60
2	3
160	60
7	52
72	384
1	288
2	26
2	32
8	14
14	3
0	382
1966	0
0	4
0	4
0	2
14	9
0	1
0	0
0	4
0	4
0	22
0	13
0	11
0	13
0	20
1	22
0	0
1295	290
8	290
0	0
0	0
0	0
0	0
7389	1996
54	333
5	1638
0	17
0	1
1	31
0	0
0	0
0	17
3	1031
11	712
10	129
1	82
33	983
26	1
0	38
5	868
14	259
15	45
12	2
43	131
4	22
19	26
29	3
6	9
245	279
2	6
26	128
0	199
1161	80
4	58
12	3
2	0
2	0
0	3610
12	2438
17	860
0	2707
0	2649
2	2618
0	2183
7	16
0	698
0	2072
0	2466
6	1921
0	1852
0	2186
0	1936
0	45
0	1090
14	945
1	194
0	253
0	23
0	71
2	16
17	2479
0	3463
7	2870
0	1863
360	994
0	73
1	316
1	121
25	667
31	18
7	135
0	62
2	15
0	0
0	135
81	668
27	1148
13	1157
0	707
11	45
24	0
0	0
0	0
0	0
0	0
0	0
0	8
0	8
0	7
0	2
3	6
0	0
0	4
0	346
9	127
0	240
45	326
69	326
0	109
4	119
10	259
10	45
12	172
0	78
9	2
12	15
0	240
0	3
0	3
0	5
0	5
0	5
0	4
0	5
0	5
4	2
0	2
0	2
0	2
0	0
13	1133
5	141
83	1083
30	1022
10	17
0	1056
35	163
31	111
31	39
0	7
72	91
53	43
102	625
34	0
3254	658
31	651
0	12
9	8
28	4
20	6
0	0
0	3
0	0
0	2
0	0
0	3
0	149
10	592
0	589
2	577
0	584
1	358
10	16
0	61
1	600
1	628
1	641
0	69
0	18
0	50
0	18
0	13
0	14
0	62
4	7
13	48
0	7
0	52
0	51
0	21
0	0
0	0
0	0
0	0
0	0
0	0
0	0
0	0
0	0
0	0
13442	0
0	265
6	503
0	500
2	263
1	8
0	507
3	289
99	1536
16	974
15	813
0	846
5	531
8	208
19	104
12	10
8	43
0	98
9	79
0	45
3	69
12	34
3	72
2	12
33	10
17	1442
5	1368
105	1480
279	1816
0	91
0	91
0	10366
0	1867
0	5160
4615	6532
22	111
20	382
75	5943
0	268
1	127
3	1939
7	1960
17	364
7	386
32	923
8	376
0	588
0	399
5	40
10	3
142	435
0	33
0	33
0	33
0	27
10	23
173	328
2	728
1	774
2	631
0	666
5	629
2	675
0	192
4	44
2	12
23	44
0	224
2	251
11	201
58	279
12	18
0	208
0	133
0	102
3	136
1	9
1	12
0	0
0	25
0	21
1	596
0	53
4	392
0	2
0	26
0	87
184	512
14	4
4	64
0	134
0	180
8	7
0	19
0	0
0	0
0	0
0	0
3	0
74	185
0	0
0	0
0	0
0	0
0	0
0	0
0	0
2	1938
0	1918
0	2075
24	37
14	1
23	290
27	0
38	1898
12	1697
46	1711
15	1767
10	174
7	248
0	91
2	224
1	149
0	60
0	168
24	28
0	5
0	30
0	0
0	5
1	1
2	138
0	1
0	1
11	38
0	0
0	1
28	825
0	719
10	521
3	372
4	0
16	77
5	72
0	277
0	194
0	321
0	0
0	0
0	0
0	0
0	0
17	4
16	116
0	29
1	18
10	28
166	233
5	42
7	2
0	4
0	0
0	0
0	0
0	0
0	0
0	0
6	30
0	41
112	36
0	15
0	20
0	22
0	13
0	23
0	26
0	15
0	16
0	2
0	1
0	13
0	8
0	4
0	0
0	13
0	1
0	6
0	3
2	13
0	2
0	4
0	1
0	13
1	26
1	1
0	1
23	531
29	545
0	431
0	439
0	467
0	378
22	390
1	123
0	1789
19	660
1	677
0	100
18	1471
25	531
6	185
12	1578
0	470
0	127
36	20
76	222
0	149
13	112
17	295
12	28
8	236
1	1492
0	1586
325	0
61	2171
0	1779
5	1372
0	1269
0	410
7	18
0	287
0	35
1	514
4	17
11	2
2	416
0	225
0	347
30	140
0	32
2	0
0	419
8	21
4	0
0	229
4	52
0	1
31	1228
65	271
1	198
1	77
6	62
2	7
0	0
1	37
3	32
4	110
264	1097
15	440
69	758
8	238
73	186
2	482
0	391
0	492
0	407
0	76
0	99
0	0
0	5
77	194
2	372
0	288
17	451
33	631
0	504
11	368
0	571
3	368
15	480
0	676
3	562
0	488
1	202
6	196
0	289
11	48
2	98
0	96
1	119
0	129
0	189
0	172
2	137
0	239
3	256
0	2
4	7
47	38
20	178
0	356
0	137
0	139
0	136
0	104
0	135
0	193
14	128
0	113
2	45
2	8
2	150
6	296
0	70
0	125
0	59
0	101
1	84
1	35
513	98
0	87
8	34
3	39
6	84
10	245
38	222
16	107
74	202
59	347
3	93
11	160
0	46
0	53
0	28
0	22
1	14
99	0
15	0
0	1452
44	1193
0	327
12	54
3	152
9	199
18	250
130	591
5	513
1	1806
10	42
5	5
2	106
21	185
1	111
5	1193
0	3
0	31
4	82
0	383
16	3
1	2074
2	28
0	1827
47	80
3	75
0	1120
0	100
12	228
0	227
0	122
0	1083
0	78
2	1050
2	32
0	65
0	84
1	25
0	542
2	954
1	25
0	26
0	103
0	65
2	121
18	1847
75	1073
346	2400
28	208
62	482
3	78
29	2186
1	136
30	1253
0	1087
0	2306
0	1176
564	1166
0	1123
0	0
0	0
0	0
0	0
0	0
0	0
0	0
6	13
0	37
7	51
51	49
104	37
0	18
0	6
0	2
0	2
5	24
44	861
0	861
6	41
3	32
2	51
2	40
4	61
0	198
928	44
9	52
0	15383
0	10466
0	10734
0	6304
0	10368
0	6183
0	4082
1	5380
0	15378
0	4078
3	651
0	1103
8	591
11	744
6	814
6	981
0	700
0	3927
1	1082
22	1202
6	797
9	3036
3	669
15	866
43	134
1	467
11	659
0	406
102	375
148	1606
1	102
84	715
64	627
2965	510
98	374
156	141
2	11
0	18
0	0
0	0
46	7
6	0
0	0
0	0
0	18
0	0
0	0
0	0
0	0
0	0
0	0
5	5
0	4
0	0
184	718
462	748
11	96
2	87
116	690
0	0
10	170
2	23
1	14
0	153
0	54
6	21
34	27
1	19
0	15
6	12
5	11
0	0
0	0
0	0
0	0
0	0
44	1048
8	384
11	568
0	36
0	574
3	2
1	11
0	10
0	5
2	43
19	17
1	4
8	83
14	44
7	37
0	1
0	0
632	1601
13	155
0	175
7	139
6	64
2422	1034
0	1031
0	3
34	437
1	14
0	25
4	3
0	1
0	1164
4	50
2	37
30	1206
0	1569
0	1255
0	1649
0	1143
0	1513
3	17
0	192
8	0
6	137
5	23
0	56
5	52
5	1
2	92
3	3
1	1
0	92
0	94
0	113
0	65
0	16
0	86
0	3
0	0
0	0
14	819
0	1017
0	903
0	20215
98	20215
68	7096
79	14527
0	13652
37	5540
25	252
3	2661
30	10352
1	274
47	3575
191	8446
78	2547
60	501
43	9
3	271
15	310
2	107
5	124
1	61
4	61
4	2
4	4
68	367
0	5
0	4
0	8
0	11
74	216
0	40
15	23
5	18
6	0
1	30
4	84
4	91
0	7
0	28
0	24
0	21
17	6
0	20
25	31
0	102
0	88
2	45
5	1
2	0
0	0
3	1
5	0
9	6
0	6
0	0
0	0
0	0
30	117
1	454
41	419
0	276
3	48
3	7
11	357
5	4
3	5
0	29
7	256
0	0
0	0
0	0
0	0
233	83
3	16
0	74
0	0
0	4
0	73
0	80
2	80
0	81
3	8
0	15
2	9
0	0
0	2
3	0
1	2
2	2
0	82
6927	8930
0	290
0	1104
3	7074
7	26
130	339
168	8760
8	697
0	96
0	285
22	612
0	925
46	1158
11	770
1	212
0	411
758	622
15	551
15	3
0	45
4	16
0	1870
0	1664
0	56
0	81
0	135
0	649
0	397
0	339
5	28
63	25
9	68
0	52
2	77
0	114
14	97
0	1227
0	1195
0	1409
6	1240
32	108
14	118
2	89
43	774
2	160
3	54
8	417
1	453
2	393
0	69
59	71
12	1265
11	1051
31	82
0	14
55	101
0	66
21	7
11	18
6	32
0	10
1	7
8	19
0	0
0	0
702	389
0	387
600	398
0	8
1	10
6	306
0	0
22	10
1	49
1	35
1	13
0	0
13	0
0	0
0	0
0	0
0	0
0	0
0	0
0	0
420	353
76	2905
107	3198
12	2805
0	509
4	393
0	80
118	0
0	19
0	22
0	21
0	15
0	159
1	63
0	0
0	0
0	0
0	0
0	0
0	0
0	0
1470	280
23	26
9	37
7	28
0	34
56	35
23	60
10	103
0	0
0	0
4	3030
241	3155
181	771
7	18
93	78
2	209
0	11
1	36
17	7
35	76
9	326
5	2
0	72
2	202
0	91
0	58
13	113
5	55
11	28
40	263
0	254
4	247
0	0
27	216
17	2
15	750
0	743
4	763
0	238
0	121
24	19
19	280
0	149
63	187
0	337
19	143
23	289
1	40
1	134
0	5
0	17
0	42
0	3
0	1
0	7
0	20
0	23
0	14
0	91
0	0
0	0
0	0
0	0
0	0
274	2466
2	1322
18	247
81	2441
1	1
1705	5984
45	5570
30	4312
11	1377
22	535
13	0
0	3730
0	4
0	265
4	283
1	274
0	45
1	27
1	27
0	9
0	277
0	0
0	0
0	0
0	0
0	0
0	0
0	0
0	0
0	0
6	24
0	23
1	23
0	22
0	20
1	3
0	0
0	1
1	0
0	0
0	1
0	0
0	1
0	1
24	806
10	3336
60	3415
541	5643
123	5756
0	702
75	934
1	2791
35	3914
44	5598
34	4320
0	809
0	102
10	440
21	5
7	51
0	286
7	2891
61	2812
54	41
97	25
4	419
6	610
6	2136
14	180
2	527
4	668
52	6
0	401
18	69
4	197
6	5370
89	2052
34	1750
0	563
0	1330
0	336
17	761
14	503
9	369
7	319
16	136
10	4
1	136
15	132
81	0
3	65
0	80
0	725
0	82
0	61
0	704
7	58
1	64
8	32
1	54
2	189
0	0
61	2390
245	2011
45	2157
0	2294
58	2390
8	85
89	85
291	243
19	132
111	152
11	224
13	104
2	14
16	24
880	3855
77	2786
21	157
54	662
7	3350
0	3817
5159	12236
106	10401
3	5728
10	6955
2	5674
19	5577
0	4706
1	4163
45	4212
3	3643
0	459
3	1761
86	321
0	219
10	5
12	315
8	249
4	521
337	2887
0	386
24	2675
18	2
4	7
4	18
6	74
1747	29
0	902
0	6399
0	6901
0	2932
0	1864
0	4188
0	0
170	985
0	815
0	506
3	248
0	7833
0	2838
0	9481
0	172
2	43
0	26
0	159
0	26
0	2
11	8
0	93
15	130
277	1199
100	1078
0	650
35	461
10	74
2	0
0	0
0	0
1	0
0	0
0	0
0	0
0	1160
4	736
1	277
10	337
9	1573
19	1776
0	1298
0	1232
0	409
1	647
0	746
7	656
0	235
2	57
0	64
38	128
0	319
0	11
0	0
17	4
0	0
0	0
0	0
0	0
0	0
0	0
0	0
2	22
2	25
0	24
3	241
5	276
14	722
0	277
2	1
2	254
0	319
3	287
0	275
0	308
0	193
15	132
7	79
0	97
0	242
5	5
1	407
2	130
0	366
0	49
7	360
18	274
0	1
0	169
0	131
0	168
0	12
0	0
0	0
714	9992
368	10397
0	5389
41	4787
27	4177
395	4786
0	1
0	1
0	1
0	1
1	0
0	0
0	0
0	0
0	0
0	0
0	0
0	0
0	0
0	24
0	49
1	50
0	30
1	40
0	13
13	74
0	82
8	18
0	3
4	80
1	173
0	198
4	150
2	11
3	6
0	59
0	0
2	23
0	7
0	0
16	9
13	0
18	8
0	152
0	188
0	54
0	0
0	54
0	0
1	0
8	1161
31	752
8	443
9	8
0	78
23	1161
0	1241
132	1221
0	0
0	915
0	1218
42	379
6	1612
7	546
6	280
2	514
15	825
0	1
0	1
708	0
0	0
12	7560
40	7252
64	1107
307	5344
42	386
6	400
37	24
148	1
16	80
28	8
6	427
25	75
186	28
0	7659
0	0
0	0
0	0
0	0
0	0
0	0
0	0
0	0
0	0
2	36
137	238
0	95
1	19
0	36
8	17
0	53
28	89
1	87
4	12
19	29
25	30
20	39
1	3
50	152
0	152
0	0
0	2806
0	2677
0	2758
0	392
0	2625
4	361
0	320
24	1824
0	2490
0	57
0	489
0	29
0	170
0	59
0	183
63	20
0	0
0	66
0	0
0	0
24	734
281	2508
108	2524
5	285
13	16
19	30
22	2
0	2
0	0
2	3
0	0
134	10945
280	11229
296	2900
124	3489
4	277
10	41
50	216
0	1707
21	141
6	13
43	3
112	2264
14	8
11	108
19	0
15	0
0	1543
10	58
2	1268
2	39
0	0
0	0
24	169
0	0
0	0
0	0
1	135
0	84
0	193
0	88
15	107
8	193
0	67
6	2
0	125
8	20
2	5
0	26
12	216
0	129
235	1681
1	1735
16	1931
299	1284
153	160
24	57
0	229
0	296
10	35
14	74
10	357
5	87
15	47
253	2732
47	1099
0	2142
4	1
2	124
14	701
5	1158
3	153
0	130
5	106
1	27
2	11
227	1048
139	787
1	542
5	594
9	75
24	13
1	1
0	1
0	2
0	2
4	0
0	1
0	1
9	1212
14	1141
12	101
15	194
9	78
19	41
11	15
8	566
10	176
5	1367
126	1172
1	1344
0	384
6	660
4	265
17	1117
0	35
2	79
0	56
0	399
0	20
19	1
0	29
0	72
25	249
5	43
16	139
28	90
0	64
4	2
5	0
7	15
0	569
0	2
0	596
0	379
0	61
0	300
0	36
0	146
0	291
5	0
1	0
0	0
0	0
0	0
0	0
0	0
0	0
0	0
0	0
5	27
0	0
3	0
0	0
0	0
7	50
0	1
1	1
31	990
52	977
1	0
4	235
5	129
4	0
9	16
538	2369
3	436
1	92
16	256
2	74
4	1
21	123
36	1840
0	8
0	1
0	0
0	0
0	0
0	0
0	0
0	7
0	7
1	22230
0	20325
32	841
10	335
0	576
62	287
2	0
2	831
20	3943
0	7959
0	312
6	7920
0	7897
0	6432
1	322
383	9007
17	7564
0	7603
42	1151
0	8744
0	7053
0	6559
6	181
30	7869
74	5059
39	18
20	757
1	1327
19	3
1	6284
76	2956
1	26
0	4564
0	307
0	267
0	3206
0	34
0	2133
0	682
0	6391
0	5945
0	5686
0	4132
0	578
43	650
36	29
2	535
20	167
0	5348
0	1854
0	0
0	0
0	0
0	0
0	0
0	0
0	0
0	0
0	0
0	0
0	0
0	0
0	0
0	0
0	9
0	0
0	0
0	0
0	0
0	9
5	1837
2	1837
540	269
16	219
16	97
51	56
42	6
0	0
0	0
0	0
0	0
2	462
101	604
6	184
2	332
0	6
1	84
0	0
1	11
0	82
0	80
0	0
0	5
0	0
0	6
0	5
0	5
2	2
0	0
1	42
0	0
0	1
0	33
13	22
0	3
1	0
0	84
0	52
337	5
5	12
0	4591
11	4592
103	5088
213	3995
88	2458
0	4367
24	2269
12	572
18	35
1	187
0	1234
3	117
1	73
84	64
0	19
0	28
0	38
1	33
28	797
25	112
7	528
1	642
0	553
2	155
1	127
0	104
0	140
0	123
2	104
0	382
0	93
7	65
5	8
1	8
21	7
1	58
1	446
0	35
0	486
4	478
0	31
0	445
4	258
2	31
0	33
2	19
2	7
0	20
0	33
2	1
0	39
0	24
10	0
0	54
11	53
27	419
0	52
53	287
21	289
154	228
0	24
0	20
0	4
0	838
0	874
0	269
4	45
1613	491
24	36
2	403
0	94
0	11
0	6
0	37
0	91
0	90
83	747
202	749
286	47
6	262
1	124
5	25
4	5
1	279
0	214
5	55
0	9
0	14
0	9
0	60
587	811
10	456
2	3
3	7
8	82
1	125
1	145
272	0
0	0
0	0
0	0
0	0
0	0
0	0
0	0
0	710
2	114
0	1699
0	440
0	14
0	51
0	53
0	506
0	1040
0	347
0	203
3	1595
0	317
0	12
1	885
3	2626
239	2669
9	1207
10	17
7	105
24	157
15	46
0	456
0	728
0	1503
0	1451
0	1696
0	48
0	23
0	338
0	345
0	666
0	331
0	17
0	37
0	1413
11	261
1	261
19	261
0	61
3	43
4	23
0	13
0	273
0	131
0	2
0	139
0	27
0	4
0	121
0	18
0	22
1	32
0	10
0	2
0	138
0	154
0	474
0	590
0	986
0	1076
0	1325
13	1234
0	1216
0	1316
0	1293
0	1083
0	1250
2	1106
206	498
0	1338
11	247
0	197
13	56
0	806
25	801
1	794
0	806
3	0
0	0
10	7
0	7
0	7
1	1
0	1212
0	916
1	0
5	114
1	108
0	123
0	18
1	4
0	0
0	1
0	1
0	0
0	0
0	0
0	0
0	0
0	0
0	0
0	1
0	1
7	106
3	24
0	35
0	31
1	65
5	300
4	298
3	203
0	166
0	185
18	111
0	206
338	878
0	104
0	383
0	187
0	2
0	563
0	697
0	438
0	129
0	196
0	182
0	132
0	0
0	0
4	667
185	1298
13	9
18	47
98	993
17	19
29	713
3	888
27	9
5	387
24	442
0	16
9	177
11	180
0	1
0	0
0	16
0	1
0	2
1	16
0	0
3	163
309	167
17	1367
0	72
10	220
0	381
0	97
14	108
821	116
0	116
3	0
0	0
12	5
20	374
0	184
614	365
4	124
0	100
14	613
0	220
0	56
5	543
287	5097
52	4144
11	977
1	3927
0	874
12	133
2	2651
3	2234
4	2041
13	1737
1	1516
43	2691
7	2096
8	450
4	5
0	1168
2	897
12	1754
0	147
2	43
0	1933
107	2041
0	383
4	278
0	185
5	278
31	12
0	0
0	0
0	0
0	0
0	0
0	0
0	0
0	0
0	0
0	0
5	299
10	449
1	250
17	217
1	102
0	95
4	25
9	15
1	62
4	36
0	25
7	68
0	30
14	24
14	11
12	11
2	1
3	11
1	9
4	8
999	1681
12	1503
1	518
158	339
3	0
23	1
2	1
1	0
0	0
0	0
0	0
0	0
0	0
0	37
8	37
1	13
0	192
1	78
0	33
0	30
6	12
5	34
5	16
0	9
0	5
0	11
0	4
2	1
0	0
0	880
43	2098
31	2042
1	748
0	581
0	518
7	33
4	33
6	434
0	931
1	2382
1	4727
9	95
37	3786
0	3143
9	3117
0	5
0	1361
16	385
13	748
0	106
0	14
3	73
0	4581
1	1259
96	113
48	2
0	105
0	14
0	0
59	195
0	127
3	95
4	23
2	16
16	1
7	29
0	0
0	2
14	6
6	10
0	0
0	0
0	0
0	1
0	1
0	0
0	0
0	0
0	0
0	0
0	0
0	0
0	0
0	0
0	0
0	4
0	0
0	0
0	1
0	0
0	92
0	86
0	86
0	52
0	5
0	2
0	4
0	54
0	87
0	41
0	26
0	5
0	37
0	92
10	20
8	19
0	12
0	13
0	14
0	78
34	173
2	179
0	2
0	19
5	13
4	179
7	130
0	175
0	173
3	1711
3	0
1	21
8	675
1	753
0	7
0	812
16	3
9	0
0	281
11	3
18	16
0	11
15	8
20	315
0	1698
0	1711
185	722
0	520
12	591
1	65
14	497
2	18
8	25
0	1212
0	916
0	0
0	0
0	7311
614	7395
0	40
114	4465
0	1079
7	297
1	274
0	1898
0	1623
215	7251
22	288
0	221
0	1069
0	613
44	5662
0	379
2	54
1	48
11	8
4	30
3	66
1	54
9	9
0	55
0	0
0	0
0	0
0	0
0	0
0	0
0	0
0	0
0	0
0	0
0	0
0	0
0	0
0	0
0	0
0	0
0	0
0	0
0	0
0	0
0	0
0	0
0	0
0	0
0	0
0	0
0	90
0	2303
0	2097
0	1177
0	0
0	0
0	0
19	1197
10	2027
0	1205
21	822
3	616
17	58
0	1923
38	1613
638	5843
32	3374
16	3329
28	567
79	1904
0	12
37	780
2	764
0	39
1	23
0	2
9	15
1	54
0	57
7	145
18	52
10	492
0	0
0	0
0	0
0	0
0	0
0	0
0	0
0	0
0	0
0	0
0	0
9	2
7313	332
59	234
0	0
0	1
0	1
6	0
7	1107
0	693
14	844
1	850
2	695
9	53
0	202
0	53
3	100
1	85
1	85
0	77
0	55
0	9
2	0
2	0
2	2043
0	0
0	0
0	0
8	5
0	0
0	14
0	14
0	0
0	0
21	27
0	0
0	14
19	14
29	5060
7	792
6	1293
1	5003
0	2560
2	1132
1	973
0	1051
0	625
1	63
4	4266
0	46
1	103
0	0
7	31
1	226
0	170
0	6149
0	8510
0	11604
0	3974
0	3014
0	7123
0	888
0	65
0	653
0	233
8	5
1179	767
40	197
50	0
109	3
0	0
0	0
0	0
0	0
0	0
0	0
0	0
0	0
0	0
598	673
0	503
0	440
0	232
7	238
60	29
15	29
0	451
70	3287
1	2946
4	3287
0	1631
18	1054
36	472
0	485
31	3363
70	1170
12	780
1	812
43	1107
5	64
22	576
1	712
23	15
74	339
3	330
23	240
0	121
1	160
0	38
10	126
832	3213
0	3213
31	1147
107	907
24	1144
44	1148
7	1037
0	867
2	569
8918	0
7	3
6	1717
16	1560
10	312
3	233
0	1436
19	167
6	1344
16	172
0	18
0	576
0	300
41	398
37	115
1	214
13	155
71	301
2	3
1	399
0	418
0	89
0	0
0	41
0	38
0	38
0	38
0	38
0	38
0	39
0	38
129	819
1	208
15	58
15	132
2	46
8	35
2	23
76	195
119	783
0	0
7	1
45	934
2	776
0	773
0	768
4	410
15	465
3	421
32	515
0	65
41	975
0	652
2	223
0	437
0	820
1	329
1	29
0	205
0	598
0	66
23	18
296	1284
0	520
1	649
6	117
17	16
5	229
667	309
3	141
12	102
0	104
9	266
0	0
0	29
0	0
0	0
0	0
0	0
0	0
0	19
0	0
0	0
0	19
2	220
0	0
1	88
796	143
13	56
0	64
1	8
0	0
0	0
0	1
0	19
0	3
9	4170
54	35
50	3787
21	61
0	4031
101	26
46	268
12	140
0	325
0	4103
0	0
0	0
0	0
0	0
0	235
0	293
0	0
0	0
1	116
12	626
44	847
4	625
11	628
5	643
54	643
11	330
0	319
4	3935
0	3410
26	158
0	84
0	80
3	1114
2	3176
16	303
0	18
38	1179
0	3329
37	145
0	0
3	117
0	0
0	0
0	0
0	0
0	0
0	0
0	0
0	0
0	0
0	0
0	0
0	0
0	0
0	1
0	13
0	33
0	14
0	33
0	6
0	144
0	256
0	251
20	107
28	10
0	10
0	7
0	9
0	0
0	0
0	0
6	13
25	25
0	0
0	1281
63	2233
5	271
14	1892
2	319
0	789
1	74
0	1043
2	1034
22	4
20	1021
44	637
0	1820
1	1828
3	1261
14	1461
23	623
0	600
0	589
27	21
60	854
19	898
84	789
9	151
0	857
0	0
0	0
0	187
0	68
0	9
0	41
0	34
1	5
0	175
56	824
5	824
0	461
0	0
0	0
0	0
0	0
0	0
0	0
0	0
0	0
3	4
57	25
0	6
0	0
0	0
0	0
0	0
0	0
0	0
0	0
0	9
0	7
0	5
0	3
0	0
0	2
0	0
0	0
0	0
1	2
0	0
112	149
0	35
0	0
1	2
0	1
3	195
8	63
0	3570
0	3202
0	2918
3	335
30	3575
9	5
3	948
27	10
17	3
0	3578
0	3826
0	0
0	0
0	0
0	0
0	0
0	620
0	443
5	583
4	9
34	1
37	31
4	0
89	143
27	96
0	39
0	84
0	99
0	532
3	596
0	645
359	595
0	524
1	61
3	55
1	30101
0	5
0	29896
0	14538
0	14534
0	12437
0	12437
0	12437
0	12433
0	36
0	14535
0	27478
1	577
280	824
30	80
0	1659
0	4955
6	23309
0	24592
0	25454
1	25407
0	26141
0	23349
27	23883
0	24355
7	25797
0	25547
0	24133
0	26999
0	27345
1	27357
0	28379
0	28199
0	27455
0	28119
0	26535
2	27563
0	28896
1	516
0	737
7	6748
1	24746
335	7
0	193
0	23722
0	25405
0	924
0	25636
0	22581
0	14148
5	976
1	21091
0	23241
0	14723
0	27351
0	27090
1	20180
0	26357
0	9634
0	567
0	22442
0	24100
0	34
0	23267
25	4073
14	1467
0	1939
5	15096
0	1400
1	4612
4	5254
32	247
0	3735
12	151
34	1914
7	90
8	246
2	432
4	331
11	6
39	4988
0	0
0	0
0	1704
0	3211
0	181
0	2
0	2720
0	65
0	23
0	47
0	3
0	32
0	65
0	145
0	93
0	100
442	1527
0	1020
0	1230
0	0
0	7
0	49
1	32
16	619
3	8
31	376
6	196
0	115
7	86
17	19
744	0
5	17
0	0
0	0
0	0
0	412
2	509
0	814
0	474
0	0
0	638
0	801
0	608
0	23
0	0
0	0
0	36
0	368
0	321
1	48
0	7
24	444
1	27
0	14
0	4
0	91
0	5
0	0
0	328
0	52
0	5
0	312
0	0
0	0
0	0
0	32
0	0
0	0
0	0
0	0
0	32
0	619
13	680
0	670
0	711
11	630
15	609
2	524
18	127
0	52
0	19
2	4
4	3
7	584
40	3
14	64
0	0
0	0
0	0
0	0
0	0
0	0
0	0
0	0
0	0
0	0
0	0
0	0
13	580
47	503
2	254
1	492
8	36
17	32
2	63
921	559
11	521
0	3
4	3
71	325
27	332
11	69
1	25
0	37
0	9
6	15
1	328
16	398
106	456
0	49
34	342
13	174
0	248
0	29
7	6
14	255
0	129
0	11
1	41
2	39
0	36
3	7
2	21
12	16
23	361
0	14
1	1
0	1
1	1
1	13
0	25
0	5
0	8
15	15
1	215
0	872
17	235
7	342
1	936
1	421
0	52
1	55
5	481
5	74
0	6
0	0
0	0
0	0
0	0
0	0
0	0
0	0
0	0
2	1146
0	1119
9	1138
59	432
2	822
6	891
23	927
38	781
0	74
36	814
27	567
3	239
0	961
12	34
0	0
0	0
492	105
0	0
1534	1010
76	153
3	40
1	69
1	163
210	639
35	248
44	580
0	0
0	0
0	17
0	0
0	0
0	0
0	0
1	14
0	36
0	0
0	68
3	4
0	155
0	0
0	46
0	543
0	376
10	547
30	509
3	124
1	42
32	161
45	177
1	9
0	20
0	0
0	0
0	0
0	0
0	0
0	0
0	0
196	4615
124	1397
385	159
82	1718
6	1283
57	1501
94	1163
0	1500
99	985
159	1661
0	2059
12	1839
19	1897
31	1913
0	1698
26	902
4	851
9	295
1	826
2	544
9	2224
0	2173
1	1729
8	55
6	26
4	32
6	19
3	28
0	0
7	0
8	188
18	70
0	18
0	42
35	395
1	29
3	5
0	2
0	2168
1	1699
172	1745
3	1702
0	12
0	1571
10	1578
0	575
4	267
3	245
0	24
10	6
0	53
493	100
20	128
0	78
0	10
0	20
2	0
18	73
1	0
0	1
0	4
63	124
0	13
1	165
0	60
0	4
0	5
0	52
2	6
1	7
18	18
0	165
0	3
0	3
0	3
0	3
0	3
0	3
0	0
0	0
0	0
0	0
0	3
21	7
17835	49322
2149	25650
105	26757
158	17054
0	0
0	0
0	0
0	0
0	0
0	0
0	0
0	0
0	0
0	0
0	0
0	0
0	0
0	0
0	0
0	0
0	0
0	0
0	0
577	349
0	219
0	139
5	291
9	169
0	11
2	32
2	160
5	105
0	12
2	38
0	0
0	38
1	17
0	0
1	0
0	0
0	12
0	0
0	0
0	0
0	0
0	0
0	0
0	0
0	0
0	27
0	0
0	0
1	0
15	5
0	27
16	8
23	2076
1	275
6	112
1	176
85	36
1	11
35	27
119	1310
0	13
0	389
0	388
0	231
6	165
4	1
0	9
0	131
0	17
0	7
0	215
0	851
0	880
0	649
0	50
0	98
0	58
0	129
0	91
0	105
0	15
0	22
0	23
0	809
0	1129
0	828
0	231
0	124
0	169
0	206
0	159
0	134
0	72
13	1865
4	909
26	1817
0	1727
9	28
9	20
2	30
0	1
55	1379
1	0
10	715
2	42
3	8
5	51
6	18
24	1031
7	1011
0	460
86	891
0	21
2388	567
4	453
0	318
1	12
2	4
1	3
2	1
0	4
5	10
0	2
0	0
0	0
0	0
6	17
0	17
2	3
0	0
0	0
0	0
0	0
0	0
0	0
0	1
0	0
0	0
0	0
0	17
0	17
0	0
13	10
41	103
0	62
0	0
0	29
0	29
1181	3429
40	3399
90	600
4	216
8	145
4	29
0	0
0	0
0	1123
0	1126
99	1028
72	1208
0	66
4	539
66	1057
102	1159
33	1058
3	514
1	37
39	1160
2	499
1	1124
0	532
67	1138
0	10
4	1013
0	27
13	1040
1	2
141	496
0	636
5	3915
314	4052
8	787
3	235
28	3898
12	3093
146	935
2	620
453	191
23	453
304	89
8	42
0	72
39	30
0	133
0	3
7	3
2	23
1	26
0	14
0	21
17	2
0	127
0	669
0	4053
0	820
0	81
0	173
0	270
0	458
0	40
0	1475
0	864
0	38
14	0
7	117
0	109
0	0
0	0
1099	1123
9	9
6	31
7	112
91	133
12	4
13	873
0	299
0	99
13	27
35	68
5	356
0	1
0	1
0	1
0	0
0	1
0	1
0	3
0	3
0	1
0	0
0	0
0	0
25	281
2	297
44	256
0	14
0	4
2	4
2	0
10	11
0	1
0	0
0	1
0	0
0	0
0	4
0	807
0	811
0	701
0	434
0	333
0	265
0	117
0	27
0	10
0	18
0	12
0	30
0	5
0	8
0	0
0	0
0	0
0	0
0	0
0	0
0	0
0	0
0	0
0	0
0	0
0	0
0	0
0	0
0	0
1211	6109
1	5031
0	1389
0	4933
65	239
4	1130
1	296
1	1453
1	1242
14	0
1841	400
5	346
9	141
8	78
3	83
5	2
28	26
22	10
10	5
5	11
3	3
2	0
19	2853
3	2496
4	164
0	2332
1	88
6	0
2	84
4	18
3	169
32	1058
2	126
0	139
15	5
23	4
2	27
308	408
5	134
0	247
1	6
4	372
0	0
0	0
0	0
0	0
0	0
0	885
0	885
0	173
0	173
2	172
0	30
0	191
0	195
2	172
0	165
0	152
0	13
9	73
0	0
1	0
30	55
0	0
0	0
0	0
0	0
1324	5616
550	5616
20	144
92	775
0	0
13	927
1	90
1	632
0	684
0	220
29	40
0	148
0	67
37	163
41	150
4	151
2	806
3	858
0	836
0	2515
0	2266
0	1281
0	1249
0	329
0	196
0	416
0	160
0	0
0	0
0	0
9	2578
0	74
11	12
2	283
4	22
1910	2822
0	2577
13	16
18	16
0	5
4	71
6	16
0	15
3	86
1	87
5	93
0	13
0	3
0	7
0	0
6	10
0	9
0	0
12	1040
4	1073
3	343
8	81
125	347
0	916
0	490
24	79
42	1183
30	515
0	1218
4	1207
0	501
0	146
0	179
0	664
0	48
0	216
0	187
0	43
0	185
0	1617
0	1607
24	1919
0	1785
0	1089
71	327
101	1466
1	1562
0	1577
0	1474
0	1384
15	765
0	138
10	181
0	184
5	881
77	1327
7	1153
0	152
0	183
0	856
4	1315
74	868
18	947
8	113
0	143
91	705
126	481
52	405
0	0
1	0
46	1007
0	572
159	934
2	25
0	0
150	392
12	619
13	787
1	677
19	944
2	715
5	880
4	747
16	720
7	444
93	356
1	470
379	470
21	138
0	532
263	515
1	249
0	733
0	781
0	587
0	298
2	55
15	29
0	733
0	49
0	49
0	49
0	0
0	0
0	0
0	0
4	2
0	0
0	0
0	0
8	36
0	0
0	0
0	322
63	1196
150	829
3	783
3	149
57	158
5	207
0	217
8	195
0	119
4	45
1	685
0	305
1	107
709	213
18	114
1	18
81	4264
150	4282
1	67
13	29
0	0
0	0
0	0
0	0
3	7
0	0
0	0
0	0
0	0
0	0
0	14
7	149
0	0
0	0
0	0
0	0
0	0
0	0
0	0
0	0
0	0
0	2090
5	2166
11	1452
33	1192
6	1335
32	541
77	110
51	102
55	0
80	1947
0	0
0	0
0	63
0	7
0	59
0	1
8	259
0	259
1	228
6	849
0	3305
0	211
3	598
0	829
90	2608
7	2638
0	717
20	82
15	586
2	175
28	400
0	955
6	1056
0	873
10	838
4	680
163	114
0	85
86	1
0	2557
10	93
7	9370
4	180
122	10241
2	8673
3	1108
4	126
5	1250
4	5684
2	6594
3	519
1	519
12	1438
1	1060
6	0
1	0
3	724
76	724
0	20
7	21
1	1
0	0
0	0
0	0
0	0
0	0
0	0
0	0
0	0
0	2953
0	3016
0	335
79	38
0	50
0	33
0	36
0	28
0	28
0	28
0	28
322	28397
88	3041
134	375
0	145
44	15500
40	19373
135	3552
335	21443
1095	2894
0	0
0	0
0	0
0	0
0	0
0	0
0	0
26	35
0	0
0	0
0	0
1	0
2	0
0	0
0	0
0	0
0	0
0	0
0	0
0	0
0	0
0	0
0	0
0	0
0	0
0	0
0	0
0	0
0	42
0	43
0	38
2	72
0	32
0	32
0	31
1	22
0	25
0	5
0	0
0	1
0	0
0	1
0	0
0	1
0	0
0	0
0	0
0	0
1	11
0	1053
0	570
65	1843
5	1921
0	809
3	13
0	2095
0	955
0	2216
0	106
0	1283
0	1264
0	213
1	1229
35	123
0	7
2	453
0	131
0	0
0	0
6	0
0	0
0	0
0	0
0	0
0	0
367	55
23	742
36	671
6	63
0	96
5	170
11	60
0	3
6	0
17	1
653	3036
3	2656
1	798
4	479
19	380
67	566
9	353
16	241
3	142
0	155
3	102
2	68
109	792
21	22
158	807
12	291
0	0
0	0
0	0
0	0
84	0
0	0
0	288
291	2118
0	1958
30	1726
94	2198
0	1553
0	1574
29	1503
0	251
23	318
22	18
12	62
0	50
10	79
0	190
0	97
1	56
3	172
1	33
5	118
16	1914
25	26
6	146
2	52
0	41
3	156
780	674
15	135
0	41
2	75
150	209
42	73
11	195
574	1694
3	1015
8	1267
14	219
17	395
5	1547
14	230
2	843
11	18
0	6
57	29
92	39
3	39
5	6
26	171
0	7
0	13
0	13
0	13
0	0
0	0
52	83
0	2242
0	3840
0	501
0	56
0	3330
47	1120
0	702
19	2849
112	1999
0	482
34	647
86	382
4	67
0	0
24	156
4	8
18	8
0	1503
0	3542
0	193
5	21
0	21
0	0
0	3
3	259
9	50
32	5
0	110
0	211
2	5
0	89
3	21
17	123
23	49
0	1
0	12712
47	20391
105	14
4	19775
1	20423
4	2616
20	13161
35	10948
1	9403
115	1142
11	17706
117	11378
19	1534
5	63
0	312
0	312
0	20793
0	5486
242	487
16	383
5	166
1	107
0	120
0	128
0	10
2	104
20	0
0	11
0	37
0	0
0	23
0	0
0	38
0	38
98	181
11	7
6	13
12	167
2	1
10	0
2	44
2	16
20	15
2	17
3	14
4	3
2	3
1	0
0	3
0	0
0	0
0	0
0	0
0	0
0	0
0	0
0	0
0	0
0	0
0	0
0	0
0	1
0	1
0	777
0	678
0	690
0	393
0	762
0	654
0	647
0	468
0	1
0	2
0	331
0	158
0	304
0	55
0	7
5	114
137	752
20	631
34	209
22	95
16	80
9	240
0	104
77	299
3	225
0	212
4	5
41	34
2	54
19	75
0	14
1	9
0	0
0	5644
210	3702
30	4916
0	2359
23	1236
64	3362
0	1391
0	2059
4	1635
0	137
4	1141
13	332
3	755
2	541
10	472
0	4775
0	5871
0	0
0	0
2	0
2547	2104
0	633
0	1330
4	3
3	21
44	303
10	306
0	0
0	2
1	0
26	1847
20	1005
5	936
4	1051
15	51
6	47
2	1
23	316
4	166
4	1797
0	0
0	0
0	0
29	8
278	467
261	573
3	24
0	14
0	268
23	0
170	1825
6	163
1	125
4	882
0	92
5	39
1	1399
35	29
22	10
0	107
37	816
0	7
0	7
0	5
0	0
0	2
0	7
0	0
0	0
2	680
37	550
0	550
1	150
0	358
0	115
0	202
0	59
2	4
11	24
0	728
0	661
1	23
639	6540
3305	6540
36	720
7	584
0	0
0	319
0	437
2	40
17	318
0	65
5	26
11	14
7	4
0	21
6	113
31	180
12	226
2	91
10	1
1346	1018
59	699
27	632
355	554
0	169
0	0
0	0
0	0
53	289
27	242
26	133
0	182
6	27
0	52
0	0
0	52
0	0
0	67
0	0
0	0
0	0
0	0
1	0
0	0
0	0
0	0
2	5
0	0
0	0
0	0
105	683
2	39
12	152
0	35
11	541
4	222
19	64
2	181
1	444
2	417
1	1
7	36
41	328
0	326
1	207
0	160
1	0
0	13
3	34
142	22113
192	950
2	18953
1	17643
0	19389
2	1655
0	1474
1	2907
0	5518
22	2768
0	5832
3	2266
15	1651
19	1756
0	1626
2	39
4	83
29	82
0	19391
0	21924
190	57
4	22
13	58
0	4
0	3
0	4
1	4
0	4
0	0
0	0
0	0
3	3
51	21
0	5
1	5
0	5
31	827
0	421
21	793
11	347
0	793
50	597
2	11
2	103
0	48
4	43
0	29
3	9
0	8
0	25
0	32
0	3
0	16
5	0
0	20
1	15
3	0
0	16
1	5
2	10
1	3
3	3
0	3
15	106
4	822
0	895
46	933
6	133
4	30
5	67
3	3
0	158
3	79
6	55
0	90
4	0
0	68
21	39
21	0
1	1105
0	964
0	846
0	409
0	636
0	624
0	27
0	510
0	11
0	5
0	6
0	11
0	55
0	13
0	210
0	80
0	0
0	0
21	5
8	59
0	112
13	294
8	292
0	298
3	4
5	12
18	24
1	6
1	16
0	31
0	12
0	31
5	32
11	73
1	6
1	0
132	23
0	2
0	0
0	0
0	21
0	1385
0	130
0	887
0	1251
0	127
0	1332
0	207
0	1240
0	155
0	1255
0	1247
0	81
0	27
0	90
0	29
0	126
0	983
0	2
23	1642
199	1642
28	1202
4	17
1	23
0	10
0	10
1	2
0	8
0	0
0	0
1	671
15	42
2	605
1	43
2	151
0	483
1	473
1	415
4	569
0	544
119	537
36	26
17	11
9	30
1	82
4	10
0	2239
48	1035
4	1038
23	409
4	614
16	211
4	0
20820	5
2224	2146
19	0
7	582
6	470
1	69
10	154
1	151
15	394
0	394
1	32
3	23
2	191
1	293
10	121
101	588
428	1586
3	373
3	31
3	45
3	125
72	0
8	92
2	11
6	35
20	947
1	240
58	102
6	211
13	118
27	19
0	0
0	0
0	3
0	11
0	6
2	38
0	34
2	0
0	0
0	0
0	4
0	9
0	4
0	4
0	0
0	31
0	1
0	1
1	1
16	1
0	1
8	599
7	809
4	1237
7	688
5	8
7	0
2	0
30	259
11	483
8	380
99	694
0	38
0	49
6	479
15	0
16	4
253	514
40	535
101	337
14	135
2	12
23	69
77	171
18	123
4	16
17	60
9	7
0	0
0	0
0	2222
0	1960
0	4330
0	6997
0	5931
0	5904
0	5896
0	1261
0	19
0	1283
0	1361
0	4575
0	2340
0	1794
0	1916
0	1813
0	467
0	787
0	434
0	107
0	348
0	192
1910	26
2	1651
0	577
0	328
0	239
0	215
1065	0
0	51
0	1
0	51
886	125
11	93
6	15
3	6
8	6
0	1
0	1
0	1
0	1
0	0
0	8
0	1
0	0
0	0
0	0
0	0
0	0
0	7
0	0
0	0
0	0
0	0
0	0
0	0
0	0
0	1
2	716
30	164
30	698
50	505
0	35
0	307
0	3206
0	187
39	2125
19	147
0	1854
0	1828
0	0
0	0
0	0
0	0
0	0
0	0
0	0
0	0
0	0
0	125
3	864
3	815
139	1206
0	622
1	598
1	84
3	39
11	854
76	1018
57	1196
0	191
52	14
8	441
5	33316
0	32328
3	20199
52	26082
87	1666
0	2220
18	26
56	2144
34	681
10	32010
0	0
6	0
78	229
2	37
20	45
0	101
0	23
0	175
25	18
16	40
11	321
4	300
0	259
18	78
6	81
0	132
16	57
7	9
0	328
1	1377
338	1536
2	101
1	51
23	542
1	218
7	243
0	552
37	368
67	334
84	280
9	58
75	801
4	67
35	776
205	624
278	24
0	11
6	13
4169	1302
35	460
4	1226
14	13
12	258
32	67
1414	767
36	9
47	760
0	0
6	128
0	1
0	1
0	0
0	0
0	0
44	0
0	0
0	0
26	21
0	14
0	11
0	134
0	8
0	206
0	0
4	206
0	114
0	155
0	153
0	27
0	38
0	59
0	26
0	63
0	62
0	13
0	74
0	146
0	129
0	35
0	60
25	373
8	289
2	122
0	138
3	22
9	0
0	7
6	121
1	61
3	122
0	175
51	36
0	2
6	24
0	0
0	0
0	0
0	0
0	0
0	0
0	0
0	0
0	0
0	0
49	205
0	108
7	153
0	150
0	181
1	30
1	23
0	17
10	1
0	0
0	0
0	9
0	9
0	0
0	7
0	0
0	0
0	0
0	0
0	0
0	0
0	0
35	430
16	1463
27	371
20	379
12	108
11	197
1	20
6	12
3	852
0	20
122	1013
22	964
0	520
8	418
35	402
2	195
0	26
0	54
0	2
0	194
2	26
2	50
11	194
0	195
1142	243
4	194
2	204
25	2781
2828	2781
41	0
0	337
0	1
0	4
0	42
0	5
0	16
0	23
0	1
0	23
0	37
0	29
0	2
0	0
0	300
0	0
0	0
2	5
0	0
0	0
0	0
0	0
0	0
0	0
0	0
0	0
0	0
0	0
0	0
0	0
0	0
0	0
0	0
6	0
0	0
2	4
0	4
5	0
1262	1036
0	601
4	538
3	253
5	89
0	112
0	48
1716	4840
1	3525
0	1313
4	3268
0	1419
0	1466
42	178
8	1562
25	704
0	701
36	394
27	790
0	2135
0	394
0	3925
0	14
0	2045
16	1973
0	6
0	687
3	539
52	147
2	3871
32	0
0	5
0	0
0	0
0	5
0	5
0	361
6	265
1	307
9	337
2	206
7	68
0	135
0	51
1	33
5	32
12	34
1570	13
1	13
0	5
0	3
0	0
0	2
0	10
0	2
0	96
0	101
0	11
0	39
0	11
0	0
0	5
0	0
0	0
0	5
0	12
0	0
0	0
6	15
0	42
0	58
16	85
47	41
109	122
0	21
1	20
0	11
4	71
3	5
1	6
0	5
5	1380
0	115
0	129
0	49
0	1
0	1
8	0
0	0
1	3
0	51
0	0
0	52
45	23
1	16
0	4
0	0
3	20
1	122
3	7
32	365
105	364
2	201
81	1
12	201
39	263
0	93
0	0
14	1260
3	1260
5	162
2	147
0	82
0	53
4	5
87	0
1	0
0	0
5	1217
4	538
7	540
3	141
7	185
2	603
13	3
11	427
5	607
23	87
5	103
2	25
1	19
0	146
15	339
82	194
3	116
1	327
0	12
5	169
170	203
3	77
1	31
0	812
0	774
0	631
0	608
0	514
0	1155
0	19
68	26
1	12
2	19
3	1174
59	822
23	697
37	45
31	6
29	92
0	151
3	71
107	10
0	19
0	19
0	19
0	0
0	0
0	0
592	4130
15	3151
0	2674
0	2683
5	3102
29	2679
112	579
16	431
16	288
4	793
3	211
15	248
4	698
3	187
0	16
8	40
0	1635
10	1223
1679	3587
19	28
15	146
1	181
44	69
4	550
26	30
7	1792
21	5
25	104
30	205
6	809
0	192
6	187
2	7
6	1
0	1
3031	5129
1	1890
344	4991
26	2818
616	624
2	18
5	44
0	4
1	18
0	0
0	0
0	0
0	0
0	0
0	0
0	0
0	0
0	0
0	0
0	0
0	0
0	0
1	0
3	22
0	1
0	227
0	41
62	1472
53	1484
9	1346
8	826
2	57
3	1256
11	0
1	93
3	112
15	398
2	222
0	0
0	0
0	0
0	0
0	0
0	2
0	0
0	0
0	0
0	38
0	0
0	0
0	0
0	0
0	0
0	0
0	0
0	0
0	0
1	0
9	2062
45	4
2	612
16	14
85	30
4	158
2	1890
0	0
0	9
0	0
0	0
0	0
0	9
0	0
0	0
0	0
0	0
0	0
2	758
13	1172
821	2086
64	649
11	68
511	1110
10	268
0	153
17	32
4	37
1	33
5	127
2	100
13	30
58	199
4	53
10	169
54	94
1305	838
8	108
23	1119
73	2104
11	1471
8	714
2	181
104	765
309	201
0	172
3	26
3	15
3	165
3	0
1	21
11	4
0	2
0	12
1	13
0	8
0	16
0	53
957	2969
99	22
16	107
16	2758
7543	9411
0	5916
0	9493
0	134
14	16
0	22
0	124
10	19
0	40
0	98
0	11
1	4
0	1
11	157
4	10
3	22
1	133
394	544
0	496
5	326
1	19
2	314
0	73
2	34
7	108
4	108
1	0
4	3518
0	629
5	325
38	407
244	822
0	45
13	114
36	290
3	37
0	68
1	1
0	68
0	68
0	0
2	1
0	0
928	13636
48	6248
1	8098
1031	7099
0	4935
257	4930
0	112
0	9617
3	35
3	35
0	8
19	0
0	0
38	3980
0	248
31	2475
0	712
54	4011
7	532
0	2315
69	2256
0	886
173	2135
13	74
1	1861
0	1813
0	16
3	3
34	635
1	3
11	145
0	117
24	481
0	53
9	16
0	0
1	49
26	7385
1	6924
4	7002
10	6416
0	21
0	20
3	43
50	567
530	3373
9	399
100	60
27	457
5	1670
0	1466
38	1369
215	20
11	695
19	683
0	25
0	14
0	36
0	327
4	313
8	289
1	297
10	296
0	276
0	268
2	9
5	31
7	305
0	41
0	14
0	0
0	0
0	0
0	0
0	0
0	0
0	0
51	526
19	0
13	0
0	44
1	79
0	77
7	498
46	484
0	0
1	1
0	13
2	12
27	13
151	2457
34	3263
0	3225
9	1330
30	8
17	263
6	15
8	100
22	169
3	24
3	93
41	111
30	135
14	5
59	4552
167	6775
5	6002
0	6441
0	6400
3	6100
4	5197
18	738
3	1195
77	523
0	297
106	212
0	150
4	269
21	280
0	10
0	8
0	8
0	7
0	7
0	0
0	84
3	60
0	54
0	66
0	0
3	3
2	65
0	52
92	77
0	5
0	56
33	2696
29	2442
13	2416
30	47
0	48
0	6518
0	271
0	1129
0	789
0	139
0	58
0	60
0	502
0	34
0	259
0	1377
0	448
0	129
65	76
0	57
0	34
36	52
26	60
5	8
0	8
1	4
95	38
0	2
2	0
0	634
0	763
0	1236
0	218
0	408
0	208
0	136
0	208
0	165
0	11
0	9
1	11
0	32
0	2
4	33
0	3
0	0
28	59
18	390
130	381
0	17
1	15
2	14
0	43
8	5
0	13
4	33
15	35
4	15
29	96
12	1
0	87
10	1427
7	772
0	483
0	2462
0	1227
12	1482
0	2516
0	82
0	83
0	82
12	1338
30	346
0	1171
0	471
6	23
59	75
0	124
70	86
32	522
26	361
0	452
1	29
0	0
0	0
3	18
3	313
80	445
0	19
0	31
5	19
5	255
0	8
0	0
0	0
0	0
0	0
0	0
5	2
0	0
4	173
382	229
1	19
2	5
95	473
1385	537
64	168
0	0
1	0
0	9
0	0
0	0
0	9
0	0
0	0
10	3
0	0
0	2
0	2
16	1
8	282
130	837
5	837
29	80
0	80
4	762
19	98
0	48
0	48
0	1
0	5
0	0
0	0
0	4
0	4
0	2
0	1
1	0
21	1414
2	360
579	1477
33	440
0	567
0	1189
2	45
0	366
0	101
0	37
0	7
1	636
30	307
0	1
1	1103
0	0
0	2
0	0
16	1
0	51
149	205
0	154
2	62
2032	106
1	1
0	6
1	0
0	1
0	47
0	3
1	22
0	46
0	2
1	5
0	7
0	6
0	46
0	6
0	45
0	47
0	46
0	3
0	3
0	47
0	43
0	43
0	43
7429	2005
0	378
0	509
0	201
6	77
2	132
2	49
18	1060
327	188
1	141
2	147
0	177
0	0
0	3451
21	3101
42	3057
8	3079
48	823
4	16
12	1
0	0
0	0
0	0
0	0
0	0
0	0
0	0
0	0
0	0
32	767
2	313
1	714
30	675
3	12
0	0
0	0
0	0
0	0
3	0
9	24
7	24
82	85
0	81
0	27
0	4
0	3
0	24
1	39
0	135
10	130
0	108
0	7
0	84
0	2
9	2
0	11
0	12
0	10
0	9
5	6
6	6
42	0
0	109
15	224
2	43
83	201
0	237
0	210
0	203
30	158
10	16
1	51
0	21
3	83
3	29
0	0
4	4
0	7
0	0
0	0
0	4
5	20
10	4
0	45
2	76
27	49
0	32
0	44
3	50
0	36
11	26
2	32
1	15
0	45
0	21
30	2
0	0
13	15
0	0
2214	108
9	81
6	840
8	288
35	798
0	377
5	419
49	489
0	742
0	569
17	133
1	82
1	650
2	14
0	18
129	62
11	18
12	13
1	12
12	67
2	164
0	11
13	49
0	1
6	9
0	0
18	43
0	0
0	0
0	0
0	0
0	0
0	0
0	0
0	0
0	0
0	0
0	0
0	44
0	43
0	0
0	0
0	0
0	0
0	0
0	0
0	0
0	0
0	0
0	44
216	844
31	844
223	2709
6	0
4	1
2	315
5	1508
1	538
6	2071
3	571
9	273
0	570
5	303
0	135
12	504
0	270
27	329
26	269
12	39
4	147
4	164
4	118
0	20
0	20
0	0
0	0
0	0
0	0
0	0
0	0
0	4
0	4
0	4
0	4
0	4
0	4
0	4
0	0
0	0
0	0
0	0
0	0
0	0
0	0
0	0
0	0
0	0
0	0
0	0
11	0
0	0
0	0
0	0
0	20
0	0
0	20
0	0
0	0
0	6
0	6
0	0
0	1
0	0
0	1
0	2
0	0
0	2
0	0
0	0
0	2
0	175
0	1688
0	172
0	596
0	0
0	0
0	0
0	0
0	0
24	6188
19	5752
0	6024
4	2160
0	481
1	527
2	489
0	88
1	814
7	801
3	702
24	622
0	604
3	735
12	78
1	4
16	0
2	2
0	561
0	6392
0	3083
0	0
0	46
0	46
6	28
0	42
0	39
0	5
1	18
5	39
1	35
12	29
29	74
70	282
19	138
0	441
0	734
7	525
9	104
2	617
14	526
5	1
25	406
10	266
16	582
0	424
0	3
0	522
0	95
0	1
4	49
0	554
0	109
13	32
3	0
12	112
3	247
9	94
0	852
6	25
13	314
0	6
8	803
3	698
0	0
0	0
0	0
0	0
0	0
0	0
0	0
0	0
0	0
0	0
23	3167
0	1783
0	1125
0	1143
43	36
0	1177
0	3225
39	252
19	4
22	1733
4	1956
6	2694
239	4257
18	3078
19	1200
39	813
31	869
8	788
21	1464
0	518
4	548
10	1166
26	657
3	527
0	0
0	0
0	0
18	2038
64	2125
5	2070
7	2
80	802
0	1409
2	245
3	201
20	2
0	20
4	333
1	309
6	178
23	239
118	26
14	34
1	5
1	0
1	0
0	564
0	0
20	4
3	2
0	1091
22	181
26	33
3	521
0	474
0	532
1	489
6	465
13	526
0	479
0	467
1	488
0	538
0	170
0	22
0	201
15	178
0	97
0	295
0	398
0	129
33	110
6	6
0	114
0	118
0	152
0	137
3	75
0	21
19	118
0	101
1	87
1	72
4	61
0	111
0	44
0	23
30	18
33	42
0	504
0	0
0	0
0	0
3	115
0	589
0	721
40	97
0	14
4	538
0	167
7	560
6	53
0	592
0	42
3	16
0	27
3	724
0	514
647	841
8	209
53	123
183	485
19	515
1	105
0	353
0	1
0	4
0	219
3	198
0	42
0	0
0	16
0	21
0	27
0	23
0	1
0	39
0	29
0	47
0	2
0	1
0	0
0	318
0	28
0	0
0	3
0	2
0	9
0	8
0	8
2	74
0	3
0	0
0	3
0	2
0	1
0	2
0	3
0	6
0	9
0	9
5	221
112	221
9	184
13	84
4	387
6	515
24	89
182	454
0	514
0	0
1	0
0	0
0	0
0	0
0	0
0	1828
0	2484
0	828
0	341
0	574
0	436
0	39
0	424
0	277
0	252
0	145
0	0
0	2303
7	2136
1	1841
115	1664
21	0
43	22
0	0
0	0
0	0
0	0
0	0
0	0
1	2
0	2
0	0
0	1
0	1
4	84
2	19
2	95
1	57
94	103
0	39
2	3
285	101
90	93
175	848
182	82
89	706
0	8
8	2
2	138
18	41
0	2039
6	2181
3	889
24	131
29	26
2	88
10	16
3	82
5	60
4	100
3	21
31	94
9	1541
54	2132
0	2147
0	2128
0	0
0	1
0	0
3	247
83	399
34	144
0	163
40	2
6	211
0	413
3	8
0	0
0	0
0	0
0	1099
0	145
0	58
0	30
0	4
0	68
0	38
0	81
0	71
31	8467
589	8221
0	167
3	6596
33	269
2	1903
37	2915
2	1199
25	257
6	1976
42	1824
13	20
0	6
0	0
0	1
0	6
0	0
0	4
0	11
0	0
0	90
0	0
0	0
0	0
0	0
0	0
0	0
0	0
0	0
0	8
1	18
0	20
0	21
0	10
0	2
0	0
0	3
0	0
0	0
0	0
0	0
1	0
0	23
0	22
0	22
873	133
6	133
234	10
75	780
37	780
2	0
0	15
0	15
1257	1039
0	242
17	880
1	273
13	167
38	187
0	3
0	0
0	23
0	0
0	0
0	0
0	0
0	0
0	0
0	0
19216	6678
73	3436
1	1462
1592	4213
16	983
23	1142
11	1477
18	803
955	991
9	858
10	236
72	10
13	46
300	4
0	2278
12855	17589
24	458
18	720
5	15894
21	3571
9	3920
50	103
0	1
3	102
1	14
0	5
2	0
0	0
0	13
7	14
2	0
0	0
112	0
9	9
1	8
0	0
1	0
0	0
1	7
2	0
0	0
0	0
0	0
0	0
0	0
0	0
0	0
0	3
0	3
0	3
0	920
0	207
0	425
0	154
0	153
0	32
0	140
3	700
8	269
0	32
37	11
2	683
0	0
113	120
2	88
0	49
1	13
2	32
1894	131
32	131
181	42
21	530
11	530
26	530
15	383
0	1
0	1
0	1
0	0
0	0
0	0
9	25
17	41
4	49
0	14
0	68
12	38
3	17
0	23
0	4
1	18
0	68
0	21
30	1
1	2
0	20
2	2
6	5
1	30
13	0
0	43
334	2294
263	4184
1	3575
7	460
0	456
0	336
15	360
0	949
5	1383
0	1209
0	953
155	1118
38	456
38	4
0	0
0	0
0	0
0	0
0	0
2597	881
7	20
22	15
110	87
1	797
0	0
0	0
0	0
0	0
0	0
0	0
0	0
0	0
0	0
0	0
0	0
0	0
0	0
0	0
0	0
0	0
0	0
0	0
0	0
0	0
0	1
0	0
0	0
55	32
20	32
14	1346
173	1162
13	1109
0	1265
19	120
5	244
89	52
11	4
4	0
0	0
1	0
159	24
0	2015
0	7
0	896
0	957
0	139
0	77
0	463
0	107
0	0
41	386
10	1059
369	1415
30	35
1	3
116	1
2	3
7	265
2	69
1	431
4	331
0	128
1	81
0	102
1	52
0	233
347	456
86	821
142	1152
6	764
26	162
15	157
12	276
33	240
9	225
12	235
20	126
0	18
2	11
1	10
3	29
15	6
17	6
26	395
747	1483
30	1716
9	1062
211	1291
0	1475
2	940
3	468
1	107
0	8
0	7
0	5
2	2
3	14
7	42
10	22
4	0
3	38
7	16
5	8
10	132
0	931
0	392
1	310
29	199
4	54
0	3
5	859
0	360
284	6661
33	1908
56	6331
8	5469
32	1072
5	93
2	22
14	828
8	75
5	207
37	151
1	83
7	53
1	9
0	9
0	110
3	125
0	109
0	91
0	117
0	102
0	108
0	16
0	45
0	50
0	56
0	35
0	20
3	35
0	21
1	20
2	8
8	0
0	123
2	111
0	150
0	0
0	0
0	0
0	0
0	0
0	0
28	43
0	0
0	0
0	1
0	1
0	0
0	0
0	0
0	1
2	0
0	0
20	415
11	680
478	680
4	182
4	136
5	6
1	4
3	12
6	48
0	74
0	12
0	16
5	68
0	34
0	14
2	17
0	66
15	0
1401	1355
19	257
2	53
131	1075
16	0
2	42
0	2857
8	2753
24	2436
8	654
11	78
16	87
41	306
0	153
3	197
4	31
3	181
88	289
7	6
17	258
244	15
12	597
189	333
2	67
189	316
18	123
6	31
3	53
30	34
0	5
0	5
0	1
0	1
0	0
0	0
0	0
2	0
0	0
13	0
6	0
1	0
2	30
10	10
1	5
0	5
0	5
0	5
0	0
2	0
0	0
0	0
6	0
0	0
0	0
0	0
4	0
1	0
2	0
14	4
0	0
0	0
18	1050
21	979
18	992
0	977
0	690
1	851
1	922
2	95
0	474
0	112
0	1
0	0
18	73
0	3
0	0
0	57
0	4
0	0
0	57
0	0
0	0
0	4
0	0
5	102
0	154
10	625
5	36
0	64
1	120
0	476
0	815
0	60
1	44
0	31
0	31
0	33
0	135
25	45
5	11
0	61
2	48
1	1
0	43
0	47
0	49
0	2
0	1
0	0
0	2
0	43
0	47
0	49
0	0
0	0
0	0
0	0
2	14
0	12
0	0
0	0
0	28
0	0
0	0
0	0
0	28
90	221
1	112
12	43
24	46
1	43
23	60
11	60
0	42
2	2
164	64
272	47
1	50
0	5
5	1
0	2786
0	1273
0	596
0	178
0	0
4	7
0	8
0	8
1	0
0	47
47	66
0	760
0	53
0	162
6	41
1	17
0	679
76	506
6	186
0	228
0	93
0	7
46	182
0	1
1	1
4	11
0	173
0	0
1	98
0	104
0	8
0	10
0	10
0	11
0	8
16	20
0	13
0	11
14	63
0	10
0	4
0	24
0	2
2	17
1	0
11	7
0	7
0	7
0	0
0	0
0	0
3	297
4	319
0	295
40	90
1	83
3	201
68	151
0	59
18	128
0	138
454	3327
6	2423
48	2437
16	145
10	91
135	172
4	12
1	493
2	156
33	12
1	3
0	7
0	7
0	1
0	1
2	2
0	1
0	0
0	74
0	64
0	10
0	0
0	0
12	151
0	14
2	16
2	45
1347	1368
8	197
91	432
5	1193
2	2
3	66
0	1221
0	1056
0	0
0	3
0	1
0	1
1	0
0	3
0	0
1	1
0	1
0	1
21	317
144	531
79	209
12	147
4	106
16	37
1	5771
0	698
0	5939
11	5414
0	3779
0	775
1	5130
3	111
0	1375
4	370
3	163
6	71
14	17
4	199
58	1500
58	34
260	1810
60	30
9	61
56	1480
5	1516
3	627
10	1501
44	5200
0	5360
0	5484
186	865
1	873
13	705
2	168
9	25
15	763
115	773
9	128
0	114
40	1
0	0
0	0
4	223
1	141
1	209
0	92
0	260
0	155
8	338
47	33
0	13
0	3
0	0
0	0
0	22
0	0
0	0
1	0
0	2
5	2
3	1
0	22
0	0
0	0
0	0
0	0
0	0
0	0
0	0
38	1075
0	878
105	605
2	956
1	169
0	276
168	1013
28	347
13	73
0	553
0	29
0	0
0	119
6	107
97	94
6	242
0	142
8	117
72	105
0	75
0	129
2	104
11	40
95	7
0	66
0	150
0	45
63	117
68	132
3	51
0	0
0	0
2	466
8	440
3	389
0	286
3	74
0	10
1	60
3	14
3	36
2	8
1	9
13	0
12	0
0	33
0	33
0	0
0	0
8	0
0	0
0	0
7	56
51	152
47	2241
1	424
393	2406
8	192
1	118
1	665
9	2360
74	68
0	382
0	18
0	289
0	154
0	167
0	127
0	316
124	212
0	209
0	201
0	184
0	69
0	163
422	283
2	203
2	36
2	217
0	39
2	45
1	1
2	2
3	547
57	624
22	625
4	623
6	136
4	99
1	13
1	1
1	1
2	18
2	19
0	440
27	495
0	100
2	184
6	56
8	44
7	3
10	319
19	262
0	27
0	0
14	27
178	1958
11	6
0	108
5	239
3	197
0	1487
8	287
0	278
26	122
1	1148
17	2
4	5
85	48
0	9
1	6
0	20
0	775
0	3184
0	437
0	1177
0	1619
0	846
0	1098
0	1098
0	765
0	1246
0	30
0	28
0	143
0	0
0	0
0	38
0	0
8	844
1	39
215	1138
7	1004
0	1277
7	296
2	620
3	79
0	105
12	69
3	0
15	5
0	33
0	41
1963	2063
7	244
19	499
0	1704
0	0
25	655
124	145
3	122
2	2
0	17
3	72
4	41
844	145
6	144
4	0
0	14
25	25
1	6
0	7
4	15
0	0
0	7
0	7
0	6
33	16
0	447
3	604
3	645
8	161
0	262
8	13
1	604
7	917
1	793
0	764
15	59
2	11
12	384
2	34
0	423
16	15
0	0
0	0
0	0
0	0
0	0
0	0
135	814
5	704
1	279
0	162
7	204
0	79
5	30
0	4755
405	5904
0	3504
41	0
137	388
230	6
43	763
134	322
53	232
10	81
17	0
0	0
16	6
9	7
16	10
89	19
55	5824
2	1
1	1
2	15
0	12
0	2
0	14
0	15
0	13
0	1
1	1
0	0
0	0
0	0
0	1
0	0
169	354
3	447
1	468
3	69
3	213
5	138
0	38
0	9
0	59
28	182
2	7
0	14
3	15
2	21
68	5
0	1
42	4
0	0
0	0
0	32
9	60
0	0
0	0
0	0
0	0
0	0
12	211
76	212
13	1
137	490
9	431
19	268
0	126
1	107
0	91
0	211
14	89
1	20
2	70
0	22
11	78
13	0
4	67
43	47
6	6
0	2
2	3
861	453
23	416
0	0
2	377
6	369
3	377
0	1
0	0
0	0
0	0
0	0
923	1900
12	1742
6	1259
1	947
15	1274
4	988
96	68
0	4
10	563
2	227
7	196
15	202
0	42
0	126
0	31
0	38
0	35
0	20
9	6
2	33
2	34
14	0
0	30
12	25
0	3
16	9
0	0
0	0
0	1
0	0
0	0
0	1
1670	712
5	32
2	483
8	63
0	2
1	0
1	16
9	372
0	0
32	10174
0	12527
0	713
8	1202
1	195
241	9842
5	111
4	626
58	1195
31	1406
8	619
0	680
0	308
30	3960
0	104
0	1586
5	0
3	455
2	911
17	60
0	2
5	0
1	1598
55	42
16	946
112	1350
1	1782
77	313
37	712
3	931
5	1009
1	10207
0	29
0	0
160	24
0	0
1198	956
3	956
6	15
47	1000
12	958
0	660
0	127
1	70
3	62
7	28
69	68
29	116
4	63
10	953
0	901
46	1008
130	175
1	658
337	1364
1	1124
0	1131
1	397
32	362
0	0
0	43
1	7
0	37
0	9
0	39
0	8
58	1208
24	330
6	1038
0	0
0	1366
12	1786
3	1354
19	227
0	491
74	428
0	0
0	0
0	0
9	16
2	16
71	14
0	2
0	1001
0	910
3	908
20	228
4	1041
0	619
27	50
0	844
129	901
15	691
0	32
16	554
6	469
26	236
472	505
0	10
0	91
1	400
8	360
8	498
0	0
0	0
0	0
0	0
0	0
0	0
0	0
0	1
0	0
7	5542
0	228
0	4471
4	117
5	178
1	843
34	1015
58	5512
60	619
1	372
0	331
12	169
108	2441
73	1808
6	307
0	11
0	117
8	10
0	330
0	877
1	797
5	853
0	665
1	69
13	2
0	859
0	0
1	0
0	0
88	1781
0	156
13	72
2	135
7	1802
15046	116
0	116
1000	1101
30	586
49	514
14	527
15	477
27	541
37	19
0	2
11	53
4	118
6	369
13	595
133	1335
0	243
5	149
0	1277
41	400
0	311
45	447
11	185
3	232
0	52
0	103
0	103
0	0
0	0
0	0
14	64
19	387
242	484
8	74
3	138
21	68
0	0
0	0
0	0
0	0
0	0
0	0
0	21
0	24
8	505
4	471
32	418
0	257
0	0
0	0
0	0
0	0
0	0
0	0
0	0
0	0
0	0
0	0
637	7023
6	6661
13	4847
0	5360
2	1195
0	966
30	1376
1	211
11	1579
0	741
1	432
9	153
2	110
0	6088
0	2
0	0
0	2
0	12
0	12
0	12
0	12
0	3
0	0
0	0
0	0
0	0
0	0
0	0
0	0
0	0
0	0
0	4
0	12
0	2
0	13
0	13
44	486
888	773
2	1326
279	1982
52	1901
0	1094
9	45
1236	591
37	1204
10	462
0	475
4	405
0	311
0	231
0	217
0	17
0	28
2	2
35	33
55	60
0	54
1623	834
0	21
10	615
0	103
14	22
0	2
1	9
4	15
3	6
18	0
2507	2623
52	328
8	16
42	496
7	232
2	1818
5	143
3	340
20	9
4	105
132	310
0	1570
6	509
1	25
0	3
0	509
5132	845
9	103
23	0
281	760
12	5
0	18
0	4
0	326
0	1046
8	966
0	1116
0	239
0	935
5	180
0	56
0	179
0	310
0	702
0	99
0	59
0	29
0	37
0	168
27	1087
0	45
0	297
0	321
0	128
0	227
5	41
8	865
6	806
0	1105
0	987
1	853
0	148
18	115
29	536
0	30
3966	716
0	1
0	0
0	1
2	1
0	1
0	1
159	367
494	370
11	12
5	980
9	475
37	52
0	72
1	1228
7	16
4	21
18	49
8	44
32	1281
36	1503
4	2
7	456
6	134
0	440
0	490
2	5
69	21
0	1332
1	1118
3	1
0	16
2	186
27	7
2	192
0	185
0	1
0	0
0	1
0	0
1556	1693
4	2061
1	235
15	2656
0	2733
1	618
0	1986
0	2409
47	15
0	786
7	126
5	109
3	1
98	227
0	222
99	724
22	661
8	124
12	2
22	26
12	697
2	375
217	3213
8	181
112	3049
0	653
8	117
19	28
2	98
7	574
37	269
1	247
19	48
0	0
0	0
0	0
0	0
0	0
0	0
0	0
0	0
0	0
0	0
0	0
0	0
0	0
0	0
0	0
0	0
0	0
0	0
0	0
0	0
0	0
0	0
0	0
0	0
0	0
1	0
0	0
0	0
0	0
0	0
0	0
0	0
0	0
0	0
29	27
0	0
0	0
0	0
0	0
0	0
0	0
0	0
0	0
0	0
3	213
52	953
177	1554
4	663
1	296
44	182
58	6
0	549
19	23
26	610
0	48
40	425
131	864
3	289
69	529
15	332
0	289
0	518
0	1293
0	1241
0	1486
0	26
0	22
0	333
0	355
0	666
0	331
0	17
0	27
0	1202
45	132
23	4858
173	3673
0	4779
20	1013
21	3596
0	3518
60	3989
45	86
142	2625
27	102
1	211
0	0
0	0
1	3
0	1
0	0
0	0
0	1
0	1
0	1
0	0
0	0
17	24
1	2
5	6
0	50
0	53
1	51
21	24
6	80
1	5
0	3
0	18
7	3
1	52
0	49
0	0
0	0
1	0
0	0
0	0
0	0
0	0
449	445
0	438
0	442
2	132
0	35
8	110
2	101
0	14
0	70
4	41
3	25
3	17
0	41
7	16
1	6
1	63
5203	287
47	165
24	11
15	111
16	5
41	2
48	317
0	172
7	190
4	106
0	192
5	59
0	20
0	199
0	169
0	332
0	166
0	166
0	48
0	17
0	88
18	14
4	34
6	83
5	0
0	99
0	88
0	104
0	113
0	44
0	89
96	1205
0	3564
4	3871
0	3022
0	333
1	1845
7	99
7	80
0	4270
0	3922
0	2932
2	93
0	27
2	105
0	0
0	0
0	0
0	0
0	337
13	24
0	1
0	0
0	0
0	0
0	1
9	0
0	0
0	0
0	0
0	0
0	0
0	0
0	0
0	0
0	0
0	0
0	0
0	0
0	0
0	166
0	162
0	229
1	266
0	203
3	200
0	89
0	63
1	101
0	66
0	16
0	29
0	88
6	21
4	2
0	0
0	0
0	1
0	0
0	1
0	29
0	24
0	0
0	0
0	0
30	34
10	86
1	84
1	13
26	10
0	2
149	314
0	256
1	82
4	0
1	75
1	0
314	570
0	170
2	45
36	421
5	424
0	318
0	176
0	288
8	60
8	200
0	410
0	452
0	0
0	0
0	0
0	1
0	0
398	6
232	828
0	549
3	71
3	1
1	0
0	91
3	165
1	40
6	38
2	58
0	56
3	38
0	26
0	89
3	44
0	80
2	111
1	70
0	77
0	74
0	0
152	1422
1	189
46	1402
0	95
6	80
6	13
23	154
24	115
49	315
177	345
4	142
234	252
1	194
0	75
0	31
0	1
1	1
0	2
3	1
0	21
1	1
0	1
3	0
31	22
0	1
0	76
2	201
0	68
1	518
18	117
5	71
0	83
1	7
0	0
70	531
5	823
1	970
0	1124
0	1080
8	1059
0	1256
3	1055
7	1509
3	416
0	329
0	24
0	38
12	310
35	20
0	246
3	333
245	562
2	63
1	467
5	169
2	91
2	71
2	546
1	44
141	3883
101	3873
10	351
1	330
12	50
37	290
0	170
4	654
1	354
11	158
26	181
7	1
6	67
73	67
0	2
159	0
0	487
5	292
0	82
11	51
3	38
0	279
0	128
0	566
0	2516
0	216
0	423
0	2519
0	2189
0	2487
0	1571
0	1593
0	1005
0	249
0	555
0	183
6	324
1	167
13	12
5	36
3	265
0	0
0	0
11	24
0	0
1790	179
19	5
0	177
8	15
0	34
0	92
0	189
0	272
0	282
0	25
0	62
0	128
0	76
0	23
0	635
0	678
0	523
9	14
301	66
0	5
28	98
0	6
0	0
2	4231
7	4197
15	4282
66	999
187	1117
0	123
0	0
0	0
0	0
0	0
0	0
0	0
0	0
0	0
0	0
0	0
0	17
8	20
0	4
1	3
0	0
0	0
0	0
0	0
0	0
0	0
317	7199
6177	8224
43	1185
4	82
1	15
0	15
0	15
0	15
0	14
0	15
0	14
0	15
0	1
10	17
0	0
4	16
0	0
0	0
0	15
0	14
275	234
4	384
27	186
2	1
0	0
33	333
3	94
8	1
50	9
0	9
0	5
2	28
0	26
0	16
0	7
34	1280
5193	2472
0	31
0	242
25	159
0	1
1	109
10	33
10	3
5	135
28	17
12	6
5	315
12	261
11	187
0	155
0	0
0	5131
0	4976
0	161
2	158
3	263
3	77
0	4521
8	4495
8	89
15	4346
11	160
33	1382
33	799
14	135
55	238
2	16
0	1
0	0
0	0
1118	128
4	69
14	99
0	29
11	14
0	0
0	2
702	8216
0	3630
12	2952
0	610
20	1690
1	1588
82	1774
4	372
1	371
0	6630
0	0
1	1008
0	1008
0	2146
11	2128
3	65
13	81
15	1327
0	44
0	1009
0	41
0	41
0	0
0	0
0	0
0	41
0	41
0	41
143	4651
19	4517
1	1035
81	3691
21	621
52	2551
0	2215
12	430
0	2652
0	2633
8	620
0	4
29	735
874	842
0	163
4	358
0	0
90	1811
182	938
4	1839
0	149
0	895
13	161
0	37
0	302
3	23
0	115
0	154
0	133
18	2
1	5
0	5
0	3
0	1
10	1
6	5
36	86
0	30
0	15
0	20
2	29
0	26
0	50
0	125
0	263
0	468
0	281
0	167
0	458
0	466
0	280
0	259
0	97
3	1267
0	77
0	44
0	1180
0	767
307	157
2	112
0	59
0	0
0	0
0	5561
52	470
22	1366
1	2956
1	440
16	313
24	121
56	13
127	2684
10	637
118	5010
0	0
0	0
0	0
0	0
0	0
0	0
149	566
3	389
11	409
0	313
0	130
3	177
4	130
2	624
472	624
7	0
2	0
2	2
0	2
10	3
24	4
0	1
1	2
0	1
0	2
0	0
0	0
1846	271
25	269
8523	5955
26	15
13	5940
0	0
1	6
116	3753
168	3735
65	3414
167	1232
8	32
9	508
99	429
312	51
145	689
8	725
140	1
267	1233
2	1079
1	962
7	835
2	109
2	88
1	50
47	394
16	195
0	5
0	1
0	4
0	0
0	0
0	0
0	0
0	0
0	0
0	0
0	0
0	0
0	0
0	0
0	0
0	0
0	0
0	0
0	0
0	0
0	5
0	0
0	4
0	0
0	6
0	8
0	2
0	4
0	4
0	4
0	0
0	0
0	0
0	1
0	2
0	0
0	2
298	1070
16	655
7	999
18	905
3	353
45	378
3	313
25	0
0	2
0	3
14	18
0	3
24	1492
0	20
4	1063
116	1150
0	248
0	43
0	704
9	281
1	679
2	115
17	436
114	185
3	414
0	653
6	180
135	201
0	264
0	923
17	1109
42	1056
5	58
0	39
7	14
3	90
2	32
17	134
4	100
11	53
0	22
0	5
0	0
0	2
226	819
21	540
21	409
0	77
7	0
0	0
0	1
17767	1961
3	577
13	279
9	1105
0	0
0	0
0	0
0	0
5	0
1	133
8	141
2	175
66	181
410	57
1	18
1164	12376
0	15203
101	15243
23	1160
450	514
79	1498
7	2823
26	4317
63	3887
156	11646
0	7
11	3993
91	11
740	1830
8	949
3	1315
41	520
8	20
13	215
0	1
375	234
153	1
10	28
5	26
18	5
0	4
0	4
0	0
0	2
0	5
1	5
2	5
3	5
722	1495
90	580
12	377
0	353
0	288
9	145
4	484
304	2047
28	1147
88	32
8	51
4	2072
0	3047
0	2821
7	223
0	1170
0	287
0	660
3	1605
3	1676
0	395
4	67
6	1160
0	541
10	580
6	220
6	407
0	184
6	256
0	233
0	193
3	114
1	54
0	41
3	17
3	57
2	141
0	7
0	3
0	1
9	2
1	3
1	7
1	1
1	10
0	6
11	3
0	507
11	1
0	560
0	12
113	271
0	371
12	154
0	120
0	156
3	112
1	60
6	142
0	141
0	38
0	48
0	22
0	25
3	25
15	12
0	0
0	0
0	0
0	0
2	57
0	0
0	57
0	1
0	3
0	0
0	1
0	0
0	0
0	0
0	0
0	0
0	1
4	1
0	0
0	2
0	3
0	1
0	3
0	0
0	0
0	0
0	3
14	0
0	0
0	1
0	2
0	0
0	0
0	1
0	0
4	10
0	0
4	22
2	14
0	3
0	3
20	117
0	3
0	1
0	93
0	0
5	671
0	1081
3	1580
47	147
16	106
6	47
10	1522
19	1537
0	2585
0	4103
0	501
0	56
0	3593
0	20
0	20
4	15
0	0
0	0
0	0
0	0
0	0
4	0
0	0
0	0
0	0
0	0
0	1
0	1
0	1
19	80
7	52
0	3
0	3
2	58
3	3
11	42
0	6
1	7
0	8
0	4
0	0
0	1
0	4
0	0
0	0
0	0
0	0
0	0
69	0
1	0
12	31
0	2718
14	8550
323	5912
1	6051
9	4959
10	833
28	653
26	7539
0	0
0	0
0	0
0	0
0	9
0	0
0	0
0	9
0	0
0	0
0	0
0	0
0	9
0	0
0	0
0	0
0	0
0	0
0	0
0	0
0	0
0	0
3343	210
27	100
3	110
281	458
15	200
14	203
1	125
41	1100
44	1162
4	360
0	67
23	182
10	67
0	46
28	10
0	4
0	173
4	196
2	4
4	86
21	0
17	14
77	2
3	4
0	224
0	224
90	1432
50	1488
14	1539
1470	1231
1	1283
0	0
0	0
0	0
0	0
0	0
0	0
0	0
12	0
0	0
0	40
0	11
7	9
8	19
1	3
0	2
0	3
0	38
353	278
2	88
5	174
0	102
9	57
0	39
0	33
9	2
0	0
123	738
0	2
4	711
0	141
0	39
23	57
37	28
1	7
15	38
8	0
0	6
4	0
8	13
916	679
1	722
1	923
0	677
0	574
0	684
15	362
3	126
1	217
5	160
0	187
9	133
3	73
34	5
6	12
7	15
0	232
18	242
0	209
11	196
0	230
5	35
0	197
0	215
0	104
2	10
0	17
135	22
6	15
0	0
0	0
1	0
0	43
8	13
160	876
16	20
10	0
58	867
55	851
0	59
0	109
473	1879
167	2549
148	2118
12	1880
795	1683
14	1146
36	1359
1	0
1	71
25	879
5	83
5	1006
0	117
1	102
0	101
64	385
20	93
2	5
2	3
0	1641
2374	2133
0	1978
4	1280
31	372
15	292
6	1149
1	143
3	0
10	1
20	1
0	3
0	2
2	28
0	1
0	0
0	0
0	0
0	0
0	0
0	0
0	0
0	0
0	0
9	6
0	0
0	0
0	0
0	0
0	0
0	0
0	0
9	22
263	0
0	2
0	2
0	2
0	1
0	1
0	1
0	1
2	1
0	0
0	1
14	326
12	330
0	370
2	355
14	43
11	152
1	365
0	321
0	0
0	616
0	617
0	738
0	615
0	737
0	38
8	655
0	76
3	39
1	294
6	45
39	1349
0	629
17	1341
0	1349
0	599
0	720
0	616
0	737
8	720
39	745
4	6
0	49
8	5
765	606
6	142
2	109
11	3
9	407
17	162
0	589
0	584
0	905
1	536
0	90
0	509
0	181
0	252
0	154
0	102
0	102
0	75
0	66
0	701
40	1734
0	746
7	165
8	31
0	45
14	1728
1	2
2361	146
0	146
0	0
1	0
0	0
0	0
0	0
0	39467
0	4110
2	1062
54	1980
41	2991
92	2420
35	863
4	2218
0	1825
6	1305
7	561
188	292
5	34
1	40
13	22
32	50
49	0
96	38773
3	36212
0	268
3	75
6	1681
6	1066
15	7
65	920
67	1222
17	818
5	540
0	567
6	1020
0	370
30	1064
24	125
1	10
999	1317
16	1186
12	990
4	509
0	146
1	100
0	381
0	87
0	0
0	0
26	466
11	1331
17	900
24	734
0	76
0	64
9	108
35	152
38	3
1	243
5	301
10	220
0	202
30	154
6	110
0	95
6	68
1	50
0	0
0	0
6	370
33	399
76	421
18	121
0	103
3	8
7	87
0	2
1	52
5	158
212	245
0	3
0	95
0	53
1	6
798	40
320	712
0	0
0	0
1	18
1	0
2	1
1	16
0	0
3	0
0	697
37	353
0	43
1	0
0	6
0	55
0	94
0	0
0	0
0	8
1	33
13	32
0	0
0	31
0	26
0	1
0	4
15	96
0	0
0	0
0	0
0	0
0	0
0	0
0	0
35	570
0	1233
3	968
54	203
3	894
6	714
20	64
0	451
2	363
17	476
0	293
18	612
6	291
11	280
5	382
9	156
3	94
18	28
1	31
9	2
7	827
1550	890
9	155
6	542
1	157
0	265
5	79
2	142
5	143
0	81
0	81
0	0
3	3469
3	3487
64	3491
8	3486
5	3610
6	102
0	2336
2	2270
20	2148
9	1646
0	1666
24	18
0	19
6	100
7	37
25	3516
0	48
0	44
0	44
0	39
0	44
2	19
0	5
1	16
0	11
0	0
0	0
0	0
9	0
0	0
0	3
0	0
0	2
5	2
0	3
0	39
20	1021
161	914
0	592
1	902
0	668
0	358
0	1
1	214
0	203
0	35
102	35
1	43
1	135
0	137
29	3
0	85
0	31
0	85
0	28
0	28
3	24
61	76
5	21
4	30
4	1
0	797
0	753
0	870
1	15
28	29
3	4
0	7
1	3
6	37
4	94
0	354
1	198
2	39
6	354
0	97
4	100
0	79
0	62
0	0
0	0
25	9
0	0
2	69
1042	1478
1	266
7	390
50	535
15	575
0	88
1	11
7	86
3	569
26	294
6	315
0	252
1	175
0	239
4	125
2	17
1	11
4	5
3	2
1	31
2	1
0	49
0	42
2446	138
15	54
7	35
9	9
1	25
6	29
11	10
6	8
12	15
0	0
0	0
1	7
0	0
3	13
0	8
1	1
0	0
0	20
0	1
0	1
0	1
2	120
4	122
0	45
23	73
0	1
0	43
1803	909
36	708
0	0
0	0
0	0
0	0
0	0
0	2
0	2
0	2
0	0
0	2
0	0
32	128
98	1240
1	59
5	1107
67	122
0	61
12	37
22	15
0	1
0	0
0	0
0	0
1	642
0	65
3	72
0	21
0	43
5	873
58	910
24	907
30	123
23	144
32	98
24	304
27	280
1	242
28	10
0	0
1	0
95	3917
11	3256
3	1725
37	58
0	831
37	198
0	26
22	321
0	139
0	180
2	141
7	5
1	138
4	60
10	28
23	6
16	95
5	58
2	52
0	60
85	162
1	6
0	123
1	15
0	1
0	70
3	80
6	911
191	198
4	25205
17	25745
25	24501
0	21368
0	24407
34	2558
11	8993
4	389
4	478
41	160
83	145
10	2099
4	7333
85	6883
88	4647
99	3490
3	39
1	640
130	247
0	4
0	24371
0	21293
3	39
0	659
5	684
0	296
1	131
1	98
1	119
2	51
0	41
35	22
1	29
0	24
14	30
0	24
0	18
0	29
0	28
0	6
26	19
2	17
27	14
3	14
0	291
0	79
0	296
0	59
9	475
95	1344
5	231
30	52
1	1105
1	30
4	177
0	2
0	1
7	2
0	0
0	0
1	1
0	2
0	1
0	0
0	2
0	1465
0	1465
1	1290
0	1289
0	1450
0	184
8	199
0	0
0	44
132	1537
35	83
0	1119
54	0
1	954
40	95
152	1423
6	1204
4	277
38	1424
3	1327
95	1020
2	522
0	6
20	144
2	303
7	1
2	105
7	1
1995	33185
0	4548
540	19911
378	5987
1258	27625
81	1793
29	21272
6	21528
76	9576
142	4781
357	6587
214	629
53	1021
3	11
0	215
5	215
18	476
107	473
5	72
0	136
0	28
0	38
0	27
0	32
0	32
0	4
0	11
0	19
0	25
0	19
0	4
0	7
26	1079
11	1154
16	117
60	123
0	251
55	282
19	166
0	137
8	115
0	3
0	0
0	0
0	0
0	0
0	0
0	0
0	2
0	0
0	0
4	9
0	0
23	0
0	0
0	0
0	0
0	114
0	155
0	153
0	59
0	27
0	26
0	38
0	63
0	62
0	13
0	74
0	146
0	129
0	35
96	1904
118	460
1	19
1	22
0	464
2	322
11	54
0	39
55	21
30	369
0	63
0	0
0	0
954	929
0	809
6	354
11	144
11	0
1883	805
2	775
0	71
1	36
0	28
0	0
0	0
0	0
703	0
34	1575
1	894
7	460
0	794
7	693
0	11
270	339
17	663
0	3847
0	388
0	3923
0	19
0	149
0	185
0	18
0	70
0	4
0	20
0	151
0	142
0	49
0	180
9	79
4	60
3	33
0	1
1	0
2	0
492	682
11	164
8	92
0	23
0	57
3	57
0	45
0	47
0	57
10	57
0	52
0	2
0	19
0	0
0	11
0	11
0	6
0	1
0	1
0	1
0	2
0	2
4	2
0	0
8	0
0	0
0	57
0	0
0	0
0	0
0	0
0	0
0	0
0	0
0	0
0	0
0	0
0	0
0	0
10	0
0	1
0	1
0	1
0	1
0	0
0	1
0	2
0	1056
0	1221
2563	4330
161	4302
4	4300
0	3253
3	6096
55	4610
75	5752
29	5587
27	461
0	160
40	28
13	310
18	279
9	439
4	2189
26	1
11	1051
1	190
12	9
181	564
0	788
0	307
0	300
0	29
0	24
4	6003
39	6107
0	6035
0	14
0	14
0	14
0	3
0	3
11	2
12	249
4	521
0	415
6	631
120	2564
0	1974
0	747
0	1299
0	316
3	631
15	625
1	534
0	540
0	115
15	391
1	8
0	1650
2	1819
0	10
0	10
5	10
0	0
1	0
0	0
0	3
0	1
0	1
0	0
0	2
0	0
0	0
0	0
0	0
0	0
0	0
0	0
0	0
771	990
3	410
62	562
27	109
9	544
13	220
29	9
0	2733
0	205
0	229
10	192
25	155
45	208
0	63
4	19
13	1
0	11
1	4
4	8
0	134
0	10
0	10
1	7
1	3
1	3
0	0
0	0
0	0
238	340
0	73
0	340
2	2771
49	2779
18	2666
0	3034
0	151
8	81
5	360
7	1
10	270
3	162
19	232
17	316
118	538
25	2835
28	3078
83	727
0	2359
7	19
8	1382
62	823
34	1875
1	1505
5	1119
0	2221
0	22
251	32
12	1506
2	980
12	42
0	470
2	78
0	765
0	446
1	39
2	25
0	65
6	0
6	531
0	0
0	0
0	0
0	0
0	212
0	72
0	5
0	14
0	12
0	7
0	211
0	5709
5	6131
10	4407
0	5633
2	5130
0	781
2	1675
58	454
11	1182
11	863
16	97
17	381
65	93
4	1326
57	1321
44	1068
22	864
1	875
43	1353
0	1100
0	1066
8	924
9	886
0	933
5	718
12	87
18	532
7	312
0	5130
3	0
0	0
73	534
46	1925
92	73
204	1711
10	1865
3	208
11	385
7	48
442	330
0	93
0	63
3	89
13	67
1	50
20	22
616	787
5	751
5	4
48	480
27	343
0	38
4	19
60	417
62	270
0	312
0	352
0	380
6	30
71	89
4	59
8	31
9	16
0	2
0	1
0	0
0	0
0	1
0	0
0	0
0	20
0	14
3	20
1	20
0	20
4	18
0	16
8	9
0	13
35	127
38	233
4	217
7	0
8	25
0	1
6	6
0	1
0	0
34	431
31	1431
240	1485
65	160
15	192
2	48
12	0
0	0
27	26507
0	22427
2	24840
3	21620
24	22051
0	23649
46	2020
0	16680
86	2481
20	170
1	1962
0	840
36	324
11	1800
1	2179
20	2177
30	1023
10	23815
0	1064
0	1184
0	1213
2	1097
4	535
5	352
0	120
0	187
0	412
16	964
0	1080
221	1083
2	74
31	268
2	1074
8	46
17	2
10	26
11	97
2	61
311	588
0	442
18	287
8	183
0	131
6	11
15	39
3	5
7	0
155	649
1	646
0	106
4	0
0	0
1	0
0	0
0	0
0	48
47	191
0	0
0	0
0	0
0	0
0	0
0	149
0	0
0	0
0	0
0	0
0	0
0	0
0	0
460	1661
16	1673
49	1332
19	421
35	1
36	0
0	0
0	0
0	1
0	1
0	1
0	1
0	0
0	1
11	58
22	58
197	53
11	17
1	2
0	11
0	1
23	858
1	809
1	487
144	472
87	846
0	782
6	115
18	670
7	4
42	7
17	17
29	16
0	124
12	114
5	8
0	0
371	112
71	13
3	99
330	10
2	9
9	922
128	1054
0	337
4	553
129	409
16	203
30	281
19	142
107	1173
0	13
0	513
0	81
2	200
3	392
15	529
27	488
0	476
2	799
0	0
0	0
0	0
29	1887
25	1866
29	612
30	1144
0	117
1	7
2	6
0	67
9	38
9	89
13	9
1	118
0	272
0	65
2	31
0	201
8	201
7	212
0	207
0	217
3	181
1	183
48	94
1	115
1	63
11	11
12	2
1	2
6	0
1	4849
0	214
21	712
0	738
6	1262
3	3159
24	1407
0	1
6	1
0	0
0	0
0	0
0	0
0	0
0	0
0	0
0	0
15107	3251
58	3096
5	635
18	1000
10	186
405	18
0	0
0	0
0	0
0	0
0	0
0	0
0	0
0	0
1	196
53	208
4	175
28	154
2	119
0	0
0	0
0	0
0	2
0	2
0	2
0	2
1	2
0	0
0	2
0	0
0	0
0	2
0	0
0	0
0	0
0	0
0	0
0	0
10	993
20	1348
11	1335
0	308
3	17
1	26
0	1344
0	1379
3	1408
0	466
0	51
0	41
0	82
0	0
27	1476
4	3626
1	3837
0	189
21	695
0	3606
2	11
14	119
0	157
24	49
2	117
2	33
1	32
27	3
7	388
1	321
2	280
10	24
1	43
1	2
0	197
7	218
0	283
0	130
9	115
1	4
0	60
0	15
1	1
0	1
0	2
0	2
0	0
15	6
0	0
0	0
0	0
1	0
0	0
0	0
0	0
0	80
0	80
0	1157
499	1703
2	1183
318	1685
3	347
8	121
4	73
0	31
2	74
0	497
0	122
0	1035
16	26
0	27
0	50
1	151
0	218
0	65
14	1004
6	31
6	198
0	9
82	18
5	46
0	86
0	998
0	811
0	0
35	1397
1	256
0	726
99	871
7	82
1	133
53	913
7	279
0	194
0	22
19	181
7	0
0	1397
31	170
661	22
0	0
0	0
0	11
4	2580
3	2076
46	6
0	796
3	14
1	73
5	63
21	1139
4	2158
0	0
0	0
0	15
0	15
0	15
0	15
0	1
2	0
0	0
0	0
5	0
0	0
0	0
0	0
0	15
4	0
0	44
0	44
0	31
0	31
0	31
0	25
0	27
0	27
0	27
0	24
0	24
0	6
0	0
0	2
0	2
0	1
0	1
8	30
0	1
0	0
0	0
4	3
2	3
0	306
0	104
0	110
0	243
0	15
0	5
0	8
0	62
0	305
0	14
0	250
5	13
515	1705
98	1602
0	1200
0	506
0	178
1	108
9	218
1	0
0	0
4	0
0	0
0	0
0	0
0	200
0	231
0	0
0	31
0	0
9	22
0	0
0	31
2216	6
0	1
0	1
0	0
0	0
0	1
0	19432
0	6696
0	3812
0	2337
0	22
0	1558
0	17758
1421	332
18	227
0	111
14	68
34	1
46	234
0	61
37	4607
19	2358
12	31
14	24
14	2031
17	169
32	4459
0	3878
8	265
0	205
0	156
21	6
0	17
0	26
1	12
3	10
6	23
18	250
3	588
0	0
0	0
8	18
0	14
0	6
0	1
0	1
0	0
0	0
0	0
0	0
2	0
0	0
0	0
0	10
1	0
99	622
0	41
1	25
6	80
5	3
88	355
29	264
11	169
3	79
57	600
0	692
0	633
0	0
0	0
0	0
0	0
0	0
0	0
0	0
0	0
1330	870
2	475
15	652
20	53
0	71
15	53
0	0
0	0
0	0
0	0
0	0
0	0
0	0
0	587
0	963
0	115
0	590
0	584
0	86
0	85
0	52
0	86
0	54
0	42
0	418
9	13
0	13
0	36
0	36
0	36
7	137
9	1566
0	14
143	2562
2	170
7	2072
5	80
7	6
5	0
2	726
5	7
3	8
15	837
2	197
0	0
40	267
12	336
0	425
4	452
4	66
0	57
0	57
8	62
2	7
0	268
21	304
2	237
0	141
3	178
9	167
9	137
1	109
3	37
16	3
4	4
9	234
3500	492
13	494
2	24
0	10
0	0
0	0
0	0
0	0
0	0
13	622
4	1080
16	257
0	233
0	110
31	7
0	986
0	284
0	7
0	0
2	0
1530	331
21	178
10	136
7	125
1	7
10	158
0	1451
19	1566
7	128
1	206
25	394
9	1
1	1172
0	1146
3	27
2	135
18	79
123	902
27	734
16	241
20	256
0	26
2	38
14	9
14	6
17	22
89	636
2242	2487
3	370
3	3
0	1898
0	1313
4	8
3	1131
21	8
2	1
0	250
2	180
3	0
6	36
0	67
0	774
0	8534
0	9066
21	612
59	1754
0	896
19	1189
227	741
45	8395
0	5660
0	1236
32	1153
106	525
87	1141
3	10
19	430
9	0
4	39
0	1230
6	1220
7	1240
9	381
69	481
4	632
22	16
0	590
16	4
4	169
1	112
8	77
0	208
6	119
8	53
10	9
1	8
3	7
971	3288
9	2154
64	3162
55	2368
11	1148
67	76
54	1
0	0
0	0
428	3282
13	3250
42	1119
3	3245
10	589
4	318
5	246
14	0
1	1
0	1
1	1
13	18
1	0
0	0
0	0
0	0
0	0
0	0
6	36
0	35
0	2
0	2
3	26
27	1
0	20
0	20
0	20
0	0
23	2481
68	2457
67	799
96	490
59	512
51	109
0	72
1	6
0	20
0	6
38	83
0	0
8	19
0	0
1	2
1	0
0	92
0	32
6	672
9	2077
5	1208
20	587
9	693
35	1222
0	579
0	628
4	400
0	33
1	226
0	110
1	4
0	672
20	24
0	199
107	1207
17	0
0	0
0	0
891	179
3	158
14	31
0	0
0	0
388	2158
7	2157
0	184
8	12
3	137
8	95
4	263
3	10
1	200
13	196
4	1
0	14
0	0
113	398
1	289
18	331
4	95
13	2
1506	0
49	24
86	24
32	38
0	14
11	0
0	0
4	0
308	325
5	43
23	19
5	22
33	22
41	225
31	324
104	209
1564	1836
1	1224
0	73
0	122
41	175
0	59
1	163
0	174
0	25
0	24
6	25
14	1124
0	18
5	24
0	376
3	73
0	98
2	122
23	1196
2	52
1	10
0	7
2	5
0	12
0	2
0	6
0	11
0	7
2	6
0	12
0	20
1	9
2	42
0	13
0	10
85	0
0	0
0	0
0	9
0	14
0	9
42	89
0	11
3	10
0	47
0	26
0	23
1	11
0	15
7	10
0	0
8	22
1	21
0	187
5	459
1	594
29	682
0	561
3	404
8	44
0	8
6	213
14	81
0	192
0	327
0	493
214	172
7	87
69	11
1	27
0	0
0	0
0	0
0	0
0	0
0	0
0	0
0	0
0	0
0	0
0	0
0	0
0	0
0	0
0	0
0	0
2	34
0	34
0	32
0	0
1	19
0	34
0	0
0	0
0	26
4	0
0	0
0	0
2	13
3	0
1	1
0	0
0	0
0	0
0	0
0	0
0	0
0	0
343	3142
9	2586
231	2871
0	8
48	3119
119	246
29	1519
1	640
70	894
867	0
0	120
0	126
0	446
0	562
1	610
7	791
25	912
2	172
0	259
7	143
5	99
0	103
0	126
1	5
9	244
1	111
1	1
2	157
5	554
1107	519
19	145
30	342
3	468
10	83
12	13
325	0
0	30
0	30
0	30
0	28
0	28
0	30
0	30
0	30
0	30
0	33
0	33
0	0
0	2
0	30
4	111
0	99
0	99
0	0
0	6
0	2
0	0
0	0
1	7
0	0
5	8
5	41
238	41
2	2520
0	2520
27	1150
11	2126
5	1295
4	527
0	1052
3	1843
42	755
11	671
3	64
0	330
2	560
0	222
0	0
0	0
292	45
0	22
9	78
0	4
5	1
24	8
1993	516
0	171
29	32
0	113
1	0
0	0
0	1
0	1
0	5
6	0
0	1795
0	1847
0	1934
0	459
0	48
1	10
0	78
0	91
1	12
0	69
0	99
0	58
0	79
0	9
0	85
0	98
0	91
22	43
0	93
0	0
5	96
0	98
0	5
0	9
1	14
12	14
3	16
0	91
0	0
0	0
8	1428
1	236
9	1312
0	114
0	148
2	1212
0	1209
0	1235
0	2
0	0
0	6
0	10
37	27
0	0
0	0
25	8
0	0
23	13
0	2
27	9
10	6
99	2096
3553	2633
18	19
1	81
6	1304
5	23
0	3218
0	1771
1	1806
1	1771
3	1991
5	183
16	38
0	0
480	1118
0	1223
7	1158
0	1243
65	1170
53	10036
6	8012
18	4400
0	1361
12	1353
128	1439
15	5862
6	754
22	3873
4	3154
4	3997
10	300
23	1451
9	373
16	0
6	245
8	2131
3	59
35	2024
1	2326
235	181
4	179
725	436
78	1646
23	1666
28	17
0	525
39	1878
3	1431
3	1501
12	39
1	87
21	597
17	27
0	857
0	207
1	105
0	10
0	533
34	207
3	626
2	289
1072	3751
6	496
9	177
4	3747
2	1133
61	1280
4	608
26	218
4	40
8	27
151	41
0	41
2	11967
520	11864
0	362
949	12000
1	11865
7	624
90	1008
0	237
1	130
0	115
3	24
6	7
0	0
0	1
0	1
0	1
0	5
0	3
2	3
0	1
5	0
34	237
40	37
0	37
0	0
11	0
2112	13747
1	538
7	350
6	13101
7	1538
4	2434
0	0
91	885
0	956
0	1433
0	234
0	1103
2	1545
18	1391
5	0
3	82
3	138
38	122
0	10
1	6
0	39
6	52
5	39
0	63
1	59
1	62
30	85
0	33
0	11
11	43
8	3
0	43711
0	31076
0	20222
0	24869
0	17526
0	31432
0	1239
0	12360
0	0
0	0
1	0
0	0
0	0
1	0
18	349
45	305
24	332
34	278
12	275
0	8
57	16862
35	23921
107	50764
5514	56306
24	20898
94	3367
69	6554
14	2352
88	967
0	1
0	453
0	310
0	332
0	198
0	245
0	2
283	454
0	279
45	199
0	116
0	123
7	56
0	2
1	0
1	2177
2	705
3	1165
1	1093
90	640
0	695
0	504
0	630
0	41
45	178
0	336
246	449
34	149
0	143
0	141
1	184
6	138
4	43
0	43
0	146
0	2005
0	0
0	0
0	0
0	0
0	0
0	0
1	1
0	0
0	1
468	766
0	82
6	628
0	298
24	190
8	97
10	8
1	153
20	949
11	8
12	550
94	845
8	545
25	933
4	0
20	7
12	58
0	270
0	261
0	257
0	238
0	264
1	264
0	257
41	151
0	250
0	206
0	273
0	216
0	187
0	202
0	85
0	168
0	87
0	65
0	101
0	127
0	128
0	105
0	72
0	82
0	63
0	110
14	108
0	101
0	105
0	90
0	112
0	92
3	20
0	57
0	42
17	83
0	9
3	53
0	22
0	50
1	56
0	9
5	23
0	14
0	11
0	6
0	2
0	6
18	6
15	1
0	11
32	53
0	71
0	0
0	0
0	0
0	0
0	0
16	9
0	0
0	0
0	0
0	0
0	0
0	0
609	1058
25	84
9	70
24	22
17	0
2	173
144	665
8	79
38	72
47	184
18	142
0	15
0	1853
0	2063
0	1468
0	230
0	305
0	56
0	43
0	147
0	64
0	560
0	382
639	3815
10	3508
58	3754
13	28
20	209
6	158
19	58
136	669
37	655
0	452
1	2
4	32
313	165
0	7
5	20
70	106
0	0
0	0
1	292
44	1115
0	25
73	1046
43	1037
26	871
17	60
6	0
66	8
0	114
39	0
34	1
0	867
1	1
5	5
0	0
0	1
0	48
0	16
0	18
780	208
0	208
3	24
1	21
2	8
0	0
0	0
332	709
7	612
66	687
0	255
2	20
0	23
0	21
0	9
0	24
0	7
1	21
17	18
0	20
3	23
0	26
0	12
0	6
2	5
1	5
0	2
0	112
0	140
0	163
0	140
0	29
0	107
0	63
0	139
0	114
0	12
0	60
0	21
0	52
4	45
0	145
0	123
228	0
8	139
31	139
2	116
257	201
89	212
0	87
0	83
1	131
19	6
46	10
2	289
24646	41599
0	7053
18	9694
0	7301
14	4666
898	31067
13	33160
97	23609
44	17761
28	12476
50	9454
30	489
21	997
249	3462
231	4180
13	3868
13	2859
4	703
0	538
4	321
0	0
0	355
0	292
1	0
19	0
0	30
1	454
0	403
0	371
4	400
0	541
1	144
9	46
0	0
0	0
75	33516
9	7590
39	10
1036	25285
29	2512
141	6023
38	31481
32	139
0	141
0	96
1	104
0	103
11	57
0	66
16	22
1	146
2	7
0	7
0	0
0	0
0	0
0	0
4	6
5	86
4	6
25	154
0	78
2	6
5	2
0	0
108	828
5	1408
0	613
31	440
0	181
5	213
0	84
12	77
0	67
8	74
0	151
0	63
0	26
0	128
0	121
0	43
0	62
0	301
0	67
0	42
0	304
0	358
0	46
0	44
0	291
0	65
0	313
0	40
0	153
0	26
0	76
167	1815
0	1693
0	192
65	145
5	77
17	2
38	2
32	4
0	0
0	21
27	31
0	0
0	0
0	30
0	36
0	0
0	0
0	0
0	481
0	585
0	467
0	76
0	170
0	1358
0	1233
0	1029
0	531
0	0
0	83
0	61
0	33
0	2
10	1
0	1
25	4531
383	4445
154	4463
9	513
0	374
0	205
60	80
19	773
25	519
0	549
0	411
0	446
12	55
12	26
5	48
0	20
0	11
36	46
11	71
0	57
19	256
1	19
0	28
9	221
0	28
0	59
6	28
1	41
9	11
705	639
0	136
25	639
3	554
0	546
0	456
0	508
0	552
2	21
0	30
0	217
2	226
0	223
0	7
0	560
13	209
397	614
9	497
11	324
0	412
7	328
17	224
4	279
9	367
1	111
0	32
2	9
6	83
15	149
16	111
0	0
0	0
0	0
0	0
0	0
0	1376
29	3018
3	3205
72	584
1	712
70	419
0	1375
1	2045
62	308
168	32
0	2045
0	0
0	47
0	16
0	17
0	28
0	26
1	0
0	0
0	0
0	0
0	2
0	0
0	0
1	1
26	1290
10	378
3	83
10	67
31	64
0	202
2	48
5	18
2	386
15	460
0	205
1	215
1	160
7	119
0	163
16	97
0	73
13	8
79	446
0	413
0	262
29	391
0	149
1	69
0	36
24	147
8	117
12	60
90	18
46	35
0	31
3	9
0	292
0	0
1	0
0	0
0	0
0	0
0	0
0	0
0	0
0	0
0	0
0	0
0	0
0	0
0	9
0	27
0	0
0	0
5	337
0	419
0	290
26	216
1	136
0	77
0	161
1	87
0	83
0	137
0	51
4	39
3605	7788
0	353
24	7141
5686	2982
57	6531
1	621
78	1843
34	541
17	598
41	287
18	815
34	1678
62	492
48	654
18	1349
13	566
17	1065
42	259
149	1040
54	2080
3	211
13	227
304	2173
15	2199
0	1999
0	1773
0	114
33	2142
0	128
126	1020
0	44
21	16020
162	12295
79	719
102	11628
1	13093
30	908
3	7075
35	676
74	11057
0	1212
0	156
0	5552
268	6745
4	2603
0	1599
411	4196
24	4
15	2602
33	1399
0	11247
1015	0
1598	20064
11	3473
262	1635
6	16542
14	2229
65	2904
0	422
29	4061
24	3793
5	1181
14	3640
50	3842
5	4160
0	4
10	1940
7	3194
8	2244
28	860
6	4264
0	634
19	2143
134	1603
11	868
3	976
0	485
15	394
18	242
3	32
38	379
44	1293
2	116
18	116
9	31
2	679
2	230
49	207
8	725
6	350
0	831
2411	1168
12	423
231	818
0	0
0	0
0	0
0	4
0	4
0	0
0	0
0	0
0	0
0	0
0	4
0	0
1	28
0	0
0	0
0	0
0	0
13	1034
21	1094
2	19
0	1
0	12
0	1
0	2
0	12
0	11
1	1
1	11
0	5
0	2
0	11
0	1
1	1
0	1
0	7
0	0
0	3
0	3
0	0
86	57
3	4
0	781
0	638
0	42
16	864
13	1057
0	256
8	222
0	26
0	140
0	214
6	176
0	115
5	53
0	208
18	879
0	53
66	519
0	234
16	278
0	124
0	9
0	27
11	19
166	80
22	103
15	53
102	858
1	31
0	4
17	23
23	858
4	263
0	268
16	49
7	41
0	38
13	34
2	5
2	1
0	0
0	0
0	44
0	6
6	4
0	2
0	1
0	0
7	14
225	610
2	27
0	27
0	92
1	0
0	32
0	506
1	6
0	6
0	1290
18	1521
4	780
3	446
25	532
3	1494
7	127
0	34
1	1514
0	1532
0	3
2	3
0	2
81	8403
29	8604
29	310
7	468
60	213
4	295
45	766
63	89
1	420
1	290
0	3084
3	26
8	273
15	521
3	489
12	195
1	245
1	14215
1061	677
0	0
0	14215
12	519
0	804
24	104
1	863
85	7906
14	8003
11	7983
13	738
17	88
0	626
3	439
17	155
9	490
0	537
7	232
47	398
0	7783
0	7807
0	7804
24	352
2	352
20	577
0	66
0	3
28	157
8	50
3	10
0	4
2	438
1	309
0	0
0	0
0	0
34	203
23	43
0	186
8	55
0	16
9	727
84	760
18	182
111	18
54	781
100	76
3	713
0	676
0	703
1	689
37	26
0	2
4	12
0	17
0	20
4	38
0	65
14	30
28	138
12	21
18	144
20	209
0	37
55	3
0	0
0	0
0	0
36	1655
20	878
0	998
12	488
14	102
0	146
5	220
0	308
6	137
29	182
0	31
0	1549
1	294
0	258
0	277
0	327
67	327
352	3301
6	2606
13	1151
3	602
0	311
62	203
301	2229
10	2230
7	57
7	1486
45	30
75	1668
392	296
0	224
8	263
0	4445
35	1110
10	1618
13	277
81	359
56	278
2	4440
0	1778
2107	177
116	204
65	192
0	155
0	121
0	81
1	142
3	70
1	6
0	34
3	3
1	18
0	22
1	6
1	2
0	4
5	2
6	2
1	0
14	8
0	3
0	1
43	7
0	21
9	25
27	1185
7	1162
3	104
2	102
53	181
1	244
2	33
27	33
10	420
0	1445
0	263
3	501
3	1057
0	890
1	212
0	98
1	148
5	324
0	64
2	2
0	21
32	6
2	4
17	13
4	1
4	0
4	2
0	0
0	0
0	0
0	0
0	1171
1787	3941
10	478
5	2550
2	1521
20	717
0	344
0	1
0	4
0	42
0	5
0	13
0	23
0	1
0	41
0	57
0	49
0	2
0	0
0	310
86	2134
6	196
40	2093
9	97
2	95
12	42
0	109
66	1
2	50
7	1122
7	1104
5	1125
3	1122
0	262
20	1562
0	465
56	1619
12	7
18	1052
0	33
1	1585
65	1633
9	62
6	145
0	1623
149	3584
5	237
0	2113
0	154
0	37
7	1115
44	32
248	3161
13	38
11	246
168	1473
6	179
7	329
1	72
5	0
30	81
242	702
0	2725
0	2855
173	2734
17	90
20	682
0	670
10	614
18	546
68	115
0	101
10	13
29	13
0	0
0	0
0	0
0	0
0	0
0	0
0	7
2	7
0	5
0	0
8	0
42	24
4	0
2	0
0	0
61	907
20	741
0	15
0	167
2	81
6	345
58	814
0	607
3	289
0	456
14	253
0	95
0	0
18	295
341	847
2215	986
45	120
14	21
0	19
12	1760
9	34
11	869
107	2066
69	2053
30	319
8	4636
0	2194
22	3681
0	3647
0	3739
6	3474
20	1726
6	287
5	68
21	12
9	59
5	2
173	21
15	9852
0	965
0	726
7	10582
11	1621
8	7954
3	8485
2	8272
10	1840
1	7547
52	8737
1	1956
7	9151
0	1658
37	2857
18	695
47	2030
1	8493
5	8799
4	2809
0	2024
0	1786
1	1470
29	7236
16	763
17	7600
17	6806
68	8367
0	3702
25	43
35	25
34	301
2	521
49	3330
0	209
3	1466
40	1473
2	165
2	90
0	254
36	1048
23	332
37	701
64	14
65	435
4	205
3	497
11	77
1	88
0	0
0	0
9	5
0	79
0	79
2	1
1	609
1	40
29	609
3	129
908	2310
21	2310
6	566
0	432
1	354
9	372
0	236
0	216
0	207
0	74
0	8
3	4
3	1
0	0
0	0
0	0
0	0
22	246
0	11
1	134
0	152
15	167
8	92
4	191
6	203
4	114
0	64
0	10
13	61
24	12
31	1208
20	1062
134	944
1	19
1	499
2	28
1	68
8	7
2	9
173	64
28	23
1	3
5	0
1	32
4	16
7	23
0	10
4	1
27	10
15	77
0	289
2	18
1	225
10	235
8	25
2	25
0	4
0	1
0	31
0	31
0	0
605	277
35	277
1	0
209	764
0	264
12	156
4	387
3	231
0	280
0	246
0	357
10	299
0	49
0	49
0	0
0	2819
27	578
4	627
298	3252
13	961
3	3225
10	655
203	1782
16	36
0	3259
0	2571
68	2223
1	273
13	2234
10	1790
25	1774
1	1743
0	69
0	69
0	2226
0	49
0	40
0	702
0	4
0	459
0	486
0	75
0	1517
1	752
0	32
0	26
0	19
0	64
0	481
94	835
0	703
25	271
1	1
4	4
0	148
8	50
1	104
4	34
2	8
73	26
14621	5999
42	202
25	2339
106	3655
2	2254
42	379
60	89
0	0
0	0
0	0
1	788
1	0
0	0
5	1
0	0
0	0
0	0
0	0
0	0
0	0
0	0
0	0
0	0
0	0
0	0
32	406
0	403
0	175
0	218
14	211
1	25
0	37
0	51
0	0
4	91
2	56
4	47
3	33
0	15
0	9
0	10
0	2
1	8
6	3
36	11256
1540	14633
54	4891
0	1386
28	5
4	693
0	481
458	1694
5	744
23	375
13	15
3	1082
13	2
0	0
0	0
0	0
0	0
0	0
0	0
1	8
11	21
16	5
13	27
39	1951
41	1691
13	1419
2	19
13	162
104	1945
44	20
0	4
0	1
0	7
4	6
0	5
1	4
2	1
1432	1546
115	1546
1	45
1	45
0	41
13	817
5	63
0	15
0	15
3	843
23	141
31	750
2	0
0	1
0	1
0	0
0	0
0	1
0	0
0	0
0	0
0	0
0	0
0	1
0	1
0	1
0	1
11	0
1	3
1	3
408	1044
3	1044
1	659
1	5
0	5
0	1
3	5
546	325
11	41
3	220
5	284
0	205
8	2
0	1470
0	1268
0	0
1	1
0	0
0	0
0	1
0	1
1	2
1	0
0	2
0	0
0	0
6	13
3	27
0	2
0	0
0	0
0	0
0	0
0	0
0	0
0	0
0	0
0	0
0	0
0	0
0	0
0	0
0	0
0	0
0	0
0	2
4100	219
40	33
52	63
3	18
0	0
0	0
6	1252
0	1323
4	1059
0	1453
0	915
119	877
26	1112
43	1753
1	231
5	74
1	53
6	75
18	132
2	149
0	136
1	7
0	61
0	63
9	95
8	1246
0	8
0	8
0	2
0	3
2	0
0	2
0	0
0	0
0	0
0	0
0	0
0	0
0	8
0	7
0	515
0	94
78	37
34	33
0	37
159	897
19	781
5	349
6	217
0	46
2	17
0	24
0	0
0	0
0	0
27	594
19	422
10	531
2	287
26	136
7	50
13	149
10	4
6	0
10	2007
24	1897
0	670
11	123
5	13
3	71
7	5
4	115
1	91
0	72
0	63
4	11
5	0
0	48
0	565
16	0
1	0
1	1004
11	569
12	624
3	532
2	282
5	0
13	823
417	1415
34	1420
27	1440
2	682
15	1195
2	513
0	0
0	141
66	223
0	62
0	29
2	7
5	16
2	210
143	929
5	816
14	5
0	79
0	68
13	905
7	16
2	37
21	505
17	241
0	239
5	30
2	68
3	88
303	63
8	46
3	13
0	17
0	6
172	84
0	8
3	14701
0	0
0	0
0	0
3	0
0	0
58	2067
0	1765
4	386
0	293
14	43
6	5
19	89
16	875
16	512
2	132
1	1747
50	2760
14	2
0	26
40	6
0	15
31	2738
3231	0
36	3616
1	3128
9	631
0	618
0	620
0	140
0	738
47	26
2	0
28	407
6	128
5	41
0	301
5	3123
0	0
0	0
0	0
0	0
0	0
0	0
0	0
0	0
0	0
0	0
0	0
0	0
0	0
0	0
0	0
0	4326
0	908
0	2938
0	3293
0	0
0	0
46	1289
0	498
0	399
0	536
0	383
2	382
23	522
0	337
0	501
0	378
0	41
8	69
10	77
70	1332
10	782
62	244
1504	807
93	854
10	61
46	2
341	710
4	23
2	131
11	135
6	35
4	58
3	414
2	8
0	114
4	22
4	159
370	1722
0	14
8	65
6	183
4	43
0	17
64	42
0	4
6	22
7	40
4	902
5	14
7	3
4	2
16	5
8	7
13	21
6	193
1	354
1	0
10	11
0	0
0	1
0	0
0	2
0	0
0	1
0	0
0	0
0	0
0	0
0	0
0	0
0	0
0	0
0	0
0	0
0	0
0	0
0	0
26	46
0	0
2	178
35	1228
8	1210
310	1555
0	173
18	547
0	1072
2	49
6	20
3	47
29	376
126	513
106	27
340	532
2	41
70	365
32	274
2	9
0	165
2	51
19	4
30	99
4	0
1	50
18	14
13	0
6	49
15	27
8	5
11	0
37	14
8	24
0	0
2	1937
2	13
0	1893
7	1626
19	667
37	62
10	38
4	7
12	1
25	184
13	195
3	27
1	5
1	9
4	10
2	35
6	230
0	325
3213	338
4	1025
0	2222
0	1873
0	855
0	380
42	1684
0	1033
0	1507
38	1261
90	19
1	314
0	50
14	51
52	34
0	34
0	8
2	6
1	0
3	0
0	1235
0	19
0	34
0	41
0	54
0	508
0	306
0	3
0	277
7	6
0	314
0	3734
0	14
21	4
8	4296
0	125
10	208
3	501
12	519
4	3225
0	746
1	436
5	3873
8	1524
0	37
0	181
17	445
1	1008
67	48
102	1
132	400
4	617
0	2024
0	1747
8	1044
55	439
26	319
0	1863
1	0
1	0
0	114
0	114
0	0
0	0
0	0
0	0
0	0
0	0
135	9
0	2
3	9
7	17
0	0
0	0
0	0
0	0
35	96
0	0
0	0
0	0
0	0
0	0
0	0
1	1
0	0
0	0
0	0
27	257
20	242
0	545
0	458
12	372
0	116
0	120
0	133
1	124
9	29
6	68
0	15
0	13
0	11
20	106
0	104
8	13
0	6
0	1
0	1
0	0
2352	124
2	87
2	65
3	22
9	4
5	11
32	7
19	15
44	935
21	935
33	245
67	62
33	48
5	246
3	299
100	1049
5	323
0	1179
6	1041
0	0
41	10
0	10
10	3
0	0
4	511
2	27
0	81
0	672
2	237
0	1882
0	495
0	1407
4	43
0	1065
3	174
13	127
13	1
98	211
27	45
0	0
102	114
0	0
0	0
0	0
3	9
0	0
0	0
0	0
20	73
0	0
0	0
0	0
0	0
2	4
0	0
0	7
0	0
0	43
0	34
0	0
0	0
357	286
8	33
63	273
9	158
7	205
9	0
0	0
0	0
0	0
0	0
0	0
0	0
0	0
0	0
6	14
1	9
0	19
5	30
30	29
0	0
0	0
6	146
19	62
10	10
7	6
0	3
3	144
60	154
1	7
0	7
0	2
1	4
1	5
0	1
0	0
0	1
20	43
0	0
0	145
0	0
0	139
0	0
0	1
7	153
0	8
0	18
3	1
7	77
3	7
11	7
4	0
2	265
0	565
9	544
9	338
32	464
1	284
18	4
0	101
2	202
34	8
2	42
1	83
0	0
0	0
0	419
0	0
0	0
0	0
32	348
1	9
2	7
0	4
0	2
1	1
0	2
0	1
0	7
0	9
0	7
0	0
0	0
0	148
0	149
0	165
18	0
32	186
0	321
0	122
0	311
4	452
0	945
7	996
27	1088
0	59
1	259
0	276
8	54
32	236
6	325
0	83
0	27
0	69
1	1
4	1
2	1
241	1161
2	1042
0	1071
4	515
0	41
0	9
17	10
3	38
66	105
7	8
25	14
5	10
15	38
5	31
224	819
27	129
11	283
2	7
2	0
2	21
0	580
0	10804
0	10598
0	725
0	64
0	455
0	683
0	122
0	16
0	3136
0	28
0	290
0	284
0	40
0	239
5	0
20	12
9442	1725
26	1139
12	611
0	0
0	0
0	0
0	0
219	500
0	66
2	0
0	118
19	64
1	391
0	0
0	0
503	25558
38	26865
156	22210
4	23276
0	21433
1	21165
23	5249
46	3717
0	9390
0	4
0	9108
26	2206
2	1667
97	89
4	67
6	35
7	657
0	0
0	0
35	152
34	28
1	42
4	29
0	0
7	77
2	5
2	74
0	128
0	4
37	4
0	0
0	0
0	0
0	0
0	0
0	0
3	408
4	398
0	171
0	21
13	11
1	6
6	0
23	12
1	14
1	12
0	5
2	2
74	108
2	0
4	416
0	411
27	1
776	267
22	200
2	93
25	101
0	30
1	1
2	2
0	0
0	0
0	0
19	0
870	67
0	0
6	586
60	670
0	654
0	218
8	1304
0	266
2	824
0	1072
146	1025
10	27
4	676
0	663
2	663
1	663
0	577
9	506
1	40
2	5
4	0
0	25
0	16
0	25
2	25
0	7
0	10
5	9
0	8
0	9
0	24
0	4
0	0
13	27
0	0
0	0
0	0
0	64
0	0
0	0
0	0
0	0
0	0
0	7
0	8
1	8
14	1262
0	1233
1	836
3	526
0	932
4	30
0	26
0	212
0	808
0	827
0	160
0	371
0	751
0	709
0	276
0	113
0	48
0	498
0	81
0	119
0	102
0	86
0	32
0	0
0	0
0	462
2	152
2	153
0	166
0	90
2	161
0	164
2	100
0	10
0	33
0	16
4	128
0	200
15	74
8	185
21	2
9	47
0	182
0	29
7	12
0	240
11	118
0	91
4	66
110	1681
1	7
40	1680
22	57
8	47
7	1
14	557
0	1140
5	14
0	29
91	881
16	850
2	8
0	213
0	0
0	0
0	0
0	0
0	0
7	17
0	0
0	0
0	0
0	0
11	4726
42	5562
455	1311
1	501
3	1522
0	2095
1	631
1	259
0	314
39	477
6	306
19	187
0	3
0	0
0	0
2	7
0	0
0	0
0	0
0	0
0	0
0	0
0	0
0	0
0	0
0	0
0	0
0	0
63	81
0	2
0	25
0	7
1	7
0	7
4	6
3	6
2	2
8	87
61	159
40	50
126	126
28	12
7	73
0	91
1	265
0	289
1	63
0	19
5	38
4	80
1	81
24	199
1	80
12	98
21	338
0	16
0	67
17	205
8	125
0	70
13	135
1	14
0	78
71	7426
160	4431
189	2849
5	415
0	6703
43	4088
26	3722
41	1070
1	1170
7	2721
1	10042
10	4374
4	6001
180	6045
12	622
1	41
0	1681
29	1920
1	3040
172	30
215	290
136	1014
608	1607
159	1595
1	8
4	40
13	63
0	63
0	0
0	23
2	11
0	10
2	0
0	1
0	1
0	0
0	0
0	0
2	0
0	1
2	20
0	0
0	0
0	0
13	1
0	0
0	0
0	0
0	0
62	4
1	4
0	8
176	618
0	26
2	602
5	17
1	28
29	1595
11	552
0	374
8	56
0	113
12	15
0	8
0	1517
7	1355
0	3165
0	313
0	709
0	0
0	1
17	1540
10	1134
12	1325
53	3238
15	176
7	116
0	112
82	57
35	3008
8	42
0	39
0	109
1	45
2	3053
46	31
3	13
14	31
11	96
3	0
0	0
2	14
178	2523
2	32
0	55
2	137
19	411
0	2556
0	117
0	3156
0	291
0	444
0	209
0	242
16	199
0	167
0	168
0	167
13	205
0	168
0	112
0	14
0	8
1	17
0	12
5	0
8	14
0	334
509	0
0	11
0	8
0	0
0	1
6	6
0	2
2	4
0	2
0	2
0	0
0	0
741	413
13	25
9	50
6	407
5	819
24	103
11	775
0	0
0	0
0	0
0	0
0	56
197	815
327	339
83	460
8	112
31	416
3	531
20	226
0	15
52	15
0	0
0	50
1	2
2	13
80	415
0	3
2	36
0	2
0	30
0	11
10	322
3	20
5	27
0	179
1	22
2	10
0	0
0	0
0	0
0	0
0	0
0	0
0	0
0	0
0	0
0	1518
0	1277
0	1310
0	1331
0	1046
0	150
0	341
0	205
0	127
0	230
0	137
0	356
63	3393
41	2286
0	669
85	399
7	382
8	1009
14	2257
48	381
0	99
1	211
14	364
97	981
2	1407
104	6614
2	6234
1	3256
6	171
3	186
5	33
2	2
4	112
45	653
62	20
15	23
1	14
140	21
2	6
3	25
15	17
5	25
0	14013
0	14110
0	8936
633	2543
86	1867
0	161
1	14105
219	777
2664	1135
20	1129
0	370
294	259
0	42
0	5
0	12
0	3
0	14
0	14
0	0
0	0
0	0
0	0
1	1
0	0
43	861
0	781
29	706
18	769
0	111
0	96
1	93
17	236
159	715
15	33
3	470
16	1046
49	1001
0	1178
0	244
1	997
79	1004
1	1005
25	466
1	2674
6	2610
18	1340
0	2066
12	2218
2	1903
0	1619
1	932
13	566
1	360
0	3
0	2
0	1
0	1
0	3
0	0
0	0
0	2
358	9361
105	9015
0	9369
0	1
2	0
5	1717
17	535
0	28
4	406
49	3356
9	109
16	55
9	45
72	793
0	360
30	341
134	1340
13	110
35	1424
34	166
0	1343
0	1341
24	1291
0	524
8	711
4	525
0	514
15	63
4	96
0	159
0	86
0	51
5	19
0	1
0	0
0	0
151	489
7	465
10	506
4	20
12	43
5	505
7	2
1	349
1	68
11	161
4	6
0	41
14	276
1	2
4	16
0	1
0	3
0	2
0	7
0	7
0	6
0	6
0	1
0	4
0	0
0	0
0	17
0	17
30	11
0	0
0	0
0	0
0	0
0	0
0	0
0	0
0	0
0	0
0	0
0	0
0	0
0	0
0	0
0	0
0	0
0	0
0	0
0	0
0	0
0	0
3	0
0	5405
0	6514
0	679
0	2620
0	1885
0	57
0	1748
0	2275
0	4043
0	134
55	152
1	152
12	53
1	44
0	337
2	195
19	13
12	151
2	137
48	513
0	294
16	132
2	40
0	154
0	468
40	637
0	165
3	330
0	552
9	73
0	48
19	197
0	22
3	120
0	256
20	469
2	25
1	126
8	207
43	274
5	454
15	1313
0	2885
7	1384
0	1385
35	2719
2	33
21	241
67	63
2	16
12	3
1	16
0	96
1	2222
2	36
0	16
0	2299
11	38
0	38
0	1318
10	72
14	9
5	99
4	1871
39	1814
15	34
0	66
3	81
0	173
7	7
42	135
5	192
26	145
3	37
2	51
11	57
7	16
0	159
1	45
31	597
0	252
2	160
0	75
3	12
7	10
0	35
0	35
0	35
0	9
0	0
0	0
0	0
0	0
0	0
0	0
0	35
0	204
1	36
0	20
0	33
0	13
0	7
1	1
3	11
0	2
0	31
0	0
2	0
0	1
5	18
4	18
3	2
1	0
0	5
3	1
0	0
0	0
2	0
0	0
0	0
18	0
0	0
0	0
0	0
0	0
0	0
0	0
0	0
0	0
0	0
0	0
0	0
0	0
788	1726
29	101
0	790
1	899
10	483
6	710
0	1010
1	445
0	3
0	477
0	0
0	0
0	0
0	0
0	0
0	0
0	6
1	31
0	0
24	592
45	530
5	1
1	481
0	474
1	359
3	9
14	3
9	153
24	730
86	575
16	421
0	717
0	711
23	745
0	724
0	726
8	398
1	41
5	18
0	30
0	37
298	44
1	15
0	13
2	14
19	2
1	2
0	2
0	2
2	2
2	2
0	4
0	4
1	1
1	1
17	86
0	81
2973	1123
68	695
2	24
2	118
11	45
9	93
2	282
5	167
0	49
0	0
0	0
0	0
0	0
0	0
0	49
0	49
0	1223
0	1611
0	1033
0	264
0	738
0	1105
0	1217
0	1218
0	1222
0	678
0	750
0	424
0	10
269	281
19	39
1	102
29	257
17	211
2	0
0	36
0	36
0	36
150	642
2	642
0	22
0	0
26	25
1	765
68	907
11	2141
100	2162
331	19
25	539
207	197
0	247
39	2141
122	615
0	601
0	67
23	67
26	19
20	1381
96	734
3	104
19	174
25	133
3	3
1	47
0	8
233	236
26	30
7	340
1	88
3	72
0	67
0	1235
84	46602
120	8203
253	568
2	7558
43	7185
37	8805
78	5294
195	8367
156	5073
12	2226
6	897
1	404
68	119
9	42683
8	485
0	1
0	2
1	18
36	0
0	0
0	0
0	8
0	8
0	0
0	0
0	0
0	0
0	0
15	83
8	83
23	1164
27	781
0	734
3	430
1	107
10	1117
16	312
14	234
1	28
0	3
0	5
0	215
0	128
383	312
4	322
20	45
118	3862
1	906
0	998
1	843
3	372
0	132
3	140
3	114
0	3832
0	74
391	1298
0	114
10	159
2	68
9	0
0	1250
0	0
0	0
0	0
0	0
63	971
46	253
0	1092
21	198
0	129
6	125
2	217
2	126
10	1092
0	0
2	0
13	2052
0	591
0	180
0	2152
0	1110
0	1110
0	1963
5	461
0	2027
0	238
0	278
0	1221
0	520
0	31
0	49
0	25
0	121
0	2170
97	53
0	53
0	0
2	7
1	2
6	21
7	8
0	8
26	3
0	0
0	8
10	2709
1704	4398
1	195
1	885
0	159
0	246
0	2613
9	487
31	55
5	1949
3	287
2	2672
13	166
0	279
0	624
11	121
16	642
4	935
4	393
2	31
0	31
1	31
0	3
6	11
0	0
0	0
3	0
0	0
37	118
11	98
93	385
0	93
0	2
0	2
0	2
0	0
9	7
0	0
0	0
2407	0
294	119
0	16
0	52
1	1
1	14
2	66
0	11
0	1
0	2
0	16
135	74
0	16
0	1
0	0
0	2
4	3
3	3
4	106
0	0
0	0
0	0
0	0
42	234
0	486
1	5425
0	580
0	88
1	307
0	99
4	274
4	249
192	1175
4	5706
162	6077
7	5667
0	727
0	729
21	70
11	101
0	176
4	224
0	227
26	59
0	31
16	5177
1	5170
24	154
0	160
28	46
10	3
9	1675
8	7
31	4463
12	2803
20	741
0	5227
0	5571
26	8
0	8
1	1
0	0
1	0
7	0
1	0
5	0
2	0
12	1570
22	173
414	589
0	184
16	1430
0	229
33	179
0	3
0	2
0	1
1568	779
17	12
1	10
21	123
6	67
42	566
1	47
3	31
2	28
207	697
0	213
0	526
3	409
125	414
0	62
2	338
1	158
0	74
0	175
0	50
279	140
0	97
3	32
0	359
6297	1741
225	719
0	1245
0	0
0	1
3	1
0	0
0	1
0	1
0	0
1	4
0	2
11	2
0	4326
0	908
0	2938
0	2638
0	3293
8	21142
0	22811
185	5528
408	587
7	6454
13	12258
4	14144
77	631
0	3053
12	10684
1	22574
0	16595
28	28884
0	627
0	14456
679	20474
4	13701
89	11021
260	11005
18	8766
287	7755
81	5723
0	585
2	9473
4	3786
3	7260
8	171
0	8617
3	3888
84	10567
2	7220
0	10541
2	551
43	491
0	10494
0	2
0	2
0	0
0	1
0	4434
0	3665
0	3826
1	0
6	4811
17	4562
0	4460
9	3866
0	167
0	269
2	3809
0	4656
0	4092
0	4008
1	48
0	3776
10	111
6	226
133	3262
4	641
3	705
9	198
0	524
0	3969
0	0
0	0
0	0
0	0
0	0
0	0
3	1455
82	1455
9	109
137	0
0	34
0	35
0	25
0	19
0	15
0	2
0	0
0	0
0	0
0	0
0	0
0	0
0	0
2	37
7	26
0	16
0	22
0	43
0	6
2	7
2	4
0	4
0	2
0	7
0	0
0	3312
12	295
0	2959
101	2367
26	161
1	6
2	908
0	3314
0	0
609	1782
5	496
13	410
1	223
4	228
0	1408
0	11
0	5
0	322
0	83
0	3
933	28
0	0
30	22
0	0
2	0
0	0
0	0
0	0
0	0
1	77
8	77
7	33
0	0
6	0
11	0
25	2006
0	2006
16	550
30	162
16	8
4	25
4	43
161	69
6	27
218	754
35	479
12	369
0	270
11	452
0	594
13	26
12	22
2	47
1	40
0	86
11	5
7	0
0	26
0	41
0	20
3	0
1	1
8	245
9	1224
21	1347
40	1085
33	1150
0	772
16	126
10	6
3	131
35	107
11	48
1	267
0	70
1	385
0	249
0	220
5	89
0	0
0	345
99	268
4	309
26	246
69	152
35	311
32	224
0	45
0	1
0	0
90	0
5	2
0	8
0	57
0	49
1	5
3	0
0	0
0	0
1	5
3	0
0	0
3	3
0	3
0	0
0	0
2	0
4	1418
123	1480
133	1948
33	1020
0	27
17	172
33	332
0	13
0	1845
0	50
0	0
0	50
0	0
0	0
2	0
0	0
0	0
117	235
1	33
0	30
3	432
7	0
1	53
2	157
9	35
26	7
0	414
0	0
0	0
64	3
2383	2564
23	327
8	25
62	2219
26	1675
2	191
0	196
0	291
0	861
21	888
7	759
6	269
39	3
4	276
21	154
35	383
0	1371
0	1499
0	0
0	0
0	0
0	0
0	0
0	0
0	0
523	641
10	641
63	229
6	0
105	420
20	162
2	2465
0	450
2	8017
58	7584
14	4463
0	24
1	10305
71	4115
0	7179
3	8509
7	6715
10	82
19	28
0	448
0	384
82	107
0	416
4	354
14	10
0	4
0	3
628	1800
7	1304
25	1107
2	798
2	945
1	521
4	134
0	329
1	207
2	258
142	881
39	739
4	25
0	360
74	79
0	23
0	2614
0	2476
0	72
3	48
22	30
1	27
0	30
0	0
3	1881
7	1384
6	1878
10	1270
47	829
38	965
12	714
2	1849
0	1676
7	1922
55	792
2	582
2	382
9	357
10	330
10	878
0	916
15	239
0	64
3	7
13	424
0	1444
38	1410
0	1240
2	707
38	434
0	85
11	48
10	19
0	1363
587	632
0	365
0	473
0	335
0	2
4948	3749
0	5
6	2125
45	1034
65	3274
140	2589
12	613
1	748
22	336
48	21
0	0
0	0
0	0
0	0
0	0
0	0
0	0
0	0
0	0
0	0
0	0
0	5
0	2
0	0
0	0
0	49
0	5
0	26
0	0
0	0
0	0
0	192
0	211
13	62
10	0
17	11
0	176
0	119
0	27
0	124
0	122
0	11
0	50
0	49
0	162
0	43
1	396
0	4300
0	6
31	5
3	4
0	0
1	1
0	6
238	3833
0	4720
1	2
0	1
5	344
1	206
835	5016
91	411
57	3962
0	3934
22	1964
0	328
18	598
4	0
1	388
0	0
0	0
0	0
0	10366
0	1867
0	5160
11	1138
133	1127
5	312
21	420
148	2363
31	6
59	10
0	321
36	2312
0	2
0	1
27	3
5	167
0	0
0	1
2	1
0	0
0	729
8	683
6	3
0	144
6	73
1	77
1	15
7	7
11	20
0	793
0	162
1256	0
1	1
0	1
0	0
0	0
0	0
71	55
0	41
0	11
0	0
0	3
0	0
5	27
0	37
19	63
23	194
0	184
0	0
99	1145
16	270
13	38
0	180
48	25
0	1108
2	187
0	268
0	196
12	0
24	795
11	0
2	146
0	0
0	175
2	0
1	114
0	0
79	59
0	49
7	57
0	50
0	16
2	21
2	34
0	34
2	13
32	0
9	0
5	1
2	79
0	317
0	308
0	321
0	10
0	282
7	25
0	250
0	283
0	58
0	76
0	51
1	43
0	103
0	7
4	25
0	52
1	21
0	82
0	108
3	83
1	274
0	32
2	7
2	326
2	18
2	51
1	19
1	40
0	78
0	52
0	286
0	44
0	16
2	10
1	11
15	128
0	317
0	374
4	332
0	314
1	237
38	269
9	190
1	189
0	77
14	39
3	43
30	342
364	1151
10	78
3	16
0	59
1	54
6	96
2	82
3	91
0	75
12	66
8	630
0	106
6	283
55	500
4	42
1	5
3	61
2	41
0	42
10	68
1	11
5	2
23	19
27	3589
11	4691
8	4485
21	3044
44	3452
69	4186
1	169
3	179
0	339
0	338
19	0
0	0
0	0
0	0
24	0
0	0
0	0
0	0
0	0
0	0
0	0
0	0
0	0
0	0
0	0
0	0
0	0
0	0
0	0
7	6
4	4
0	6
0	0
3	11
182	184
0	1
0	13
0	0
0	1069
0	1014
22	50
0	116
33	1252
9	171
5	1140
9	1230
1	1218
9	8
22	52
3	146
0	2
14	2
0	0
0	0
0	0
0	0
0	5
0	0
0	0
2	5
0	0
0	5
6	26
0	0
0	0
0	0
0	0
4798	0
9	195
2	386
4	306
0	24
0	8
0	112
1	96
1	59
5	333
5	10
1	9
26	68
15	57
381	1312
2	1214
0	525
184	127
204	1
6	428
30	172
1343	13310
139	490
68	3777
9	5352
205	237
0	9746
0	68
5	68
0	80
6	241
0	361
7	401
0	332
7	68
0	80
0	183
2	29
2	9
5	237
0	22
4	0
3	260
0	213
0	173
1	71
0	30
2	79
0	67
7	5
4	1577
1	137
2	35
350	184
13	3796
1	74
0	74
0	71
4	74
4	109
75	119
0	1
0	0
0	3
30	94
0	1717
67	108
5	30
19	968
4	99
0	20
5	66
1	42
2	40
66	84
22	91
2	171
0	161
0	137
1	3867
0	0
10	19
3	1
2	18
0	4
0	0
0	0
0	1
0	16
0	3
0	0
0	1
0	1
0	1
56	661
0	494
4	520
0	105
4	199
3	129
1	120
0	87
0	0
6	278
8	328
0	484
21	606
1	280
1140	837
9	417
0	0
1734	301
7243	375
28	2
0	0
0	0
0	0
0	0
62	1223
10	1152
201	194
18	100
40	3
8	39
0	114
18	27
20	1202
0	0
3	2
0	0
8	16
4	238
15	611
1	108
1	773
0	864
24	746
1	842
16	394
11	216
15	209
31	147
0	233
0	278
0	622
1	286
0	92
1	165
6	5
75	383
6	341
3	1225
0	1251
0	1233
0	1277
1	59
0	1
3	0
1	16
3	5
6	5
0	1277
0	1265
0	185
30	1367
886	2333
4	2230
1	2
0	157
0	174
0	169
0	168
0	212
0	217
0	0
0	91
0	187
0	204
0	195
0	209
0	145
0	3
0	84
0	14
0	20
0	0
0	4
0	208
0	213
414	5508
27	5459
39	3841
0	5515
24	4980
0	1218
63	1986
3	649
10	326
11	1142
18	659
0	0
26	28
0	28
0	0
0	0
0	0
0	0
0	0
1	0
0	0
0	0
0	0
0	0
0	0
0	0
0	0
0	0
0	0
0	9
0	14
0	9
0	0
0	0
0	0
0	0
0	0
135	3893
1	3820
0	139
7	127
0	188
0	251
21	9
0	260
7	89
59	122
2	211
64	11
74	153
2	807
1	149
28	62
1	151
40	3832
0	8
9	15
1	8
0	2
0	0
0	0
22	1127
0	1096
0	1063
0	1116
86	1132
28	95
17	123
19	79
0	0
58	8807
25	1405
2	697
0	5350
2	914
0	1449
0	7173
47	6407
0	1228
34	737
5	5194
4	209
4	627
0	8747
0	1591
104	64
27	37
0	1597
0	99
0	8
5	16
283	216
26	36
0	140
744	266
4	134
15	16
20	0
33	632
0	306
32	595
0	2226
87	187
0	591
0	436
3	244
7	31
0	2209
1	341
5	11
77	148
197	158
1	68
2	1227
8	27
17	864
0	1293
0	1383
67	87
0	936
4	0
0	210
3	977
20	1263
11	315
32	455
77	325
0	907
0	829
4	887
208	714
2	375
19	207
2	316
1	261
0	87
59	193
0	54
69	53
1	19
1	31
1	27
3	15
0	0
0	4
0	1
0	4
0	4
1	2
0	0
31	97
10	4
0	136
5	71
7	99
0	50
0	217
9	17
1	76
6	50
4	1
38	88
3	261
0	197
0	18
0	36
12	4
0	11
22	218
0	0
0	0
0	0
0	0
0	0
0	0
0	0
3	4
63	4
0	0
0	0
0	0
0	0
32	18
0	18
16	1
0	1
0	0
0	1
0	229
8	22
5	0
414	1938
7	492
59	314
37	130
0	0
1	0
0	17
0	83
0	0
25	1098
0	168
0	2032
12	127
648	2073
5	0
0	13
9	10
2	9
12	83
2	51
132	848
0	69
171	895
0	20
88	181
2	203
0	0
1	0
0	0
0	0
0	0
0	0
0	0
0	0
0	2
0	0
0	7
0	1
0	0
2	0
0	0
0	10
0	0
0	7
0	7
0	0
0	1
2073	961
6	362
57	938
3	162
20	175
15	303
0	136
25	63
0	325
0	378
1	623
0	228
27	355
0	334
13	593
0	742
45	336
2	21
51	64
76	34
2	697
25	1258
0	682
56	856
261	1042
14	123
11	16
6	260
7	138
0	0
0	0
3	2135
104	1972
1	2578
0	637
6	2585
1	618
17	440
8	299
19	8
0	296
8	235
6	228
0	40
0	40
6	69
6	21
0	37
0	27
3	7
0	9
0	12
0	47
1	12
5	20
2	14
0	2537
0	2
0	2
0	1
0	2
0	0
0	0
0	0
0	0
0	0
2	18
1	11
0	25
1	4
0	5
0	1
1	8
0	1
150	20
2	16
0	12
0	1
0	505
2	151
3	0
20	444
27	556
0	217
15	562
0	0
0	0
0	0
254	277
8	107
0	0
0	0
0	0
0	1
0	2680
0	2088
0	1295
0	2800
0	75
0	30
34	312
0	0
1469	1320
0	93
2	180
0	14
0	1102
4	1043
11	916
4	0
2	137
0	84
1	7
10	10
2	4
0	0
0	0
0	0
5	280
23	183
6024	1005
0	63
9	146
1625	3
26	3
2	59
0	303
10	409
0	234
1	240
0	242
6	254
1	3
2	74
3	12
0	0
0	0
402	1891
9	1573
7	1385
5	414
0	220
27	579
0	2
3	7
0	0
126	3658
439	8017
111	2493
76	2798
92	2125
12	2235
9	91
52	110
127	23
0	3078
228	137
0	0
0	2
2	1
18	109
0	10
1	0
0	1
45	50
3	21
4	0
0	0
2	2
0	0
0	0
0	0
11	2
2	0
0	0
0	0
0	0
0	0
0	0
203	1102
11	1017
6	967
0	100
0	143
0	50
2	45
0	36
7	5
5	676
1	196
3	1
7	242
11	151
0	798
75	796
0	65
290	437
0	437
54	150
2	149
1	22
25	27
13	1
0	0
54	458
8	483
0	27
1	18
0	5
147	106
2	17
73	20
0	5
6	87
0	16
0	21
2	66
521	1595
8	162
1	1047
6	1348
19	52
0	61
0	102
0	85
1	668
3	995
2	1112
0	12
0	83
0	48
1	191
11	0
3	315
21	32
1	372
2	1
5	20
2	0
11	16
2	93
0	102
11	1
6	234
23	9
0	0
2	63
1	14
10	87
0	66
0	8
0	0
0	0
0	0
3	2993
16	1242
0	333
47	721
46	288
2	38
0	5
4	14
3	2471
0	364
29	390
13	384
1	2
0	170
3	78
0	6
0	10
3	14
0	14
584	643
154	2103
115	696
56	940
27	2042
94	1806
622	818
70	423
0	1967
25	2486
1	1789
9	1709
0	93
8	971
1	968
2	617
0	904
0	678
6	856
60	4011
29	3966
438	3937
2	572
1	124
49	12
23	15
1	3534
117	1173
0	987
9	113
3	681
18	699
35	88
30	18
0	0
0	0
0	0
0	0
0	0
0	0
1	0
0	0
0	0
0	0
0	0
0	0
0	2
0	1
5	45
0	2
0	1
0	1
0	1
0	1
2	34
0	0
0	0
0	0
0	0
0	0
0	131
45	239
0	46
4	234
9	4
0	230
0	232
0	11
0	11
0	7
16	30
0	0
0	0
1	2
0	7
4	9
0	2
0	1
0	0
0	0
67	200
0	0
9	48
1	25
107	0
18	22
0	206
0	243
5	191
0	33
1	33
0	25
0	147
323	3
6	3
0	0
0	0
0	0
0	0
0	0
0	0
0	0
984	2081
0	349
26	1
94	1999
1664	2
20	3
23	54
62	1434
17	1407
18	754
0	66
3	359
4	958
1	128
0	113
5	102
7	67
1	0
9	5
0	1
3	174
3	691
0	281
15	609
0	808
43	242
0	0
2	696
1	719
6	519
9	637
1	96
0	2
2	104
0	289
5	21
4	19
0	221
0	35
0	16
0	9
0	67
0	59
3	31
13	14
2	13
0	5
4796	6
4269	0
233	1864
36	2065
14	2639
0	2102
9	216
8	1501
593	0
11	24
0	0
0	0
7318	520
20	276
0	244
0	0
0	0
0	0
0	0
55	12
0	0
0	0
2	42
0	6
1	42
4	0
1215	3821
0	3445
17	580
20	294
19	544
28	2240
0	1215
186	2198
60	158
60	302
17	2
26	906
13	50
19	178
8	1001
48	26
26	54
67	13
0	3
2	1032
0	1574
0	1574
0	1347
13	348
3	1016
2	816
1	189
0	137
3	0
3	174
23	390
7	96
0	160
9	0
1245	232
13	179
62	76
0	869
3	106
0	0
0	0
0	0
2997	83
2	1
25	34
0	6
3	37
0	0
0	0
0	0
0	14
0	14
0	4
0	4
1	1
26	50
0	1
4	0
22	87
23	0
0	1
17	53
16	2552
0	157
40	1898
0	2252
1	24
11	185
7	43
6	139
0	120
0	9
15	13
0	127
0	242
53	969
8	83
2	75
0	92
1	764
0	142
0	161
2	97
0	0
0	0
50	362
16	261
13	161
0	172
0	88
9	121
0	8
0	10
1	24
53	10
8	23
3	18
26	1897
0	983
0	1875
0	111
21	976
0	952
89	1016
19	41
2	938
0	964
2	52
0	53
6	41
0	14
0	15
0	14
1	13
0	15
0	1
3	0
0	0
0	1
2	0
0	0
4	24
0	0
0	0
0	0
0	0
0	3448
8	2917
0	3622
0	627
2	3339
3	2370
85	83
0	889
144	20
11	2814
51	32
0	3212
0	2163
0	2260
3	593
2	2098
3	92
175	2408
79	65
71	409
16	2028
26	49
322	1701
0	978
0	3770
0	3509
0	9
0	16
0	16
0	0
0	4
0	4
0	0
0	2
0	13
0	8
0	9
0	0
0	2
0	13
0	0
0	0
0	0
27	1
6	29
0	0
0	0
7	1
0	0
0	0
3	0
0	0
0	0
0	0
0	0
0	0
0	0
0	0
0	0
0	0
0	0
0	0
0	0
1439	1617
2	332
11	265
0	213
3	19
0	607
6	601
1	277
1	609
6	89
8	3
0	0
0	0
0	0
39	228
0	1881
29	3491
0	5441
26	128
6	169
29	172
12	3534
87	5616
271	3418
10	34
16	124
0	148
14	3244
0	384
1	3091
1	34
3	30
7	213
0	381
101	893
23	310
6	454
0	2211
0	3331
0	1292
0	1286
0	1081
0	1263
0	2660
0	310
0	1255
0	1031
0	1462
0	31
0	440
0	1765
0	0
0	0
0	0
0	0
0	0
0	0
996	218
78	31
49	187
66	106
269	380
0	351
1	60
40	87
0	5
0	2
0	5
1	0
7	30
2	3
1	84
0	1713
0	1658
0	1929
0	3247
0	3954
0	3843
0	3842
0	3956
0	349
0	222
0	55
0	275
0	486
124	750
87	37
0	169
0	182
26	512
0	170
0	577
0	597
6	170
0	19
1	79
8	508
0	4
0	14
0	579
5	208
3000	1241
0	495
1	355
3	277
0	2
0	0
2	0
0	0
0	0
0	0
0	0
0	0
0	0
0	0
41	104
0	104
17	48
1	0
0	0
0	0
0	0
0	0
0	0
6	10
10	0
99	960
0	520
2	890
22	377
0	0
3	887
0	821
1	5
0	130
0	883
0	0
0	0
0	0
0	0
0	0
0	0
1657	1558
2	6
11	22
18	1079
38	1447
82	93
3	583
0	29
3026	634
3	291
17	68
14	14
311	63
128	7
0	0
0	0
0	0
0	0
38	125
0	0
0	0
0	0
0	0
0	0
4	0
0	123
0	33
281	1364
81	801
1	728
0	824
3	150
4	99
0	379
1	47
0	305
0	156
2	273
1	43
3	274
2	164
0	160
1	262
2	213
11	129
0	113
2	83
8	152
0	20
10	14
0	27
0	49
0	1
0	1
0	1
0	0
0	1
0	2
0	2
22	849
811	14564
1	8555
1	11381
6	14452
1	137
1	1404
1	1156
0	4
0	13052
0	0
549	5761
16	3829
7	260
5	3268
4	39
2	19
0	156
50	5364
0	775
0	1422
0	900
21	79
6	23
0	140
0	255
1	255
15	224
0	9
29	175
0	175
1	260
85	394
2	589
16	369
4	291
12	74
21	27
1	177
0	395
60	229
6	322
2	75
9	164
295	2533
7	629
103	82
0	776
0	63
2	145
7	63
2	55
12	23
0	2
97	51
3	35
23	1
4	263
12	230
17	655
60	714
2	488
1	65
26	139
38	321
27	0
1	0
2	4
0	4
0	4
0	0
0	0
0	0
0	0
3	0
1	0
0	0
5	6
0	0
0	0
22	20
0	0
54	3337
15	566
10	971
0	466
18	3029
32	851
25	370
64	661
0	2524
0	2326
0	2401
0	348
0	64
0	877
0	172
0	127
0	125
0	98
2	2464
368	2535
105	3639
203	3597
1	11
21	611
0	0
28	31
29	47
0	2
0	0
0	0
0	206
0	60
0	66
0	24
0	22
0	12
0	6
0	1
0	3
0	2
7	3
4	209
12	49
2	48
0	56
0	65
0	8
1	23
0	65
0	0
0	0
0	0
0	0
0	0
24	259
18	13
8	238
2	38
4	24
0	29
0	69
1	27
117	1094
2	1048
22	292
7	776
0	65
20	734
0	335
10	455
11	311
11	339
31	205
0	153
0	103
0	107
0	80
0	36
1	52
0	29
0	48
0	10
0	23
4	9
1	0
0	0
0	0
5184	0
23	644
1	296
9	514
0	34
0	425
0	78
37	26
5	304
3	115
132	47
34	115
4	40
0	32
0	90
0	84
1	83
0	15
0	11
15	30
0	79
0	63
214	95
11	19
32	68
7	64
16	21
0	50
5	16
6	19
755	882
5	865
1	17
70	39
0	23
0	136
0	167
0	213
0	0
0	19
0	27
0	143
0	148
0	23
0	1
0	1
2013	524
16	477
0	406
25	90
544	498
17	391
33	334
3	98
5	37
14	502
0	510
2	54
0	413
4	275
6	102
1	106
0	23
3	32
6	683
40	603
0	522
0	366
32	516
0	569
0	592
2	96
63	228
0	347
5	128
0	440
0	436
0	257
0	464
4	435
0	25
10	378
0	377
0	261
4	302
0	186
0	342
0	3
3	425
0	383
0	497
0	354
54	522
0	357
1	351
7	256
0	316
4	441
1	258
0	300
0	257
3	257
16	186
0	127
38	122
0	107
0	22
0	34
0	49
0	32
0	0
0	0
0	0
0	1
2	1
0	1
0	0
0	1
0	0
0	1
0	0
0	0
0	0
0	0
0	0
0	0
0	0
0	0
0	0
17	726
0	775
0	43
45	719
2	263
7	9
6	678
0	3892
0	4448
0	1165
0	1204
0	2871
0	373
0	391
2	1
775	189
19	181
0	0
0	0
0	0
0	0
0	0
0	0
0	0
0	0
0	0
0	0
0	0
0	0
0	0
0	0
0	0
0	0
0	0
0	0
0	0
0	0
0	0
0	0
0	0
0	0
0	0
0	0
0	0
0	0
0	0
0	0
0	0
0	0
0	0
0	0
0	0
0	0
13	0
0	0
0	0
0	723
0	584
30	478
1	383
5	34
1	16
7	48
190	229
63	70
29	35
5	0
0	323
0	427
0	425
0	447
0	367
0	77
0	357
0	190
0	335
0	271
0	238
0	100
0	273
0	164
0	130
0	641
5	873
5	1012
4	403
2	881
23	570
4	528
2	205
0	531
7	458
22	38
0	94
14	65
0	157
0	102
17	1
0	8
0	7
0	44
5	1
3	28
52	88
0	8
0	31
0	5
0	1
0	9
0	49
4	0
5	4
0	0
0	9
0	10
0	43
126	2839
367	2770
14	1169
44	81
0	1012
20	249
2	412
0	130
101	1781
2	410
5	1288
16	168
0	239
68	1353
40	435
16	711
0	1204
0	0
0	0
0	116
0	0
0	279
0	249
0	432
0	246
0	246
0	48
1	0
4	0
17	425
20	1416
57	10
0	24
4	592
0	58
14	90
6	702
6	1288
4	85
54	39
454	89
14	87
6	7
0	10
0	17
0	1
0	0
0	1
1	3
0	0
0	1
2	13
0	1
0	0
0	0
0	0
0	1
0	0
0	0
0	0
0	0
0	0
0	0
0	0
0	0
0	0
0	0
0	0
0	0
0	2642
0	521
0	1303
0	1068
0	696
0	320
0	232
0	871
0	271
0	53
0	7
0	28
8	1285
191	1288
11	13
8	1228
0	760
0	680
0	712
0	0
0	14
0	0
0	0
0	0
1	416
44	1138
162	472
0	801
12	107
0	420
3	1
649	3042
6	1474
16	829
24	14
65	1586
3	356
0	29
22	35
35	45
4	46
0	49
627	1355
3	1238
22	302
45	172
0	2
0	54
0	205
0	0
0	0
0	0
38	9
48	1341
1	89
19	1164
0	8
0	1330
0	117
3	63
7	12
42	1619
12	494
80	271
10	0
1	656
21	249
6	17
0	63
10	2
0	669
0	4053
0	820
0	81
0	173
0	270
0	458
0	40
0	1475
0	864
0	38
14	3666
0	3432
0	3587
0	3487
2	611
8	301
4	65
1	196
10	94
0	64
4	6
10	4
1	341
4	76
33	741
30	680
2	671
37	518
0	600
33	280
33	239
0	74
0	0
0	0
6	930
3	422
2	587
42	249
0	563
2	551
1	90
9	96
0	18
2	20
0	27
116	570
154	749
2	93
0	13
1	122
0	70
0	293
3	283
4	150
7	297
2	582
1	499
2	131
0	35
0	0
0	0
0	26
1	26
0	24
4	11
0	2266
10	1857
85	2117
6	1970
7	1942
9	1829
20	22
0	284
9	321
47	15
1	39
2	547
6	193
27	147
0	1066
209	1758
22	435
66	358
0	37
65	1545
25	32
20	520
12	24
7	581
0	602
2	740
15	3
2	6918
78	7606
9	197
7	0
19	7613
0	0
0	0
0	0
0	0
0	0
0	9
0	14
0	9
0	0
14	29
0	5
40	63
0	0
0	5
0	2
0	0
0	24
1	0
0	5
11	5
0	6
1	31
0	1
0	0
0	0
0	0
0	0
1989	2451
0	2431
0	0
0	0
0	0
0	0
0	0
0	0
0	0
0	0
162	79
0	0
0	0
0	0
0	0
672	2082
1	1790
51	826
67	1759
63	501
1	173
23	1324
8	162
0	145
0	136
48	64
39	35
0	3
0	0
1	26
0	0
0	0
0	0
0	0
0	0
5	26
0	0
16	9
4	0
3	2
6	8
11	6
60	294
317	398
0	35
0	35
0	35
0	1
0	2
0	6
0	12
0	12
0	9
0	37
0	28
0	7
0	1408
0	851
11	294
0	632
2	184
4	495
4	295
0	13
2	45
3	728
3	0
3	195
11	35
4	20
4	18
9	6
0	28
0	28
4	6
4	1484
0	0
0	0
32	220
0	121
3	86
0	115
0	49
11	8
4	10
0	10
3	18
0	7
3	2
0	128
0	136
35	57
2	17
0	4
0	1
0	20
1	17
0	22
0	1
1	19
0	0
2	0
0	0
0	0
0	0
2	0
0	0
0	0
2	16
0	0
7	0
6	11
0	200
0	58
0	52
2	52
0	58
3	32
0	24
1	6
0	3
1	0
0	190
0	0
0	0
34	312
0	555
0	471
0	180
0	202
0	81
0	105
0	0
0	0
0	0
0	0
0	0
1	0
0	0
0	0
0	1346
28	1506
6	1414
5	1103
0	1122
0	294
379	469
10	450
1	0
1	0
151	14194
0	14700
1	4377
73	4070
104	4149
11	1276
14	840
28	385
0	1139
737	245
30	0
40	15473
26	14490
128	13220
0	4305
29	6252
0	232
0	0
0	0
0	0
0	25
60	3
4	2
8	5602
0	2778
30	1880
61	5819
2	1411
186	4496
3	2629
42	1719
3	36
2	1500
42	546
29	189
2	6220
73	182
0	0
0	0
101	49
2	21
51	30
0	8
1	0
0	1
0	1
0	1
0	0
0	0
19	0
0	0
0	0
0	0
0	0
0	169
0	117
0	92
0	15
0	19
0	61
0	24
0	419
0	23
0	328
0	34
0	42
0	36
35	27
0	340
0	328
0	358
5	14
45	348
10	112
28	282
5	68
0	331
0	296
0	0
0	3
0	1
0	1
0	0
0	2
106	1465
4	157
17	575
0	506
10	892
10	757
0	15
99	49
0	0
2	1
0	15
1	0
0	0
0	0
1	0
0	0
608	13
0	1
1	12
43	557
58	668
0	247
84	43
44	63
0	40
0	3
0	3
3	17
0	5
0	9
664	11635
256	7510
18	4817
7	2429
8	2808
9	656
4	784
0	2
550	217
11	88
4	83
2	553
45	545
5	534
0	230
26	194
0	85
2	148
0	72
13	51
7	25
1	7
0	63
5	83
0	69
1	32
7	1950
2	1815
0	1490
0	1255
297	480
11	1179
0	1165
0	869
4	871
0	1349
0	1252
2	112
10	781
0	927
0	947
0	451
0	851
0	818
0	837
0	147
1	21
3	36
0	58
31	0
0	24
0	1825
23	39916
181	40594
1	53
463	933
25	909
7	59
0	2733
0	205
0	229
0	422
0	450
0	0
0	0
0	0
0	0
0	0
0	0
0	0
458	1321
42	1099
1	225
322	57
44	17
0	0
0	0
0	5
0	3
0	3
0	3
0	2
4	0
64	3389
68	3400
0	2649
55	2914
0	2729
104	2528
0	2404
0	2468
93	22
27	80
11	383
22	58
1	208
76	487
0	6246
0	6117
0	394
0	783
0	1908
0	5923
0	173
0	266
0	1197
88	1439
6	65
0	65
19	1388
0	1582
36	1051
20	825
1	423
2	374
0	575
0	338
0	15
0	1598
0	258
2	1071
8	1081
0	1313
0	258
0	0
0	0
0	0
0	8
3	7
0	0
1	0
2	369
3	411
5	87
49	152
2	167
3	19
6	69
11	12
127	3
0	0
0	0
0	0
36	1022
0	0
16	320
2	1097
10	59
6	137
6	306
1	259
14	113
1399	152
58	152
0	24
1	0
0	0
0	1232
0	741
0	1221
0	4
0	79
0	463
0	623
0	655
0	131
0	52
0	15
0	14
0	66
0	50
0	54
0	42
0	34
0	16
0	3
0	1
0	49
0	82
0	55
0	51
0	50
0	64
0	93
0	4
0	15
0	31
0	5
0	5
0	1
0	1
0	1
0	0
0	0
0	0
0	0
0	0
0	0
0	38
0	38
0	38
0	38
0	38
0	1
0	1
0	1
0	1
1	0
0	0
0	1
0	1
0	382
0	54
0	62
0	51
0	364
0	50
0	1
0	0
0	0
0	0
0	8
0	235
0	412
0	317
0	230
0	510
0	0
39	6
0	0
0	0
0	0
4	146
73	790
216	778
37	539
0	80
3	1069
7	3
1	67
0	128
723	267
0	101
18	38
0	0
0	1
0	0
0	0
2353	4077
11	73
25	0
17	3805
18	158
9	3018
17	173
99	6
33	0
4	318
7	1496
14	0
5	207
11	603
87	0
0	1695
0	1916
0	1321
0	230
0	292
0	56
0	43
0	147
0	64
0	560
0	382
456	2441
232	925
17	31
28	157
15	1563
0	717
583	81
22	84
82	1607
51	963
62	579
1	186
72	816
23	271
48	125
0	162
0	7
0	7
0	7
0	0
1	12
4	7
25	67
0	9
0	19
0	0
65	406
0	225
10	144
1	130
0	383
0	146
21	15
1	488
0	299
260	387
21	459
260	618
9	86
1	167
0	114
0	221
89	390
0	6
0	42
0	32
0	5
0	13
3	11
1	9
6	12
0	16
0	4
4	3
0	8
0	1
0	0
1097	0
0	123
0	91
0	151
0	156
0	150
51	1915
17	1963
4	56
3	1510
4	1349
1	5
13	905
191	778
28	224
4	367
5	438
26	463
34	509
2	536
4	485
0	488
0	374
0	66
13	27
0	25
84	224
4	145
0	160
3	53
0	93
10	160
1	70
31	8
0	9
10	4
0	3
2	12
5	28
0	47
0	68
74	32
0	480
0	537
8	485
5	151
222	454
3	328
5	80
14	416
6	399
67	349
0	0
0	0
0	0
0	0
0	0
0	0
0	0
0	0
0	0
0	0
10	451
20	228
0	350
10	437
0	66
0	123
0	41
4	53
17	75
2	106
7	27
0	59
1	0
0	430
0	603
0	336
0	676
0	1779
0	483
0	1665
0	27
0	52
0	1281
0	93
0	726
0	12
606	918
1	392
67	131
80	35
103	148
139	177
2	374
5	284
0	268
41	412
0	190
7	286
0	156
20	284
10	15
5	16
88	0
35	1099
0	118
6	1102
71	661
14	534
343	982
60	984
1	282
0	54
57	1420
2	823
1	1433
5	10
23	106
203	1407
43	1422
17	0
0	1
0	1
0	0
1	1
0	0
0	3
0	0
1	1
0	1
0	1
5	9
112	91
21	764
111	19
0	630
11	765
134	2471
0	508
0	657
0	493
0	516
0	490
2	155
0	93
0	535
0	374
0	315
0	112
0	203
0	107
24	15079
0	8997
0	5125
0	3335
0	685
0	2153
0	445
0	21
0	1458
0	60
0	76
0	2353
0	740
0	692
0	106
0	11313
1	2
0	3
1	7
0	0
0	2
0	0
0	1
0	1
0	2
4	45
0	4
0	1
0	6
0	6
0	45
0	4
0	7
46502	12293
36	98
4	5751
94	5571
84	289
156	1774
0	2545
3	346
0	124
61	959
22	611
33	383
3	33
2	9
13	9
0	0
0	3
0	3
4	3
2	19
0	0
0	19
33	2441
53	432
0	2312
16	1251
12	631
0	911
0	1061
0	931
0	1930
0	2058
1	705
0	1973
4	46
0	98
2	72
2	106
0	59
0	55
0	2469
161	5
20	2178
2	738
0	1176
0	1233
7	192
0	92
0	175
0	434
0	175
0	391
0	1801
1	1574
0	157
11	172
3	157
0	198
0	907
0	598
0	398
0	11
0	322
0	218
0	800
1	181
0	1193
10	619
0	26
2	42
0	14
1	1
0	47
162	301
16	504
6	401
1	396
13	2
1	0
0	33
0	352
39	7
2407	3390
14	1465
5	2714
413	2664
1	1570
259	169
266	412
1	410
0	410
0	182
282	8
0	161
0	0
0	0
0	0
0	0
0	0
0	0
0	0
0	0
0	0
0	0
0	0
0	142
120	264
86	198
1	140
8	194
10	23
45	37
6897	7479
2	1501
3	132
5	474
10	227
126	5968
37	14
235	0
411	256
30	93
50	407
1	1255
873	2032
159	17
0	171
246	308
123	454
0	0
36	205
23	142
0	10
0	54
6	95
0	7
0	5
0	18
0	10
0	8
0	2
0	2
0	2
140	1123
1	74
0	455
2	140
1	88
7	49
0	132
5	82
10	0
43	14
0	1078
56	740
5	1149
6	389
6	489
5	5
4	40
0	2
6	26
0	22
7	4
0	8
0	12
4	7
12	2
0	1853
0	2063
0	1468
0	230
0	305
0	56
0	43
0	147
0	64
0	560
0	382
0	4
2	9
7	0
0	0
0	0
0	13
0	13
0	0
0	13
32	350
6	350
1	0
3	3
4	42
8	49
2	2
0	10
1	46
746	111
70	103
25	501
116	489
3	276
7	298
23	1
0	308
5	14
0	0
77	99
98	552
1	437
58	477
0	8
1	13
0	4
0	5
0	0
0	0
0	1
0	2
0	0
0	50
43	102
0	69
39	46
0	9
0	15
24	4
0	18
6	4
0	0
0	0
0	0
0	0
6	5
3	4
0	1
0	4
0	0
0	0
25	106
41	54
0	132
14	91
0	31
26	82
14	39
0	22
0	21
0	7
0	0
0	0
0	0
0	100
44	66
0	100
0	55
29	161
0	24
1	55
0	166
0	968
40	957
24	1323
10	881
1	696
9	467
0	282
0	265
0	256
0	64
3	81
4	201
0	94
1	3
0	74
0	44
6	956
8	1283
44	620
1	94
61	182
0	0
0	1013
18	892
1	1005
0	773
5	1041
0	1023
15	117
0	81
1	1
0	4
0	78
4	370
0	264
15	237
0	85
0	135
0	17
3	108
3	111
0	1365
145	1475
6	298
2	349
0	592
0	138
10	137
1	11
1	2
1	1
2	13
0	10
0	220
0	0
12	34
127	229
0	55
63	162
1	96
0	83
0	35
0	49
10	5
0	39
204	451
51	451
0	229
163	163
2	8
14	17
8	67
324	68
0	0
0	0
0	0
0	0
0	0
0	0
0	0
725	13
14	1
3	3
19	10
7	11
0	441
15	405
55	200
1	411
2	252
0	53
0	131
0	29
1	6
0	0
5	111
0	6
1	3
0	7
1	105
0	14
0	17
0	0
0	93
2	2
0	3
11	46
0	0
0	0
0	0
0	0
0	96
0	0
0	0
4	29
2	333
0	521
0	87
1	95
0	54
2	212
2	183
0	252
0	199
1	141
0	92
0	235
0	166
0	277
1	290
0	108
0	23
3	218
9	19
21	169
0	363
0	422
0	33
8	65
0	3
1	41
0	0
1	3
0	4
0	61
0	2
0	0
0	2
195	909
21	910
0	873
3	607
11	13
0	119
8	107
13	114
14	38
0	33
29	2
1	0
0	0
0	97
38	141
44	26
13	786
0	207
73	855
32	128
3	2
1	257
0	61
0	64
1	0
0	32
1	412
0	403
0	0
0	0
2	3
5	31
0	29
1157	336
0	208
0	163
3	51
1	1
36	6
3	76
21	18
316	17
66	2
0	8
1	17
11	11
7	152
6	93
1	3
0	3
0	3
0	12
0	12
0	12
0	12
0	9
0	9
0	9
0	6
1	1
6	4
0	0
76	81
11	64
9	56
10	42
21	1
6	0
0	309
0	716
0	757
75	36
28	6
1	97
0	394
4	278
0	299
0	319
1	273
0	267
60	328
0	215
0	161
3	150
0	129
0	201
2	22
1	11
2	16
0	9
0	17
0	26
1	14
1	17
0	38
6	13
0	14
1	62
1	44
0	415
0	423
0	0
0	0
0	0
0	0
0	0
0	0
0	5
0	9
0	9
0	0
0	3
0	0
0	3
0	2119
4	83
0	214
0	2042
10	1823
3	1637
0	1997
2	413
11	34
15	114
20	91
1	555
4	85
8	69
0	121
0	154
2	161
2	156
3	2
0	1780
0	1993
1954	13
1	370
1	1031
0	868
0	879
5	1672
1	0
0	0
127	992
0	1353
56	1289
3	343
0	500
10	234
32	1208
0	407
2	15
57	295
0	1671
0	29
36	402
16	228
3	615
122	525
4	38
16	426
12	417
3	10
2	16
6	2
2	27
2	22
4	31
2	240
5	30
2	25
0	38
7	4
0	0
0	43
0	0
0	0
0	0
0	38
0	0
0	0
0	0
0	0
23	41
0	0
0	43
0	43
35	1447
0	5344
75	965
2	1121
16	35
0	4700
1	29
24	76
0	229
0	190
9	219
0	197
0	196
0	195
1	14
0	1
0	21
0	22
1	102
1	6
0	57
0	10
0	17
0	12
0	5
0	9
0	0
0	214
136	1995
135	581
0	169
9	261
7	146
56	119
52	2152
37	276
30	140
7	197
9	307
0	361
11	44
59	17
1	273
26	122
7	71
49	188
4	22
117	290
2	43
0	241
0	110
53	58
6	220
16	0
3	101
1	101
2	45
2	0
5	0
0	0
11	125
50	0
125	0
62	4090
14	4779
0	264
13	17
0	17
8	10
14	1776
30	2144
27	1810
109	1804
5	115
10	4530
0	4789
100	1783
3	71
0	54
0	71
0	68
7	93
14	43
0	65
0	49
17	93
0	55
1	0
0	25
22	64
0	0
3	2
0	1
0	0
8	1
0	0
0	0
0	0
0	0
0	0
1	0
55	43
0	0
0	0
0	0
1	0
5	5
4	5
11	5
0	0
16	1735
97	1003
41	54
1	124
0	1735
5	0
3	5
0	5
6372	0
84	7
0	0
14	4
1	6
0	3
5	0
0	0
0	1268
0	1146
0	506
0	361
0	370
0	155
0	190
0	1095
0	145
0	58
0	30
0	4
0	68
0	38
0	81
0	71
11	43
0	0
0	0
0	0
0	0
0	0
0	0
0	0
0	0
0	0
0	0
0	0
0	0
739	591
13	99
80	529
5	92
11	230
4	87
0	365
0	54
23	365
10	399
0	366
0	365
21	307
1	258
12	63
4	26
0	15
0	38
4	5
7	30
0	0
0	30
20	388
8	449
35	306
0	138
0	79
29	7
8	29
0	0
23	188
0	0
0	0
0	0
0	0
24	524
58	544
0	623
3	172
0	615
0	540
0	124
0	23
1	453
31	7
0	521
0	514
0	19
7	265
0	12
0	22
2	459
6	158
4	24
0	5
0	535
0	528
4	51
2	419
1	228
0	32
1	59
1	5
0	15
0	0
65	44
0	3
46	205
5	155
1	177
15	102
0	69
0	0
0	0
3	455
1	265
0	455
8	260
5	21
7	89
2	0
2	13
4	5
0	33
0	15
0	2
6	0
2	0
0	117
0	58
6	0
0	5
1	5
1	1
1	155
34	74
0	1
2	0
0	0
0	0
0	0
0	0
0	0
0	0
0	0
86	2133
0	1099
0	2
4	2162
0	3
0	3
0	103
0	83
0	43
0	18
0	16
0	25
0	54
18	477
133	655
0	648
0	675
0	22
0	57
0	28
8	83
0	134
0	101
0	112
23	76
17	590
0	412
156	847
26	125
2	399
15	212
6	525
0	0
0	0
0	0
0	0
0	0
0	0
0	2
0	1
0	1
0	0
0	2
388	16
0	13
6	7
514	311
5	80
14	81
0	591
0	2047
0	180
0	2152
0	1110
0	2027
0	1963
0	238
0	278
0	1221
0	520
0	43
0	31
0	49
0	25
0	121
0	2170
4	162
12	162
5	470
26	563
16	572
6	438
8	7
7	10
32	3
9	14
0	354
63	72
8	72
253	67
0	58
0	60
4	1
3	0
10	5
3	3
5	0
0	0
0	0
1	4955
14	222
0	4983
0	1651
2	3777
1	1492
0	472
5	924
41	22
0	35
143	1384
11	1153
25	2
2	626
8	80
45	815
1	4488
129	350
68	362
4	27
0	13
0	19
0	38
0	0
0	2
0	10
0	10
0	10
12	9
0	12
14	3
31	3
0	3
0	9
0	12
0	10
883	799
0	554
0	171
5	22
2	65
0	0
0	0
0	0
7	2
1	2
0	1
0	0
0	1884
17	1715
0	1085
0	6
12	645
10	888
5	6
1	97
0	57
11	123
0	111
0	95
2	107
0	100
5	77
0	77
8	2
4	1473
1	35
1	31
7	34
888	1975
13	728
27	1451
19	790
14	151
21	333
79	212
0	197
0	270
0	216
0	171
0	206
0	210
0	261
0	292
0	285
0	0
44	5
0	0
0	0
0	0
0	0
0	0
0	0
0	0
0	0
1279	768
30	604
2	453
1	586
0	105
0	661
1	68
2	81
0	136
4	46
9	86
0	87
0	9
1	3
1	2
1	5
0	3142
0	1557
0	675
0	16
0	377
0	199
0	23
0	2735
0	522
0	0
2	5
286	2823
14	862
9	1439
2	695
298	830
14	759
0	967
206	110
35	120
42	970
163	462
27	232
22	368
1	462
0	21
0	1
1	410
0	346
0	365
0	146
3	216
2	23
1	1
5	5896
19	804
153	9002
0	405
0	1114
4	1396
0	402
4	3860
3	5491
0	4497
1	6090
55	8093
0	7138
0	814
1	1570
0	7358
0	1049
2	671
92	5858
0	674
9	328
27	1936
8	2168
0	0
0	0
0	0
0	0
0	0
0	0
0	1
0	0
0	0
0	0
0	0
0	0
0	0
0	0
0	0
0	0
0	0
0	0
0	0
0	0
0	0
0	0
0	2
0	0
0	0
40	84
6	9
0	2
3	2
6	122
63	143
0	41
20	45
32	449
430	620
0	249
0	30
9	652
20	56
20	63
0	0
0	0
0	0
1	84
1	3
103	341
1	337
0	253
3	40
55	207
139	175
0	24
2	0
0	1694
0	1747
0	446
0	375
0	197
0	293
0	211
0	88
0	110
0	2
0	0
0	1369
0	1500
16	27
0	0
0	0
9	14938
0	14938
7	12419
8	3470
9	5541
3	12433
27	12409
5	7489
0	9428
707	434
2	431
0	4899
2	2084
0	12
0	12
0	0
0	0
0	0
0	0
15079	27688
0	37
141	698
16	3489
342	24873
544	5301
19	342
33	127
0	531
1	501
3	66
16	566
33	18
0	540
17	266
1	270
20	233
0	243
0	178
0	136
0	94
5	126
748	717
0	692
0	1273
0	2786
0	172
0	596
0	0
11	19
12	376
1861	365
0	0
0	0
1	0
544	175
2	2
3	166
0	1235
0	306
0	508
0	41
5	51
0	34
0	23
5	1822
13	1719
0	442
0	1389
0	971
8	1298
0	1958
33	171
3	157
0	161
23	197
0	160
0	163
0	147
1	145
0	9
0	7
0	35
0	122
1	27
0	44
0	44
1	40
0	44
0	44
0	35
0	35
0	24
0	37
0	8
0	4
0	23
0	35
0	38
0	23
0	11
0	3
0	6
0	15
0	5
1	0
0	1
0	0
0	0
1	0
1	130
0	0
0	35
0	45
0	976
19	956
11	77
27	322
11	891
25	620
18	0
15	68
35	384
334	1038
3	465
0	573
41	937
1	120
54	146
135	101
2	23
0	92
14	22
36	969
61	19
0	0
0	0
0	0
1	4
1	0
0	4
0	0
1	1
0	236
0	228
0	123
0	195
0	182
0	83
0	81
31	238
0	81
0	64
0	231
20	1593
1	999
20	1395
129	4588
0	4400
19	4242
62	4077
2	86
2	174
56	11
0	1184
46	1449
3	14
0	1646
0	27
0	1
0	0
1	27
0	0
0	0
0	0
0	0
0	0
0	3
3	11
5	2
0	0
0	0
0	0
0	0
0	0
0	0
0	0
0	0
0	0
0	0
6	0
1889	688
0	692
40	598
0	34
0	9
3	9
1	10
2	9
0	5
7	0
0	8
0	0
0	0
1	2
0	3
0	9
42	25
0	25
49	169
105	169
7	2
27	2
6	2
0	0
582	2803
1	3967
0	3301
0	696
0	479
0	251
0	251
50	4534
0	3111
0	5
0	5
0	5
0	5
0	0
0	0
0	0
5	149
36	14
24	397
25	320
86	247
0	149
7	134
3	411
46	496
31	3
6	45
7	87
20	28
25	72
0	139
12	169
9	21
4	123
7	305
0	13
0	11
8	30
0	134
4	47
0	133
0	96
1	30
30	90
1	0
0	0
0	0
0	0
0	0
0	0
0	0
233	332
139	66
27	207
27	112
0	0
60	23
10	1529
149	1583
0	1039
16	950
77	1443
0	52
1	229
0	1595
29	28
0	28
9	583
2	377
0	232
31	346
0	209
0	132
11	98
4	136
0	96
0	141
1	83
0	1
3	883
4	3241
19	1907
6	1787
0	380
55	1758
9	1149
0	193
43	147
0	268
0	0
2	12
0	64
0	221
0	228
0	30
4	4
0	0
3	48
8	328
0	173
0	22
0	9
6	196
0	25
0	39
0	350
0	327
6	18
953	534
42	0
1	93
1	517
0	40
2	517
0	49
10	4
0	1
0	1
0	3
4	3
0	0
0	0
0	3
0	1
0	0
0	0
0	0
0	0
0	0
0	0
0	3
0	0
0	0
0	3
0	0
0	0
0	0
0	0
0	0
0	0
0	0
0	0
0	0
0	0
0	0
0	0
0	0
0	0
0	0
0	0
0	0
0	0
0	0
0	0
0	0
0	0
0	0
0	0
0	0
0	0
0	0
0	0
0	0
0	0
0	0
0	0
0	0
0	0
0	0
0	3
0	0
0	0
0	0
1	163
1407	261
3	111
17	32
12	83
92	486
0	676
3	553
12	24
22	292
35	131
0	85
7	89
5	0
12	1065
2111	1068
13	499
21	131
3	178
11	386
787	710
0	290
9	411
0	783
4	71
2	45
0	26
1	55
2	0
0	76
2	15
0	0
2	206
2	70
18	74
0	221
5	221
4	205
4	148
7	124
0	7
1	6
1	9
0	13
0	15
8	1866
1	1170
0	1820
0	180
0	376
0	279
0	249
0	432
0	246
0	246
0	48
29	8930
465	9232
28	4671
26	1121
1	822
29	524
3	1541
11	553
1	221
88	6251
8	2773
119	2865
1	535
15	1538
0	193
479	3229
3	2883
9	3197
0	476
0	6218
4	1563
7	212
29	392
3	2933
60	407
0	2845
21	1488
53	3
0	0
0	1941
0	1754
54	1196
0	1312
19	111
92	573
10	78
7	211
2	11
0	1406
0	1593
0	1308
63	799
245	788
11	39
7	156
6384	0
365	97
4	113
0	34
0	0
12	201
10	201
0	7
0	25
0	0
0	0
5	8
0	16
0	16
0	0
8	5
2	5
0	3
0	0
0	0
0	0
0	0
0	0
0	0
0	0
0	0
15	0
0	0
0	0
257	61
1	39
0	27
0	6
4	6
3	0
0	3257
0	1520
0	539
0	1689
0	1429
0	150
0	26
119	3463
32	2015
41	3623
27	2591
4	1341
0	1458
155	635
0	1122
0	1547
3	1468
26	54
0	25
0	310
10	0
249	729
0	145
10	125
1	255
20	336
0	2307
0	0
0	0
0	0
0	0
0	0
0	0
57	0
1707	372
0	190
6	35
0	4
11	166
8	30
1092	1864
73	10
13	298
4	167
6	127
0	138
15	267
21	1
137	1461
16	311
5	202
0	35
0	90
1	54
2	0
9	17
0	89
5	15
0	103
0	51
14	3
0	0
318	199
2	129
7	37
8	48
6	82
1	50
3	50
0	0
97	286
42	1224
1	1574
4	325
13	192
0	787
2	708
5	77
1	270
53	449
0	456
81	393
36	243
110	256
2	17
4	228
5	161
0	43
15	10
1	53
90	52
0	22
0	14
0	14
0	14
1	0
0	0
0	1
0	0
0	0
5	2338
1	384
1	162
0	625
0	62
4	2054
11	105
30	203
0	10
13	489
0	131
9	182
1396	1208
0	569
5	497
7	24
2	102
14	124
129	3634
22	2329
0	3519
3	11
0	96
10	1
4	787
0	241
21	494
12	183
0	47
0	30
6	458
4	89
0	16
0	29
2	184
1	184
0	7
0	31
0	10
4	21
0	35
0	34
1	18
166	6922
0	1098
1	4132
0	3695
1	6918
0	76
0	19
0	191
0	241
11	434
10	12
0	165
16	444
0	77
3	214
5	122
1	75
6	0
2580	0
0	0
215	800
11	138
6	324
13	190
4	11
0	7
4	44
1	34
5	6
0	23
3	2
459	1600
7	1359
27	1573
17	1515
8	788
1	167
5	66
4	29
15	97
0	72
6	181
24	4
8	106
14	99
13	133
0	0
0	0
351	2104
1	42
7	41
3	107
16	750
0	293
34	2010
0	11
0	6
6	12
0	6
0	1
0	1
1	0
0	0
0	57310
0	42906
0	62263
6	39295
227	34639
0	57372
0	46800
14	40829
94	17271
14	7201
1	5430
0	2995
100	28190
2	21987
77	8511
4	5167
3	3467
88	7742
14	7497
0	6665
5	6005
1	3742
68	3240
109	3420
0	0
0	0
0	0
0	0
0	0
0	0
0	0
0	0
0	0
0	0
0	0
4036	5788
14	5669
74	5788
24	5612
0	1755
2	22
53	696
5	706
1	3
39	2
33	621
14	9
11	20
970	369
2	691
129	2304
0	1
0	49
0	4
0	0
0	0
0	1
0	49
0	0
0	0
0	0
0	4
0	0
0	0
0	0
0	0
0	0
2	0
0	0
0	0
164	673
2	670
14	581
6	150
22	539
105	269
45	270
2	1
0	0
0	0
0	0
0	0
95	1127
38	1127
0	48
4	48
0	52
1	22
0	0
0	0
214	1026
56	795
326	170
0	4566
0	4163
0	4258
4	3025
11	4233
0	23
0	3
0	4161
4	315
177	3682
2	3001
1	49
0	475
1	272
0	1
32	21
0	1
3	1
18	666
10	156
3	485
19	539
0	507
1	540
216	104
0	70
2	106
18	28
0	538
0	615
0	966
2	1644
0	1928
48	2244
79	677
0	1994
0	913
3	1093
0	338
7	24
3	544
13	1
111	1524
7	0
3	195
4	40
39	1427
3	7
30	128
2	248
4	643
104	607
6	19
4	34
3	592
0	689
35	1699
72	848
0	829
0	504
0	166
30	130
0	150
0	98
0	60
84	52
1	71
0	12
0	12
0	45
14	3
0	1664
0	1676
0	1674
6	1664
0	1671
0	0
0	0
2	53
1	13
7	10
1	16
0	57
0	67
9	39
0	23
2	17
0	3
3	27
0	0
0	3
0	0
1	0
0	1
0	0
0	0
0	24
0	0
804	106
1	2
0	7
28	53
0	28
14	21
0	3
0	16
5	885
5	661
22	531
5	114
0	5
2	258
3	299
6	169
1	150
3	211
3	16
0	8
2	1
7	3
0	21
0	18
0	0
0	0
0	0
0	0
3	6
0	21
0	0
0	37
0	0
0	37
0	0
0	0
0	0
0	0
11	8
0	37
3	0
9	31
3	7
9	26
2	18
0	8
0	23
0	1
0	1
0	1
3	4
2	3
0	0
0	0
0	0
0	0
0	0
0	5
0	4
0	2
0	8
0	0
0	0
0	2
0	2
0	0
0	0
0	0
0	11
0	3
0	4
0	4
0	146
0	35
2	32
1	32
3	949
1	1034
0	95
816	935
0	24
0	26
4	457
14	48
46	243
0	432
75	1281
0	193
0	900
8	7
2	28
0	21
0	1275
0	0
56	13
69	2938
142	13
0	0
65	2938
28	5
0	14
50	1045
3	16
0	0
0	0
0	6
0	8
0	9
0	8
0	8
0	8
0	21
0	18
0	7
0	12
91	188
3	7
3	15
0	15
0	16
1	12
0	1
1	181
47	2
0	13
11	4
0	4
1	7
0	12
0	4
0	14
0	5
0	10
0	7
8	42
1	2
2	5
0	7
12	8
1	14
0	113
0	438
0	0
1	0
17	416
0	368
0	21
0	1
1	241
9	9
12	1785
0	5
3	41
9	103
0	1790
33	1785
0	0
24	0
1	736
674	801
0	569
12	5
22	519
0	64
15	3
0	64
30	689
88	720
0	3
0	64
0	0
0	0
0	0
374	5356
1	5024
17	5047
8	1047
1	333
1	352
20	129
0	77
0	18
1	8
0	8
11	89
1	10
3	1
1	17
0	0
0	0
0	0
6	23
0	0
0	0
0	0
0	0
0	0
0	0
0	0
0	0
0	0
0	0
0	0
0	0
0	0
0	0
0	0
0	0
0	0
0	0
0	0
0	0
0	0
80	189
0	184
0	183
0	186
24	17
0	0
0	0
0	0
0	0
0	0
0	0
0	0
2	561
1921	1866
49	1369
9	443
1	548
0	0
1	350
0	16
28	1282
52	214
7	382
2	50
7	36
1	54
1	55
4	35
1	283
0	546
2	264
13	215
1	131
0	116
243	1043
25	54
411	2087
2	766
18	1772
3	554
0	852
1	471
47	447
0	670
100	34
0	73
0	60
0	306
0	0
1	177
47	167
0	104
1	95
0	6
6	4
0	4
0	149
0	0
9	2145
6	1885
0	790
64	1079
0	1760
0	1411
5	1003
7	6
0	153
0	100
0	343
0	149
5	330
8	176
4	0
72	4002
100	4012
2	3834
19	3689
19	80
118	3621
13	74
16	3873
97	37
1	362
0	86
4	227
0	10
11	552
2	504
32	308
0	174
10	507
26	1310
0	369
0	397
59	1125
2	1255
0	1238
0	260
0	653
2	600
8	4
71	799
15	727
1	1284
1	1292
0	179
0	81
0	81
0	417
0	9
0	9
0	0
0	0
0	0
0	0
0	0
0	0
0	0
0	0
0	0
0	0
0	0
0	0
0	0
0	0
0	0
10	57
4	22
0	46
0	8
2	35
0	0
0	16
0	287
0	392
2	387
0	317
0	26
0	70
8	12
3	5
0	36
6	76
0	21
2	5
0	1
0	0
0	0
0	2
0	5
1720	5159
4	1054
27	1369
41	2563
1	31
1	428
31	17
9	685
2	179
8	1444
0	777
4	1234
0	1
0	2
0	2
0	0
0	0
0	0
0	1
0	1
2	1181
0	1181
0	2
0	919
35	742
0	1032
0	742
2	300
11	285
41	307
25	13
0	366
17	3
0	3
0	0
0	0
0	0
0	20056
0	14644
0	0
295	993
0	659
8	964
1	231
0	214
9	261
1	181
17	339
0	39
74	1
56	231
11	195
33	69
28	3
3	60
11	60
1	147
0	0
0	0
10	18333
0	15285
2	809
0	1010
3	1040
0	183
0	207
1	76
68	1
1	1
3	120
3	239
1208	369
0	156
0	17
0	15
0	0
0	0
0	0
0	17
0	0
11	2424
3439	2661
10	405
10	293
5	209
52	237
4	25
0	0
0	61
0	0
0	61
47	166
0	17
0	0
0	0
1	2
0	57
0	0
9	56
406	2954
8	2954
12	12
11	27
3	5
8	3
6	136
14	14
92	172
8	5
10	153
4	3
249	4238
141	4215
4	1392
1	479
0	19
0	461
0	31
4	233
28	321
0	1349
3	34
0	34
0	8
1	2
10	7
0	3
0	0
0	1
0	2
0	0
0	0
0	0
0	0
0	0
0	34
677	1243
0	281
4	139
0	1108
0	24
3	0
15	92
17	99
133	74
4	484
32	717
4	109
3	19
24	47
8	31
21	22
38	383
0	98
53	338
4	315
0	84
80	17
0	26733
0	22600
0	22641
0	22712
0	158
0	122
0	101
0	102
1	0
0	156
0	0
49	10549
1	112
2	2961
22	10964
31	3911
6	109
13	5
1	317
4	581
0	335
4	954
21	486
0	1301
16	102
0	1227
0	0
0	0
0	0
0	0
0	0
1	7
0	0
37	10
0	0
0	0
0	0
0	1
10	36
0	0
0	1
0	1
0	1
0	0
0	0
0	0
0	7
0	29
0	19
0	0
0	0
0	0
0	0
0	0
0	19
0	0
0	19
0	0
52	343
7	615
239	631
2	117
12	96
33	0
0	0
0	0
0	0
14	577
0	365
16	4
1	13
39	434
4	1
0	448
2	21
3	255
3	851
59	43
144	1108
14	183
39	1068
20	20
5	476
3	134
204	420
0	177
53	58
3	675
3	456
7	432
15	437
1	309
21	115
0	207
0	51
15	0
4	623
1	180
17	3243
3	1340
0	1488
0	1383
15	197
7	0
7	331
3	153
4	221
11	0
0	203
1	80
28	70
0	2752
9	302
5	300
6	302
0	198
5	267
44	124
2	41
0	20
20	35
13	38
25	47
8	19
0	0
123	19
41	57
1	49
9	33
14	855
6	941
0	929
0	961
0	933
1	937
0	638
70	58
17	937
5	940
0	839
1	27
0	32
0	25
0	27
5	15
1	9
0	9
0	0
2	0
0	4
0	0
0	0
3	32
0	4
52	5168
15	7631
301	7631
9	0
7	207
2	0
221	1199
7	198
12	112
40	127
0	367
5	56
1	5
1	22
43	41
0	0
0	40
3	16
1	11
0	10
0	351
0	361
0	0
0	0
0	63
0	270
46	68
0	249
0	0
0	0
0	6
0	0
0	0
0	0
0	0
0	0
0	0
0	5
0	0
0	0
0	6
0	6
0	6
0	2
1	1
0	1
438	761
72	999
52	611
2	247
40	10
85	869
6	869
13	23
2	162
13	130
4	20
0	28
6	11
0	22
35	30
0	1
0	0
0	0
6868	14
176	279
11	22
0	2733
0	205
0	229
0	0
0	0
0	0
0	0
98	42
0	30
1	19
1	11
3895	6375
2	5440
1	1386
26	1282
0	561
8	45
0	888
1	1094
0	0
1	4
0	4
5	4
0	2
0	17
0	0
0	0
0	0
0	0
0	0
0	0
0	0
0	0
0	0
0	0
0	0
0	0
0	0
0	11
0	0
6	6
0	58
0	3
0	2
0	2
0	0
0	20
2	96
0	0
0	0
0	0
0	0
0	0
0	0
0	0
153	2097
12	625
3	2039
7	18
29	418
1	180
5	290
1	90
10	277
0	5124
52	5534
0	6623
0	6713
6	7053
509	6577
2	3862
5	3890
8	471
6	274
11	116
10	4
27	280
4	165
0	87
0	45
3	0
50	5
12	392
0	52
6	399
0	381
22	1
0	349
19	5
13	27
13	390
0	151
16	180
2	50
5	40
0	50
3	18
0	24
13	246
11	7
0	10
3	27
1	4
0	0
24	24
0	0
0	38
0	38
0	0
779	149
11	129
13	116
0	116
2	109
0	116
0	5
0	12
4	1
6	6
3	0
0	0
0	1
1	4
2	0
3	1
44	20
2	0
14	0
12	127
0	0
291	2189
5	453
2	38
13	194
14	67
74	1717
269	594
19	120
14	132
14	105
8	34
10	8
0	405
0	485
0	0
0	0
0	0
105	1487
105	377
0	1510
69	703
7	111
69	28
66	32
0	336
18	350
2	267
6	118
0	45
3	85
0	31
1	76
3	4
21	599
0	132
0	87
0	132
2	1
0	101
1	0
791	779
287	757
49	96
17	23
31	5
414	14933
2	15050
0	11611
841	13797
0	218
80	16989
1	111
3	199
0	4356
1	12942
15	11587
13	7798
60	468
37	136
43	6570
31	4156
12	11879
0	1
0	2
0	0
0	649
920	3596
31	447
8	1589
52	446
6	174
25	457
2	108
2	718
4	3
0	0
0	0
0	0
0	0
0	0
0	0
0	0
10	5
0	0
0	2
0	5
0	5
0	0
1	5
0	1
3	0
0	0
5	2232
1	1
75	241
0	2012
6	2292
0	2275
31	2752
0	2612
5	2198
9	74
11	73
3	147
13	831
0	204
49	159
56	222
2	129
135	77
1	370
9	278
0	477
0	122
16	376
6	11
12	16
0	2457
0	0
288	993
0	877
3	714
35	622
0	0
27	614
0	7
9	27
2	2
95	130
19	312
11	93
6	38
0	578
0	0
2	8
0	0
0	0
0	0
0	0
0	9
0	9
0	0
0	0
3	73
19	33
0	39
0	15
0	36
0	45
0	6
0	0
0	34
3	28
0	6
2	5
25	562
18	1541
1	1663
126	1635
16	717
33	401
13	97
32	17
16	117
6	240
888	1281
21	196
21	110
39	746
9	119
0	561
1597	828
4	5
23	56
0	60
9	18
3	131
0	4
0	582
0	144
0	17
0	2
0	2
0	10
0	0
40	104
0	19
0	0
0	3
16	29
1	0
0	0
0	0
0	30
0	290
2	308
0	164
34	725
11	140
3	31
1	182
0	448
19	383
39	896
0	177
81	4
0	55
45	120
82	652
365	106
22	172
0	201
0	0
0	0
0	0
268	1645
0	406
3	59
0	0
14	68
0	0
0	1595
16	1
1	0
0	0
0	0
0	0
1	0
1	0
0	1
0	0
0	0
11	83
3	81
12	13
0	7
0	4
2184	2747
10	2215
3	623
0	434
125	42
2	12
3	0
1	1
0	1
0	42
1	0
0	25
2	3
1	24
1	0
9	31
5	51
1	51
3	52
27	50
2	1
0	1
0	45
8	5
0	0
0	0
20	4
0	0
0	0
0	3
1	3
0	0
3	319
57	318
1	314
17	25
30	1
0	0
0	10
0	15
1	20
0	7
0	221
3	215
1	14
0	32
0	20
0	222
1	211
0	9
0	5
5	3
2	190
3	27
0	9
0	27
0	82
35	77
310	2330
0	2293
153	1203
1	664
1	458
0	170
4	152
5	0
0	0
11	3
25	815
3	645
1	609
0	514
0	323
0	405
14	102
8	81
0	718
1	563
1	0
2	0
0	0
0	0
0	5
0	2
0	0
0	0
0	0
0	0
0	0
0	0
0	0
0	5
1005	1336
10	1005
16	850
2	36
0	167
8	821
13	41
19	955
57	8271
6	8257
66	5860
430	114
1	5498
311	5858
9	56
286	872
0	132
0	837
7	148
12	70
9	161
8	62
1	109
0	939
0	941
0	953
14	652
0	710
0	690
0	895
0	821
14	764
0	763
0	691
0	64
0	29
0	84
0	82
0	78
0	68
0	24
0	9
0	8
0	24
0	37
3	3475
20	1788
0	3674
0	2183
3	3729
2	2124
0	2012
0	2110
170	1681
3	1026
0	18
0	3468
14	72
111	545
353	592
24	176
6	248
26	98
11	117
55	104
1	93
77	4
36	216
0	1
0	0
16	27
0	0
0	22
0	227
3	2
0	5
0	134
2	8
10	1
1	176
14	229
3	6
4	28
0	3
1	4
1	240
4	223
13	6
1	108
3927	1771
0	72
1	213
0	139
0	187
6	234
0	107
0	336
0	255
5	2
814	6257
33	4935
41	3817
84	3927
2	1135
0	1957
1	1297
10	2389
8	973
184	348
3	298
0	0
1	43
2	0
7	0
3	42
162	102
1	13
192	150
1	61
25	1
6	14
46	244
3	5
8	8
0	26733
0	22600
0	22641
0	22712
18	0
0	2
0	1
0	0
0	2
0	0
0	0
0	0
0	2
0	2
0	0
0	1
0	25
0	0
0	1
4	2
0	0
0	0
0	24
1436	667
8	67
1	264
0	42
189	3188
0	1713
0	1914
0	2093
0	1622
15	286
8	6
33	397
0	588
3	118
21	72
1146	924
0	0
0	21
0	9
0	0
0	21
23	124
9	8
0	2390
505	397
17	228
1	220
2	8
17	3
23	212
34	10
3	0
5	8
0	2
28	199
14	133
1	230
0	170
0	133
9	228
0	143
2	67
4	41
1	80
0	94
0	90
0	0
8	3
1	11
0	3
0	0
0	0
0	116
0	120
89	318
41	63
22	201
170	293
54	185
112	5001
3	4596
1	3233
0	972
1	1090
20	3232
119	990
2	3164
55	4497
0	261
79	713
6	3914
0	240
0	264
0	375
0	242
0	233
0	285
2	150
15	171
8	24
0	23
0	29
1	2
0	28
0	20
0	5
2	1
2	0
0	487
0	3
0	3
701	795
2	33
4	16
0	104
6	75
0	92
14	102
44	611
3	16
5	80
1	68
3	95
0	0
0	0
45	840
10	379
2	234
1	10
4	447
1	19
0	794
2	2
0	2
4	7
0	7
0	0
0	1
0	0
0	0
0	3
0	1
0	0
0	0
0	2
0	1
0	0
0	7
0	7
0	0
0	0
0	0
0	5
0	5
0	0
0	0
0	0
0	0
0	0
0	0
0	0
0	0
1	1
0	0
0	0
0	0
0	0
0	0
0	0
0	0
0	0
0	0
0	0
0	0
0	0
0	0
0	0
0	0
0	0
0	0
0	0
0	0
0	0
0	0
0	0
0	0
0	0
0	0
0	0
0	0
0	0
0	0
0	0
0	0
0	0
0	0
0	0
0	5
0	5
0	5
0	5
0	5
0	5
0	5
0	1
0	0
0	0
0	1
0	1
2	0
0	1
0	0
0	0
8	26
0	1
0	1
1	1
18	1035
9	64
0	127
9	824
0	788
1	745
1	774
0	717
10	295
1	894
0	132
0	222
0	599
1	604
0	217
0	198
0	450
6	45
2	109
0	573
0	108
0	98
0	393
0	317
0	127
0	184
0	58
10	225
0	171
4847	6
0	5
3	11
1	7
0	3
1	2
0	1
31	279
0	303
11	384
6	131
2	133
11	66
0	79
28	45
1	213
3237	193
31	943
1	163
2	902
2	48
2	118
0	62
0	216
0	96
1	80
1	125
0	91
0	88
0	832
3	0
0	900
0	901
1	889
0	901
0	901
654	970
6	970
1	6
0	92
0	4
0	4
5	4
0	6
0	6
0	8
0	6
0	9
0	93
18	0
0	0
1	0
0	0
0	0
0	0
0	0
1	0
0	0
106	49
20	16
34	3599
72	3311
130	3598
2	230
10	137
17	103
0	0
0	0
12	1271
2	601
58	2865
0	511
0	209
6	1918
165	1713
0	1423
10	64
0	64
18	233
0	195
7	173
0	129
0	107
25	24
67	9
22	25
3	20
95	51
99	17
0	1707
0	0
0	0
1	11
0	225
4	164
0	190
0	213
0	161
4	111
13	188
4	153
3	41
14	27
0	38
0	14
1	26
0	9
0	14
0	5
0	160
0	210
0	869
0	175
0	9
0	13
0	165
0	4
0	415
0	191
0	462
0	18
1	145
17	141
347	150
32	18
2	50
0	26
5	35
3	71
6	32
0	150
0	145
0	0
0	0
1768	111
3747	3138
41	2737
66	2
0	1309
0	1821
6	978
43	1137
79	304
0	311
0	26
0	1
0	8
0	18
0	0
0	0
8	952
2	976
7	33
0	986
0	40
1	29
9	231
0	254
0	51
3	107
0	20
3	12
0	19
0	215
0	213
230	499
53	637
59	469
2	137
3	217
17	153
35	230
0	3
1506	353
0	268
26	85
2	963
2	516
0	397
4	38
0	963
0	444
0	31
3	32
0	0
0	0
0	0
1	0
0	14
5	608
0	228
67	166
1828	1358
8	68
0	7
1	191
1	411
21	186
4	18
1	18
0	95
3	0
9	102
0	6
4	3
20	218
387	285
3	19
5	60
16	29
14	54
272	1718
79	1358
0	636
0	925
11	1
12	119
1	77
3	118
0	65
0	60
0	0
0	0
0	0
14	78
0	60
0	0
0	0
0	5
0	5
0	30
0	30
1	1
1	3
1	3
0	0
0	0
0	3
2226	2124
29	1401
88	1218
12	596
0	0
1	16
6	2
305	44
68	45
6	12
0	12
0	12
0	12
0	12
1	32
0	12
0	0
27	28
0	0
0	0
99	325
0	85
36	41
2	10
6	59
9	939
0	2302
30	14
3	2297
2	204
23	1399
38	1
44	52
29	1499
6	807
0	48
1	959
30	1143
14	81
22	162
8	232
0	92
5	38
0	176
26	101
60	60
2	4
0	22
0	2348
0	1
0	1
0	1
0	1
0	0
0	0
0	1
0	1716
0	1508
0	56
0	81
0	135
0	649
0	397
0	339
4	0
3022	682
7	32
8	1
1	218
6	566
2	239
12	7
109	3450
87	1850
4	4
19	3431
17	5172
1057	3168
5	5248
2	7303
2	5689
8	2933
62	1181
163	1933
0	218
22	5865
15	2225
0	0
0	0
5	8
1	8
1	8
1	6
9	1749
12	620
6	1427
14	1634
1	1278
4	1501
2	44
0	1387
1	327
1	179
5	1541
1	1
0	134
8	212
27	176
1	294
8	60
7	6
11	46
15	349
19	78
3	8
3	1
1	58
0	45
56	77
99	32
2	0
13	95
14	17
655	965
29	510
24	919
7	126
0	179
5	95
5	109
0	1
0	0
0	31
0	0
0	0
0	0
0	31
0	0
0	0
0	0
0	0
0	0
0	0
0	0
0	0
0	0
0	0
0	0
0	0
0	0
0	0
0	0
0	0
805	0
1	10
0	10
20	0
1	0
1	0
0	768
0	0
0	0
0	0
0	0
0	754
0	768
0	349
26	29
0	0
0	0
0	0
0	0
0	0
0	0
0	0
0	0
0	0
0	0
0	0
0	0
0	0
0	0
0	0
0	402
1	31
1	360
6	33
8	369
1	348
0	389
0	34
0	24
0	402
0	1
11	61
0	1
0	0
0	0
0	0
0	0
4	25
0	0
0	0
0	0
0	0
30	236
14	1
29	0
86	237
20	21
3	35
0	0
0	0
0	0
0	59
0	0
3	0
0	0
0	0
0	0
0	0
5	0
0	0
0	0
0	0
0	59
1226	0
2014	1363
0	41
46	69
9	1249
13	18
43	3
0	2
343	2527
3	2441
2	2414
11	2418
8	2566
122	1917
0	2286
31	2521
16	2545
2	1834
15	12
7	433
3	470
23	38
0	133
1	109
0	115
0	223
2	212
4	65
6	27
0	16
0	13
2	39
0	8
8	4
1	64
1	8
0	94
0	318
500	1316
3	615
1	146
8	303
0	245
8	0
0	155
14	147
8	0
9	49
9	148
8	0
4	119
1	86
29	14
103	2
0	1442
0	1441
0	703
0	1181
0	307
0	451
0	1426
0	4
0	4
4	465
0	613
508	548
3	21
13	288
3	362
0	605
0	2
0	1
0	4
0	7
0	1
0	0
0	7
0	0
0	8
0	9
26	2281
37	1025
8	672
13	33
3	420
8	621
81	1520
18	3
14	1
0	499
3	392
1	231
18	35
9	301
0	1749
19	714
39	674
0	828
0	5
0	0
0	0
0	6
0	0
0	0
0	0
0	0
0	0
112	698
23	633
5	50
0	87
3	91
7	74
6	26
13	50
28	51
4	69
5	2
55	2285
192	1859
0	1413
17	1487
25	526
0	656
0	259
0	294
0	2122
0	23
0	136
0	167
0	213
0	0
0	19
0	27
0	143
0	148
0	23
0	0
20	22
0	0
0	0
0	0
0	0
0	0
4	1606
45	2140
1	1900
0	885
5	972
19	290
9	334
5	37
0	176
13	23
47	0
0	97
1	0
1	75
0	75
0	75
2	10
0	2
0	35
0	39
0	6
7	0
0	1
0	1
0	2
1	2
0	2
0	0
0	0
0	0
0	0
0	0
41	12
0	10
1	10
0	10
1	14
0	3
0	0
0	3
0	0
0	3
0	2558
0	763
0	33
0	44
0	417
72	256
0	292
0	278
4	283
1	227
4	235
0	260
17	144
3	4
1	15
0	254
0	0
0	3
0	1
0	0
0	0
0	3
0	37
0	2
0	2
0	0
0	0
0	0
0	0
0	37
0	2
10	1811
5	1822
55	2036
30	1856
6	376
3	29
0	35
0	1404
0	2
22	9
27	985
35	1714
0	30
46	393
38	425
11	5
49	153
0	30
20	12
54	1989
3008	1989
1	124
2	80
2336	254753
5	34644
143	276615
231	204153
42	242186
222	49262
80	74168
13	46204
22	22530
122	196496
6	241846
0	10
0	0
0	0
0	0
0	0
1	0
3	0
0	0
0	0
0	42
0	42
0	0
0	0
4	2
0	33
0	2
0	0
0	31
0	1
0	0
0	33
1	0
0	1
2	42
0	5
0	0
0	1
1	8
0	37
0	10
0	4
0	7
0	6
0	27
0	0
0	1
0	30
0	0
0	1
0	16
2	1
0	1
0	0
0	2
0	1
0	1
1	9
0	1
0	1
15	1445
92	549
3	686
0	730
0	454
18	766
0	328
0	45
18	198
154	867
0	525
4	402
1	656
0	80
0	749
169	917
15	807
3	145
5	175
3	91
1	1
0	0
0	0
2	749
87	2472
0	283
0	537
0	403
10	1
0	390
0	419
9	1378
7	1220
3	532
6	1752
0	487
6	56
0	0
0	0
0	0
0	0
0	436
53	10773
451	11059
5	4389
4	3982
2	3010
0	485
9	1059
4	9
1	1705
21	33
2541	247
3	247
28	251
14	453
1	343
6	377
2	235
0	104
35	47
17	6274
92	6239
2	6001
0	461
10	149
5	116
8	36
5	295
1	203
4	4307
16	247
4	2454
6	41
2	355
54	51
27	6119
598	0
50	2807
68	1426
0	421
39	198
57	30
19	276
0	120
18	2807
2	70
1	0
87	484
7	99
2	95
0	17
26	288
0	1235
0	23
0	34
0	41
0	54
0	508
0	306
2474	1014
2	25
2	68
0	68
0	57
3	0
2	25
34	23
12	452
1	8
1	73
14	492
9	71
1	73
13	12
479	185
27	183
35	930
6	384
39	49
0	340
1	319
0	323
0	318
0	325
0	349
1	913
0	953
15	338
1	13
6	38
13	31
10	10
0	3
0	341
0	306
0	0
0	0
0	0
7515	3086
7	129
7	74
13	2744
0	1732
34	918
1	105
0	2847
0	2
0	2
0	2
0	2
0	1
0	1
0	0
0	0
4	3
0	0
6	31
28	5788
0	5763
166	809
3	1994
0	15
90	4128
32	1655
0	11
4	457
3	483
2	83
2	2075
7	3349
0	21
29	3329
0	33
0	1
0	0
0	0
0	0
0	0
0	0
0	1
0	0
3	8
3	16
1	2
0	0
0	0
0	0
0	0
0	0
0	0
0	0
0	0
0	0
0	365
0	24
0	182
0	81
0	75
38	677
3	627
2	603
33	774
5	890
48	447
0	335
17	207
0	3
2	96
10	2
4	71
10	6
3	149
1	54
8	232
196	399
2	137
0	20
61	102
10	0
2	6
5	42
0	44
9	3
0	0
0	0
0	0
428	4269
0	2249
0	4765
0	4502
2	2033
15	1619
0	591
4	82
0	287
68	476
1	395
94	236
12	40
7	36
2	18
4	0
0	0
11	600
0	1845
20	1698
44	6
0	1261
2	753
3	88
0	58
0	5
9	49
0	398
179	5523
0	4911
30	212
48	475
0	827
25	215
0	530
0	21
0	20
4	21
0	17
0	4
0	0
0	2
0	5
0	3
0	3
0	2
1	21
1	21
1	42
0	42
2	860
168	42
198	855
2	419
0	61
0	0
0	5
0	4
0	1
1	0
0	0
0	0
0	2
0	2
0	0
0	0
0	5
4	217
17	1676
7	213
0	1581
3	1459
1365	1875
9	1205
18	445
0	1
13	33
6	3
0	1
5	11
5	1
0	0
1	1
0	0
0	0
311	31
4	1
3	29
0	1
9	7
5	27
0	13
22	4
73	1836
81	1943
3	324
0	202
0	485
3	317
19	76
16	15
6	187
0	1167
0	871
0	0
0	0
0	0
0	0
0	0
0	0
0	0
0	0
0	0
0	0
0	0
0	0
0	0
0	0
0	0
0	0
1631	244
875	0
9	113
4	4
0	9
0	42
4	34
0	30
16	3
9	1
0	8
7	106
0	62
0	120
0	83
0	103
68	120
0	129
1	73
9	44
0	4
0	70
0	5
0	5
0	4
0	4
0	5
0	4
0	5
0	4
96	1205
0	562
0	266
0	0
0	1
0	493
0	562
2	146
0	948
0	1195
0	524
0	1115
12	26
6	770
9	309
0	242
0	604
0	874
0	104
0	1167
13	1133
431	1626
0	860
49	141
0	1663
2	133
5	175
3	504
13	544
3	19
10	574
14	195
0	1231
68	1816
0	289
4	605
23	1173
7	84
3	459
6	6437
0	5725
22	268
46	83
0	60
5	10
30	796
43	159
58	207
0	666
2	1
0	7159
0	1800
39	77
0	75
0	64
16	46
33	43
2	18
1	24
2	29
0	28
0	15
1	6
0	0
1	0
0	1
0	6
0	0
0	0
0	0
0	1
0	3
0	1
0	1
0	2
4	0
3	0
0	1
2	0
0	15
0	15
3	234
26	236
29	238
6	19
0	43
0	39
5	20
2	15
10	1
1	6
0	204
1	3659
156	4858
0	1685
1	1309
0	4793
6	3914
2	3141
8	3658
0	3091
0	887
0	576
0	6
0	234
0	40
0	124
0	5
0	36
0	36
11	234
0	219
0	515
0	402
0	6
0	33
0	46
0	19
0	20
0	13
0	210
0	45
0	12
0	2
0	1
0	0
0	0
0	1
1	0
0	0
0	0
4	2
0	38
2	37
1	0
239	4742
16	4594
2	1488
42	157
2	296
0	160
10	2
7	20
2	54
229	1578
9	79
7	151
0	295
5	147
0	157
0	16
0	18
0	21
1	159
7	115
0	16
0	1265
4	8
1	183
0	215
0	35
8	147
0	6
2	714
12	480
83	848
59	34
0	17
5	1
0	1
4	3
231	151
5	0
0	101
5	278
21	12
4	4
26	1
52	292
201	292
185	273
14	3
36	13
0	190
0	46
0	2024
2	0
3	1
0	1
2	860
0	1775
107	4192
21	57
10	16
17	2779
100	54
27	0
6	15
3	150
5	13
73	1545
2	127
0	4196
0	4029
1	145
151	1189
111	216
54	833
0	288
0	415
0	725
11	52
71	144
10	423
0	33
0	311
0	1
0	1
0	3
0	1
0	2
0	35
0	31
8	417
0	195
7	363
18	346
0	89
0	0
0	0
1162	8
3	2281
50	1793
1	1376
0	1607
0	951
6	552
0	695
12	2
2	37
2	373
9	513
1	545
41	3
57	472
1	239
0	978
243	938
6	227
7	896
1	719
1	565
6	212
22	365
9	376
55	143
23	16
5	699
18	28
0	1071
12	20
0	976
26	931
4	1003
6	1662
11	89
69	154
1	1204
0	1662
8	6186
0	329
0	718
1	5542
8	4886
0	6185
0	5779
0	5557
3	5046
15	4487
0	5556
0	4691
0	7
1	5685
2	670
0	5635
0	5261
1	5207
1	5227
33	2
0	852
3	21
0	267
3	4025
0	4562
0	19
2	4235
0	4090
0	160
0	587
0	1487
4	132
0	506
0	1625
0	578
8	71
0	1528
23	496
0	2
0	3949
0	4891
0	1475
1	2179
3	1049
0	619
1	1924
11	472
0	1942
39	507
25	419
0	9
4	104
19	1964
0	149
0	149
0	149
0	34
0	0
6	0
0	0
0	0
0	2
0	0
0	0
0	2
0	260
0	259
0	261
0	174
0	259
0	10
0	10
0	267
0	259
0	9
0	10
1	0
0	0
0	0
0	0
0	0
0	0
0	0
0	3598
3	1222
2	1007
0	58
2	163
1	22
1	7
0	15
17	20
15	12
0	3772
5	0
0	240
0	168
0	149
251	2549
1	2256
3	483
107	239
32	35
57	115
1	44
1	763
16	451
36	59
11	36
2	112
67	303
2	185
41	242
139	2356
1	2356
1049	1196
12	1170
3	257
4	119
8	41
14	132
37	0
148	1298
199	637
3	1062
8	1025
0	982
6	50
3	131
42	95
0	24
1	35
4	35
12	73
19	253
55	136
0	155
15	55
25	74
0	54
0	54
0	52
1	32
0	43
0	8
0	9
0	10
3	3
0	0
0	48
12	74
2	61
0	100
0	83
1	21
5	31
1	1
0	4
260	2606
5	1514
21	51
0	459
1	26
0	50
0	0
0	0
0	0
0	0
0	0
0	0
0	0
0	0
0	0
0	0
0	0
0	0
0	0
0	0
0	0
0	0
0	0
17	20
0	0
347	0
171	62
12	6327
12	6789
10	6789
10	8532
0	8552
28	8115
1	6789
1	6789
18	1900
14	965
32	1051
12	1203
3	6
1	3
0	4200
4	11
0	0
262	0
1274	205
669	500
0	1110
0	534
18	556
10	64
0	963
12	1013
0	1054
0	54
1	81
3	325
10	101
6	88
39	155
4	133
1	9
0	0
0	0
0	0
64	0
0	0
1	2
1	2
0	2
0	2
6	2
0	0
1	60
0	58
0	17
0	778
0	769
0	766
34	57
0	16
16	19
0	1
0	1
0	0
0	0
0	0
0	0
0	0
1	0
45	303
0	17
1	58
2	144
0	215
0	70
0	16
0	16
0	3
0	4
0	1
2	7
180	1240
0	143
4	133
3	1219
21	390
1	1002
0	0
0	2031
9	1418
0	0
0	227
2	782
4	771
11	129
0	167
0	50
3	90
21	53
0	53
6	79
6	29
0	4
15	3
67	2129
0	0
0	23
0	5
0	0
0	23
0	23
3	0
0	0
0	34
0	92
0	189
0	272
0	282
0	25
0	62
0	128
0	76
0	23
0	0
0	0
0	0
0	41
0	64
0	62
0	62
0	62
0	0
0	498
0	2
0	36
0	405
0	405
0	355
0	308
0	81
0	119
0	102
0	86
0	299
32	2535
7	2478
0	493
0	2176
9	2302
0	63
4	0
13	95
2	741
14	754
2	414
7	165
0	76
0	609
24	302
0	725
0	763
0	633
6	673
9	490
0	360
6	240
0	38
2	24
0	82
0	10
9	72
88	92
0	39
0	123
0	18
1	60
0	58
33	113
18	94
0	0
18	8
0	10
15	9
7	0
1	13
0	460
0	0
0	0
0	1
0	0
0	1
0	2
0	0
0	85
58	85
4	0
0	0
0	0
0	0
0	0
0	0
1	0
0	0
208	111
5	111
0	0
4	6
6	38
0	11
0	11
0	9
0	56
0	56
0	10
2	122
3	37
11	143
4	3
0	4
4	23
2	6
0	13
1	33
4	1
1	80
0	82
0	92
5	4
1	3
36	72
0	32
8	0
2	2
37	2224
0	2180
0	2093
0	2161
0	1956
0	1851
0	201
3	40
0	2153
0	1904
5	1825
13	1649
0	1537
0	1827
0	1628
3	90
6	21
0	625
0	686
75	35
8	63
11	266
1	313
3	122
0	64
0	34
0	45
0	10
9	46
21	38
38	296
1	487
2	355
92	528
0	367
3	327
0	0
0	0
0	0
0	0
0	605
0	87
0	101
1	96
0	58
0	96
0	90
0	592
0	569
1	3
0	652
13	641
1	451
187	474
3	577
0	3
0	73
0	148
0	54
18	35
0	101
5	124
6	28
17	11
3	0
0	0
0	49
0	327
0	46
0	664
0	4711
0	4950
0	86
0	654
0	2429
0	208
0	276
0	307
0	198
0	1928
0	150
0	129
0	608
0	212
0	610
0	417
0	586
0	874
0	26
0	33
0	267
0	29
0	4556
0	4736
0	3571
0	0
0	1
0	0
0	4
0	4
0	4
0	4
0	4
0	4
0	0
25	585
7	442
85	191
10	521
2	61
2	191
7	323
146	29
2	356
1013	672
23	1094
30	1106
30	150
1	723
14	117
28	44
0	40
90	318
9	503
0	723
12	1143
2	444
16	1104
8	1142
7	977
0	1025
1	832
8	86
33	286
0	1
0	75
10	901
3	435
7	245
21	284
0	282
9	99
0	55
0	159
6	52
629	1919
6	1607
11	27
11	117
33	194
3	30
1	9
0	168
3	0
1	115
8	310
5	204
3	140
0	102
0	8
0	1
0	0
0	0
0	0
0	0
0	0
0	7
0	7
7	52
0	52
2	38
6	40
0	1
3	4
5	818
95	1769
749	1767
0	1
30	262
1	210
3	82
0	36
0	23
0	23
0	0
53	43
0	0
0	0
0	0
0	0
0	0
0	0
8	27
0	0
0	0
0	0
0	0
5	0
0	0
0	15
0	9
0	15
0	20
4	15
3	12
0	0
3	20
123	17
0	2
12	15
0	17
0	0
0	0
0	0
0	0
0	0
0	0
15	83
8	1005
2	732
4	747
0	79
10	98
29	83
1	8
10	3
0	11
0	22
0	40
3	0
1	20
0	32
0	17
0	10
0	19
0	26
11	9
11	414
3	96
318	2692
4	345
12	1550
2	1199
2	914
2	34
1	1217
12	910
2	2190
5	326
1	257
131	972
0	1117
13	1454
5	772
23	339
0	267
0	259
0	259
0	9
1	12
0	229
0	249
0	292
9	1
6	3
0	140
467	7
6	177
1	1066
0	901
0	1217
0	1111
0	1349
0	1472
35	110
13	916
0	1456
20	1140
0	8
0	962
0	801
0	57
127	384
0	758
0	274
31	757
5	72
97	0
544	542
212	791
44	702
0	5
170	50
66	392
4	25
1	30
0	134
37	398
16	348
15	74
20	77
0	6
4	58
5	139
1	115
24	264
0	11
3	33
22	2
1088	931
29	784
2	612
0	887
3	673
10	1
21	36
2	9
6	6
110	149
19	1912
24	14687
29	15390
4	939
20	253
1	195
1	54
20	1065
25	490
3	3
1	6671
20	180
56	421
0	0
0	37
11	17
0	0
0	0
0	0
0	0
0	0
0	37
0	0
8	61
0	37
0	0
0	0
0	0
0	0
0	0
0	22
11	342
0	300
0	320
0	340
500	699
0	623
0	621
0	647
0	586
2	32
0	514
0	562
0	497
16	11
3	1
0	49
0	35
1	19
0	0
0	1
0	0
0	0
0	0
0	1
0	1
3	0
0	0
31	43
0	0
0	0
123	1907
60	2004
31	2413
45	1708
5	47
8	62
20	588
2	865
0	277
0	35
13	318
1	48
0	311
0	89
0	315
3	224
0	240
19	289
1	25
0	373
0	327
0	2429
0	2186
0	228
2	225
0	73
1	74
0	4
0	84
0	445
0	412
7	1096
0	1212
0	1313
0	1688
0	947
9	1767
26	7
8	256
201	3044
0	2904
72	866
0	2727
52	1302
25	3068
0	2797
24	36
12	227
1	34
0	221
13	0
36	6
35	266
4	208
0	62
4	182
3	24
0	15
1	6
1	170
3	123
3	15
6	6
7	0
1659	10511
138	2108
23	10511
27	81
0	2
3	6
0	0
4	5
0	759
0	235
0	139
0	31
4	66
1	5
0	759
710	2079
24	2069
1	637
39	153
25	148
658	1121
0	867
19	13
211	371
0	371
0	0
0	0
18	242
0	703
7	678
1	767
7	718
11	34
4	205
2	697
0	704
18	77
0	664
0	86
33	451
14	53
2	10
20	4
42	50
0	45
0	98
0	142
0	106
22	1
13	13
2	639
0	108
10	1209
0	244
0	228
4	1127
0	748
14	12
7	846
25	1044
2	294
0	33
6	113
3	71
11	323
1	318
0	4
318	250
0	3
110	1217
0	18
0	2
0	0
0	0
0	20
0	18
1	0
0	0
15	36
0	0
0	104
0	113
0	44
0	89
1	790
30	2789
43	606
0	718
32	671
10	203
16	2287
0	2312
2	1057
6	47
10	218
0	419
2	2319
0	2102
1423	640
2	638
0	0
4	9
1	1
0	0
0	0
0	0
63	0
21	62
7	62
6	61
0	0
3	1
192	834
0	794
0	495
0	553
1	44
1	323
0	354
8	199
7	21
16	258
0	198
4	50
184	48
5	36
13	17
0	4
1	2036
188	2245
0	2044
8	12
0	98
6	57
7	444
17	159
0	129
0	81
0	102
12	45
0	51
0	15
0	18
0	18
6	8
0	114
0	102
0	4
0	1
0	1
0	3
0	0
0	0
0	0
0	0
0	0
0	0
0	365
0	24
0	182
0	81
0	75
1	3
0	3
0	3
1	0
0	3
0	3
0	21
58	30
0	0
0	0
1	0
0	0
0	0
0	0
0	0
15	0
10	67
22	50
3	9
4	58
22	1225
40	2273
0	1887
109	311
36	678
0	1935
10	488
2	378
0	488
1	3803
0	2386
0	832
0	1619
0	1553
0	944
3	47
0	99
3	123
0	119
1	92
0	67
17	3
8	16
0	35
14	1
0	58
6	2
3	5
2	2
5	13
3	2
1	0
0	5
0	23
0	2
1	0
0	17
0	13
0	15
0	1
0	0
0	3
0	2
0	0
0	1
0	6
2	0
12	0
0	8
0	8
0	3
0	4
0	3
0	3
0	3
0	3
0	3
0	13
0	3
0	3
0	3
1	4
0	0
0	4
0	3
0	5
0	2
0	3
0	10
0	10
0	9
0	2
0	1
9	3
1	5
0	5
0	17
0	0
0	0
0	0
0	0
0	0
0	0
0	0
0	0
24	7310
104	7165
0	186
3	53
13	713
0	127
8	242
8	192
18	272
3	1
0	3
0	3
60	2056
1	1158
3	1152
5	1119
0	1034
0	998
125	1160
0	160
20	394
19	255
0	375
0	105
0	210
0	151
0	59
6	379
1	125
0	36
0	23
0	58
1	45
0	2
0	2
0	1
1	1
0	2
0	0
0	0
5	16
0	0
0	0
0	0
0	0
0	0
0	0
1	0
0	0
2	1
1	1
0	1
0	0
0	0
0	0
0	0
0	0
0	0
1	0
0	1
0	1
0	3
0	2
0	1
0	0
0	2
5	271
6	567
1	472
1	272
17	100
3	76
0	60
4	199
13	158
4	53
0	118
10	308
15	407
38	1
1	11
7	37
0	368
13	463
2	379
13	962
14	848
2	817
8	0
0	55
0	867
0	736
2511	4737
9	190
5	113
1	4414
29	2217
811	814
22	86
22	840
0	0
0	0
0	0
0	0
0	0
0	0
600	1692
15	2
0	0
1	33
0	0
0	0
0	0
0	0
26250	30
6	27
6	1058
249	3866
12	2710
0	3210
2	657
43	658
12	3180
0	2971
9	621
9	815
3	2433
0	1154
14	707
14	1471
36	42
27	372
46	1771
29	1393
36	52
23	326
2	39
0	46
0	0
46	964
327	1936
5	998
0	523
3	78
4	0
0	287
0	90
0	44
15	19
26	0
3	287
65	1363
0	1114
10	69
22	332
5	6
17	272
7	462
51	480
3	48
1	27
5	119
1	186
27	334
7	310
0	297
4	249
0	117
1	50
1	0
0	13
13	5
7	3
0	50
640	828
11	701
11	19
25	0
5	677
11	225
27	146
119	17
76	8
1	207
518	2234
53	331
29	1508
15	34
7	40
13	90
6	1259
2	93
1	37
22	33
40	175
4	1
5	174
0	174
57	381
25	891
0	107
1	1052
1	217
0	1066
35	802
4	2857
4	1088
104	2223
7	1056
0	1040
0	48
39	4011
129	3338
1	327
3	573
4	160
24	5
34	7
62	1951
19	0
3	221
99	0
17	253
170	412
0	3639
1	0
0	13
23	18
0	38
0	0
12	52
15	111
574	738
0	124
1	95
13	397
0	497
0	46
21	45
1	33
13	376
6	128
8	14
5	280
0	244
57	596
19	560
5	66
11	13
11	261
0	284
0	0
8	162
0	28
0	38
0	27
0	32
0	32
0	4
0	11
0	20
0	26
0	20
0	4
0	7
8	260
10	0
0	16
0	12
2	197
7	63
5	1
1	244
6	233
32	17
51	940
35	958
35	1057
0	1011
32	37
0	1151
373	616
12	313
0	0
0	0
0	0
163	39
0	11
0	0
0	28
0	25
2	28
0	23
0	27
0	14
0	27
0	16
0	27
0	25
8	19
0	5
0	11
0	38
0	4
0	5
0	2
0	0
1	36
230	669
47	110
3	23
5	490
6	604
2	23
0	39
0	131
3	163
34	390
0	0
0	0
0	0
0	0
0	0
0	0
6	367
20	418
65	49
0	60
0	310
9	654
4	24
1	60
4	320
0	52
0	44
0	1183
5	422
0	79
3	99
0	73
7	25
2	26
0	265
2	1164
125	941
0	1160
0	271
0	1184
0	70
0	8
0	8
0	0
0	0
0	0
0	0
0	0
0	0
0	0
0	0
0	0
0	11
2	11
0	5
0	0
0	0
0	1007
0	333
0	452
0	230
0	98
0	43
0	123
0	99
0	71
0	470
0	417
259	192
0	116
0	108
0	24
167	10343
0	8930
19	20
0	0
0	0
0	0
0	11
0	0
0	0
0	0
0	0
0	0
0	0
0	0
0	0
0	4
0	0
0	0
0	0
0	0
0	0
0	0
0	0
16	302
0	1514
8	41
1	82
0	110
0	117
0	726
1	1757
3	48
0	137
32	197
115	63
122	99
0	140
2	73
7	80
55	134
1	47
0	96
13	1379
0	35
4	160
7	1640
12	1272
191	1137
0	1157
6	1080
0	1325
0	103
2	1376
2	99
58	47
45	194
0	320
0	197
0	249
0	60
323	1144
0	0
0	2
0	0
0	0
0	16
0	16
0	0
0	0
0	0
0	0
0	0
0	0
0	8
0	8
1	0
89	27
0	0
0	0
0	0
0	0
0	0
0	0
0	0
71	1245
620	1263
0	63
1	232
9	170
2	30
0	81
0	112
7	138
4	0
25	10
0	10
0	0
40	12
111	8363
0	7561
9	3266
222	4066
0	620
0	1122
8	442
24	773
0	1185
2	950
7	659
13	562
19	300
53	5
0	30
0	550
0	243
0	487
0	539
0	500
0	280
0	330
0	252
0	177
0	11
0	172
0	548
0	39
0	547
0	256
0	433
0	586
0	152
0	369
0	238
0	355
0	267
0	269
0	291
0	247
0	519
0	16
0	110
0	138
0	122
0	185
0	261
0	81
0	79
0	20
0	171
0	70
0	117
0	92
0	90
0	0
26	3
292	12526
43	1940
307	12864
23	1900
44	1224
186	7192
23	1492
86	497
13	1783
0	844
2	1990
17	2159
30	1416
1	263
0	628
74	1026
51	707
11	425
12	57
72	2032
13	414
6	75
6	112
18	353
0	303
3	442
4	94
12	0
4	116
0	1686
1	796
82	2412
0	2412
0	49
0	8
0	886
1678	950
15	951
8	491
0	961
100	325
0	6835
0	2547
0	6753
43	6799
6	251
27	66
0	0
0	107
7	38
10	2362
2	8
12	2294
1	2190
0	1959
0	2065
0	2148
2	938
7	2106
1	327
0	41
0	565
6	64
0	229
0	687
22	81
107	804
0	6517
0	2262
0	6645
0	0
2	0
0	0
0	237
0	5
0	148
0	53
0	90
0	104
0	56
0	148
25	34
0	59
0	4
0	25
0	4
0	31
0	37
0	163
0	267
0	79
0	30
0	15
0	138
0	173
0	243
0	2213
0	4678
0	1424
0	1707
0	2533
0	3312
0	2858
0	1881
0	1945
0	1727
0	1430
41	0
74	2666
10	2550
34	28
21	180
5	966
7	96
39	1549
6	7973
101	8976
1101	7222
11	6592
192	6570
16	1
7	0
3	966
4	342
7	1424
12	97
26	2
5	53
17	1199
6	0
0	7
0	6
0	1
0	0
28	30
0	350
0	1841
0	111
0	1909
0	1864
0	1826
0	146
0	77
0	369
0	4
0	31
0	25
0	1927
17	530
0	567
4	506
0	502
0	624
2	433
0	19
0	37
8	209
0	3
0	0
0	30
21	14
4	208
1245	231
6	205
0	3
1	0
9	3
0	3
1	0
0	1
0	2
3	64
2	392
2	417
0	84
0	21
0	282
0	286
0	311
0	3
328	2198
139	2202
13	457
15	233
0	29
53	314
0	2188
1	197
34	250
0	453
5	344
0	0
0	1
0	0
0	0
0	2
0	0
0	0
0	0
0	0
0	0
3	0
0	0
0	0
0	0
3159	5296
65	1200
0	1152
2	4220
0	156
4	502
16	842
13	126
132	64
0	966
2210	2707
6	158
0	2802
42	2220
101	2200
7	2356
29	2021
59	1435
11	375
0	190
81	492
21	27
9	52
1	33
0	2
0	30
0	17
0	17
0	2
1	0
0	0
0	1
0	0
0	1
0	1
0	1
0	1
0	0
0	0
0	0
0	1
0	520
0	592
16	512
26	298
9	289
2	296
13	6
8	1
14	0
17	161
4	7
4	2
2	5
0	0
2	3
0	3
7	5
4	9
3	4
4	6
0	7
0	2
25	1
8	12
1283	4284
1	1610
57	105
130	4087
81	636
4	631
33	281
59	281
23	283
71	288
43	22
0	294
1	0
0	16
0	16
0	18
0	16
0	12
0	0
0	0
0	0
0	0
43	3300
30	2748
0	2762
2	92
12	168
18	3085
0	421
1147	0
0	0
14445	0
5	2900
18	1730
0	2900
0	0
9	0
0	0
1	76
282	391
14	310
16	207
52	215
0	1901
0	288
1	1586
0	1490
6	1456
1	93
1	114
2	100
12	38
4	252
0	76
0	132
0	51
0	51
8	28
19	1
3	1779
16	210
2	378
15	346
7	302
0	41
2	37
9	62
0	25
1139	1300
19	555
10	748
19	708
0	165
0	695
0	68
0	2502
1	17
4	99
1145	2736
0	169
8	608
0	110
308	626
1	77
49	34
0	260
12	7
0	261
1	1795
0	160
89	205
0	63
19	7
37	63
1	123
104	718
2	101
138	6038
3	3182
17	3834
0	2863
30	3232
0	3607
328	6042
0	4731
76	3798
40	3941
0	4265
1	1012
9	3007
0	683
14	2006
0	713
0	586
0	20
0	948
0	1102
0	986
8	608
0	208
1	365
62	4
0	4666
11	242
16	245
123	8
0	115
0	130
11	1
5	13
0	13
0	4
0	137
270	18913
539	9664
74	22154
54	21576
125	20527
44	12642
21	3037
18	313
131	540
0	3063
24	366
4	15
0	0
1020	840
35	1003
51	80
0	75
36	98
0	158
10	3
25	3
1	57
24	1288
46	1247
5	1269
0	165
32	96
10	81
7	414
0	0
3582	4955
3	364
0	4955
1	209
0	0
0	0
0	0
1	1
403	150
2	128
5	99
0	0
9	14
0	0
0	30
0	308
0	45
0	471
2	323
0	553
0	333
0	902
2	282
0	30
0	40
0	10
0	270
0	45
0	282
0	3
9	12
0	24
0	37
0	23
0	47
0	1
0	303
1	1
4	704
10	37
134	58
0	314
0	28
0	870
0	11
0	11
0	2
0	3
21	0
0	1
0	1
0	1611
0	53
0	1051
0	30
7	296
0	668
0	1022
0	1609
6	487
2	1087
6	1488
11	3
0	1600
1	64
21	457
0	901
5	1275
1	29
0	949
0	205
14	5
0	787
0	117
20	0
162	642
2	23
80	491
26	5
0	37
5	4
1	363
0	1503
0	1487
1	1
0	1
0	1
0	1
0	1
0	1
0	0
0	156
6	31
8	39
0	184
4	35
50	1003
0	50
0	886
40	825
4	58
4	50
10	76
1	39
19	6
1	86
32	161
2	96
81	400
228	395
0	104
0	79
0	89
0	108
0	93
0	77
0	66
0	45
0	59
0	0
0	15
0	13
0	16
1	53
3	1424
0	247
75	997
0	989
39	1138
0	73
0	11
1	538
0	0
3	366
1	17
0	250
14	383
2	324
0	197
0	205
3	156
5	51
1	15
0	14
0	1145
0	1289
12	866
4	224
10	585
1	720
0	492
0	805
0	684
0	726
0	824
0	682
26	12
11	19
0	38
0	1
0	77
0	3
0	31
6	100
21	128
18	79
28	11
26	7
9	5
0	21860
13	23649
7	23656
10	22574
5	1998
0	14435
8	76
97	982
1	1121
0	970
0	148
59	1129
0	471
0	6
2	1204
1	1664
1	21860
714	0
321	4292
31	4292
12	87
0	709
7	54
23	3
3	21
57	29
333	11078
34	9666
4	3493
7	4037
179	794
50	997
0	1039
46	961
0	0
0	0
0	0
0	111
0	79
0	89
0	115
0	93
0	77
0	66
0	45
0	59
0	0
0	15
0	13
0	1
1	23
2	24
24	20
0	26
0	8
5	8
0	0
0	6
2	215
50	246
8	0
19	246
1	125
0	125
21	432
347	432
0	20
0	9
0	0
0	0
0	0
0	0
0	0
1	0
1	0
0	0
0	0
0	0
0	20
0	0
0	8
0	9
33	9
0	20
493	213
3	46
3	10
0	77
6	62
7	95
7	38
5	0
79	0
5	0
59	2292
19	2203
10	2071
3	720
10	22
0	0
47	199
0	248
0	88
0	113
0	96
1	95
0	0
13	3010
5	2858
634	1690
0	215
0	365
0	209
0	241
0	209
0	32
2064	51
220	5304
1	1702
62	1686
4	967
2	519
46	976
9	709
209	2674
0	18
26	49
1	571
2	593
12	503
1	42
0	45
4	23
0	5
1	1
7	339
0	181
0	261
1	167
5	539
0	120
2	190
15	1242
0	405
336	11781
30	8589
0	5544
0	4884
0	10484
0	8577
5	10039
0	9736
5	9588
3	104
8	976
0	303
5	426
5	1539
23	1517
0	1424
0	1422
2	1244
0	1245
1	1239
0	899
40	433
3	546
0	489
7	394
0	241
3	75
13	72
0	57
0	14
11	12
4	11
449	4693
1	4160
5	2025
8	4284
124	3912
127	3496
4	916
35	4078
0	1235
0	306
0	508
0	41
0	54
0	34
0	19
2	105
204	596
12	49
2	9
9	340
2	315
9	0
16	86
8	195
0	0
2	20
0	0
0	0
0	0
2	8
0	0
0	0
0	0
0	0
0	0
0	1
0	1
0	4
0	0
0	0
0	0
0	11
0	0
0	3
0	20
0	14
0	20
0	14
0	10
0	2
0	2
0	4
0	0
3	5
0	5
0	0
0	0
0	0
0	0
0	0
0	0
0	0
0	0
0	2
78	0
0	41
0	3
0	18
9	30
0	19
15	15
5	68
0	27
17	72
3	54
5	34
0	20
0	20
0	0
4	3
9	2
6	7
7	449
0	554
0	436
1	383
1	419
45	162
0	86
13	7
5	26
1	19
0	18
0	18
5	84
0	83
1	81
0	23
0	5
0	4
4	16
0	77
0	10
0	1
1	0
0	27
1	0
0	5
1	0
0	83
0	25
0	413
0	475
0	2253
0	467
0	450
0	17
0	707
0	437
0	303
22	0
0	96
327	126
0	57
1	20
0	1875
0	1873
0	1702
0	870
0	418
0	93
0	0
0	0
0	0
0	10
0	10
0	22
0	0
22	154
18	38
5	38
4	117
2	21
5	10
0	161
0	125
6	273
0	91
2	55
4	46
0	54
2	43
5	20
0	25
0	43
5	65
0	13
0	13
17	34
6	3
79	163
303	24
31	23
1	0
0	9
0	10
0	0
0	4
0	9
0	0
0	1
330	395
0	176
2	219
2	80
10	65
0	71
6	71
0	52
4	47
649	1152
21	1095
0	231
4	101
1	146
8	89
0	668
14	94
0	15
1	0
1	23
0	8
109	266
0	96
10	158
2	227
1	153
245	239
3	260
6	79
0	27
15	0
33	1
0	4
3	3
946	70
4	51
0	0
0	0
0	0
10	310
1	312
0	151
0	93
3	178
0	178
0	186
18	11
1	25
8	6
6	0
0	107
0	4933
0	9
0	30
0	115
0	16
0	42
4	180
3	21
4	24
1	97
1	120
0	156
10	80
11	132
0	157
3	61
0	74
1	11
1	30
0	7
0	21
1052	1978
23	522
1	394
42	1855
1	616
1	0
30	7
23	21
72	1849
230	1933
38	1834
112	217
11	1445
3	15
154	2261
948	531
16	9
2	172
0	0
4	65
0	0
9	19
0	0
0	0
0	0
0	0
0	0
0	0
0	0
0	0
0	0
0	30
7	30
0	67
9	144
0	54
1	0
0	0
0	0
0	0
0	110
0	115
2	86
11	5
21	13
6	38
5	132
25	60
0	107
97	70
0	21
0	16
1	6
20	1487
2	0
80	361
27	50
3908	631
9	16
1	239
28	1
0	5
0	2
0	4
0	4
0	4
0	0
0	1
782	2
0	2
16	0
15	422
52	36
1	301
0	10
1	48
5	369
3	5
4	161
0	1
0	13
4	23
59	1904
2	1294
24	1775
75	1831
0	1634
2	1057
0	369
0	232
3	25
0	121
0	707
4	196
0	211
2	83
7	149
0	33
0	31
0	98
0	198
12	268
0	31
1	116
1	149
2	71
1	51
6	49
0	46
2	40
0	39
11	141
11	6
13	10
32	11
255	2768
565	996
3	1354
2	861
23	284
15	20
0	201
34	15
65	1691
37	29
19	1144
0	591
37	547
3	142
10	773
55	934
12	235
0	600
0	20
3	0
1	592
1	51
9	102
5	1
1	32
0	28
0	0
0	0
0	0
7	36
0	10
177	171
78	219
0	51
5	41
0	0
437	7
2	6
2	0
0	4
0	57
3	12
0	5
0	12
7	74
1	58
0	17
1	24
3	0
2	7
1	3
0	5
4	4
0	4
1	10
0	6
1	1
0	38
9	11
38	20
0	12
0	1
0	0
19	44
11	6
1	3
0	0
0	0
0	0
0	0
0	0
0	0
7	287
145	287
21	274
243	95
5	12
6	7
5	16
0	53
57	1410
62	1626
2	1624
4	1556
32	1625
0	1134
4	113
0	198
2	113
0	22
0	215
0	11
6	2277
0	2277
11	576
0	2276
0	0
0	0
45	161
7	98
0	64
457	3602
1	2721
91	3017
0	1617
0	458
0	168
1	163
2	142
0	57
1	14
0	10
2	1
0	1
8	5
0	3007
35	2878
0	2941
14	377
17	336
31	1109
1	3001
0	1
0	0
13	1865
12	176
181	1743
0	159
11	478
2	438
77	180
0	429
4	212
1	11
94	9
0	121
90	124
1	32
9	290
2	28
0	0
7	290
8	7
2	15
0	52
6	210
5	16
1	0
4	11
0	4
63	227
47	227
0	0
0	0
0	0
0	0
0	0
0	0
0	0
0	0
0	0
0	0
0	50
0	33
32	36
11	1383
4	2477
5	201
1	28
1	254
0	1590
13	2249
0	2070
10	98
60	2
2	186
11	206
3	17
4	5
64	3
14	2
33	17
2	874
0	0
11	17
33	223
36	147
46	14
0	30
7	109
10	6
15	124
7	124
0	61
0	0
0	0
6	5
1	13
0	0
0	0
0	0
0	0
0	0
0	0
0	0
0	0
0	16
0	61
0	16
0	0
0	0
0	0
0	0
0	0
0	16
0	16
0	16
0	16
203	1091
3	85
0	26
0	949
12	948
0	1030
0	2956
0	3509
0	3485
0	685
0	3608
0	3598
0	3536
0	6
0	649
0	804
0	2
0	331
0	158
0	304
0	55
0	468
0	73
0	1795
0	3483
0	3593
0	352
0	3211
20	78
0	4
22	1
2	1
1	0
0	1
0	1
0	0
0	1
0	9
0	10
0	4
0	1
0	0
0	1
0	0
0	0
0	1
0	1
1	3
0	1
0	1
0	0
0	0
0	0
0	0
0	0
0	0
0	0
0	1
0	0
0	0
0	1
0	1
0	0
0	0
0	0
0	0
0	0
0	0
0	0
0	0
0	0
0	0
0	0
0	0
0	0
0	0
0	0
0	1
0	1
0	4022
0	5622
0	6083
0	1947
0	2424
0	1730
0	2023
0	323
0	481
0	2391
10	641
3	1856
77	4225
87	3382
63	666
28	1370
0	1624
78	1
261	231
4	102
91	1853
0	556
15	3485
1	302
15	93
1	3840
1	3842
0	1288
0	89
0	89
9	403
0	677
1	4127
5	23
2	1917
0	3783
0	0
0	0
8	45
29	1746
6	2
0	1569
39	1519
6	76
9	38
1	1519
20	1751
3	9
8	50
11	50
0	4
0	1
4	70
359	70
0	2319
0	1767
3	1881
0	122
0	264
1	1908
2	298
33	392
6	1664
1	6
0	2265
0	2033
29	1933
3	2049
0	43
0	35
0	52
0	103
0	1
0	65
0	90
0	95
0	29
0	738
0	235
0	929
0	59
0	0
0	36
0	66
0	63
0	114
0	45
0	0
0	220
0	11
0	0
0	0
0	0
0	0
0	0
0	14
0	9
0	9
0	0
0	0
0	0
0	0
0	0
0	0
581	1345
16	1453
2	1119
0	1302
12	561
31	288
9	734
16	900
85	622
0	890
13	86
11	786
42	16
23	553
44	18
0	79
43	199
16	306
0	63
8	288
6	46
28	2437
1	1405
0	218
69	209
0	109
8	171
0	155
11	81
17	0
0	7
0	14
11	11
0	2
0	1
18	191
9	190
0	34
0	76
0	129
1	38
39	15
6	88
2	71
0	1
113	72
17	2440
24	214
23	1446
0	264
2	526
33	320
78	943
107	1496
14	9
43	18
2087	2384
16	2089
15	2280
104	47
2	157
26	88
47	956
0	97
7	569
3	100
11	651
9	375
9	0
18	130
3	16
3	2
0	0
0	1050
0	1363
0	404
0	353
0	256
0	273
0	236
0	10
0	1
0	1
0	1
0	1
237	126
0	219
0	147
1	193
76	44
0	4
0	9
3	11
0	4
0	4
0	4
0	2
0	2
0	1
0	0
0	0
0	0
0	0
0	16
0	0
0	0
0	0
0	0
0	36
0	62
0	0
0	0
0	0
0	0
0	0
0	0
0	0
0	0
0	0
0	0
0	2
0	0
0	0
0	0
0	0
0	0
1	16
0	0
4	347
0	372
3	27
3	24
0	12
1	4
0	5
38	6
6	0
0	66
0	0
0	16
0	1
0	0
0	1
188	36
0	243
0	263
0	18
1	4
1	26
3	31
1	31
0	30
3	25
0	253
0	271
73	388
2	16
37	21
0	372
1	73
1	2
10	0
2	181
211	1109
6	286
0	525
360	851
48	32
0	155
4	166
0	26
23	387
35	58
0	378
0	0
0	0
0	0
0	0
0	0
0	0
0	0
0	0
0	0
0	0
0	0
0	0
0	0
0	12
0	0
0	0
0	0
0	0
0	52
0	0
0	5
130	1052
0	932
0	246
11	405
4	900
0	658
0	373
29	25
22	197
10	79
1	62
13	84
0	29
3	1054
0	11
2	162
9	80
10	28
2	0
56	1054
23	482
0	555
0	465
1	630
104	614
2	435
5	105
0	14
1	14
11	42
0	53
3	54
24	81
10	10
3	0
1	19
1	531
5	2
0	1
0	1
0	0
12	14131
6	15137
0	17197
119	11600
0	8404
158	1697
0	0
0	1
2	443
76	7661
208	7731
3	22
7	9
36	3125
43	426
3	335
0	23
0	109
2	117
13	0
0	1289
0	1301
0	456
0	349
0	1324
0	1234
0	91
0	208
0	550
0	196
0	139
0	440
0	335
0	218
0	30
0	16
0	12
0	17
52	0
0	0
10	2
0	0
0	3163
0	3149
0	368
4	203
0	235
0	400
0	936
0	624
0	497
0	128
0	860
0	581
0	53
0	51
0	2579
1	2739
10	0
0	3
35	1
274	106
5	105
0	8
0	8
2	1535
9	989
719	10268
18	92
0	285
21	9793
4	361
51	382
1	386
17	366
5	135
9	48
0	22
0	2
0	2
0	0
0	0
0	0
1	20
0	20
1	2
0	0
0	0
0	2
0	2
0	0
0	2
0	2
0	4
37	57
28	73
0	73
6	73
0	0
4	0
0	0
2	0
10	0
2	0
0	0
35	2199
88	2021
0	734
2	1085
3	1989
30	135
0	2069
10	336
2	0
3	0
0	39
0	5
0	4
0	4
0	0
0	1
0	3
0	1
246	111
7	104
1	38
12	7
312	290
1	177
5	129
0	18211
0	196
0	15946
0	13501
0	401
0	1386
0	778
0	32
0	603
0	995
0	1249
0	2875
0	1763
0	2587
0	46
0	52
0	24
60	536
31	536
0	61
863	2968
0	1452
5	803
0	1387
3	2214
0	10
22	78
105	373
0	5
24	1
0	3
19	15
3	16
0	14
0	25
78	52
3	288
17	360
0	340
0	23
0	20
0	38
0	149
1	380
3	32
4	65
0	18
122	296
2	309
10	96
59	654
1512	1367
0	286
6	720
28	36
19	50
25	146
13	172
31	5
2	1286
3	14
123	19
2	5
0	0
0	0
0	0
0	0
0	0
0	0
0	0
0	0
0	0
0	0
0	0
0	0
0	296
21	300
2	294
0	5
1	20
0	20
1	5
1	4
0	3
249	1371
51	943
0	724
23	6
3	23
1	53
0	788
0	0
0	12
0	0
0	0
0	0
0	0
0	52
0	0
69	4359
0	4611
392	1669
9	3529
2	3234
11	3074
58	0
1	254
22	591
117	1965
20	101
7	523
5	589
65	1175
15	421
0	0
0	0
0	0
0	0
0	0
0	17
1	0
0	0
0	0
0	0
4183	1762
6	1545
4	226
40	66
0	0
0	0
19	208
18	209
6	192
0	118
0	0
0	157
28	160
0	26
0	1
3	24
27	9642
10	5731
4	832
5026	12629
95	8368
2	7429
0	5122
52	166
0	4956
55	189
4	2738
69	1793
463	469
0	2
22	0
1	209
150	548
3	361
0	464
42	39
0	221
0	21
0	6
0	2
0	2
0	3
0	3
0	0
0	11
3	11
0	0
0	0
0	0
0	0
16	4179
0	453
78	659
0	18
63	76
2	42
29	11
17	4172
46	109
6	1016
0	169
4	832
0	776
6	227
0	111
9	1026
24	765
27	702
8	655
12	585
4	197
1	84
1	292
1	197
11	136
2	1
18	28
14	1
23	1
0	2321
0	2733
0	199
0	56
0	0
0	0
0	0
0	0
0	0
3006	56831
200	13
3	41963
109	20108
87	47083
0	37713
0	33889
20	45643
376	20300
194	39094
14	39030
0	6
3	6
233	337
0	0
0	0
0	0
0	0
0	0
0	10
0	58
0	58
1	939
22	369
0	908
10	97
0	20
2	75
0	30
1	3
0	37
3	522
9	3271
0	4253
0	3194
0	75
0	4203
3	42
4	117
10	16
0	394
0	101
10	178
2	102
6	44
45	48
7	0
3	341
23	4002
0	5828
0	4814
0	6498
0	2295
0	978
0	873
0	363
0	334
0	126
32	91
1	61
0	163
0	306
0	245
0	268
6	183
25	110
0	74
0	64
21	87
1	39
1	41
0	35
3	14
0	15
0	7
22	263
0	0
0	0
0	0
0	0
0	0
0	0
0	13
0	0
0	0
0	0
0	0
0	13
0	0
7	31
4	220
2	874
18	7
22	4
4	691
19	540
11	99
0	748
19	2
51	40
0	0
0	0
3	11
0	0
0	0
46	246
0	277
18	195
0	188
0	190
0	111
1288	8415
349	8540
24	541
83	385
0	1370
0	56
0	2069
0	1474
0	1064
0	703
0	2112
0	2032
2942	29226
13	700
0	30
58	46
2200	4814
2	3955
3	817
0	1825
2	1496
22	1734
1	755
0	1702
0	3230
6	2901
3	2340
29	1754
31	283
38	2137
16	590
1	174
0	139
0	145
2	29
0	20
0	28
0	11
0	37
1	83
0	25
30	45
0	2
0	1
0	1
0	2
0	1
0	0
0	1
0	0
0	0
0	0
1729	1967
1033	1931
0	65
0	1
0	1
0	1
0	1
0	1
0	1
0	1
0	1
0	0
0	0
0	0
0	0
0	0
0	0
0	0
0	0
0	65
14	147
0	94
0	174
7	147
5	164
0	143
4	0
2	0
4	2
2	90
1	176
1	104
1	130
33	84
0	116
0	25
0	21
0	12
0	47
7	10
3	62
3	4
18	3
0	186
23	24
320	1402
12	1402
0	348
4	503
6	0
48	146
0	0
8	15
0	15
43	537
8	757
511	863
2	112
27	174
4	30
0	117
0	0
0	0
4	1
0	0
3	0
0	0
1	19
28	2205
4	735
10	966
201	1992
0	497
8	313
0	0
2502	768
113	678
4	164
0	21
0	27
0	24
0	14
15	26
6	473
4	474
2	300
26	482
2	27
10	341
1	131
11	41
0	468
210	1233
116	1233
2	5526
0	5452
4	270
0	448
0	4804
2	267
0	305
17	152
4	11
80	45
0	32
2	7
0	3
0	3
1	318
0	18
54	224
3	0
3	0
1	5
1	5
5	2
0	12
3	90
9	6
12	24
0	82
8	307
1	103
0	39
5	72
0	54
7	41
13	0
0	1
1	1
4	8
1	16
0	8
0	7
0	7
0	7
0	3
0	2
0	4
0	3
0	87
0	315
0	266
0	334
0	119
0	107
0	222
0	54
0	241
0	52
0	64
0	135
0	326
0	22
21	96
5	80
51	142
4	92
0	26
0	21
0	88
0	5
0	27
0	0
0	0
0	0
0	0
0	0
0	27
1	833
18	916
18	138
4	417
0	854
0	765
0	72
3	30
0	0
0	34
0	28
0	26
34	112
0	63
0	31
0	30
0	25
35	89
1	51
0	8
1	0
0	2
28	16
0	6
1	7
1	0
0	4
0	7
1	6
2	10
0	23
2	1
32	0
9	20
0	14
1	1
0	20
472	404
0	73
5	368
1	94
4	35
14	0
6	28
3	71
2	1
1	111
27	110
6	81
1	78
1	3
0	13
12	8
2	5
577	828
16	6
11	3
0	724
42	566
0	0
0	0
0	0
0	0
0	0
0	0
0	13
0	0
0	0
0	0
0	454
25	3832
43	3755
42	1
6	466
10	530
252	1030
0	321
17	4036
0	0
0	0
47	143
30	143
2138	9150
3094	7371
0	6596
9	608
3	701
1	528
1	452
0	574
4	47
6	8
7	204
0	17
7	4
0	16
0	4
7	1882
62	2180
1	592
17	426
0	108
23	243
1	4
1	1841
1	1767
3	22
0	6
9	58
0	6
0	6
0	6
0	231
0	365
0	209
0	241
0	209
0	32
8	1470
284	1466
0	0
0	0
92	11009
139	11497
13	483
8	326
9	260
3	42
5	34
4	215
10	211
106	525
16	11344
81	1525
3	142
10	243
0	123
6	47
0	1258
10	1421
5	9
0	1366
0	237
0	1375
0	39
0	159
1	24
19	144
0	99
0	163
5	252
17	365
0	6
0	57
0	1246
1	1420
8	2121
2	328
9	24
2	57
6	877
3	448
1	405
1	101
4	220
11	164
67	384
5	151
0	1855
0	0
0	0
0	0
0	0
0	0
0	0
0	0
754	1995
0	1195
0	1593
0	220
9	376
2	856
9	1045
12	376
2	534
33	142
37	3
385	0
0	7
11	3
809	136
5	88
3	75
3	17
0	29
25	7971
43	9473
39	8963
14	1551
56	8182
18	2599
10	219
175	4355
12	11
37	19
772	2727
20	1356
0	104
515	1276
0	338
11	1164
7	193
6	18
5	1159
0	3
1	2
0	0
1718	1281
87	1105
0	0
163	2422
3	2345
1	389
0	2036
86	302
116	30510
1	7532
2	12025
0	24213
3	27514
0	11955
67	10217
0	7676
2	12373
0	20740
233	13951
179	21448
252	9578
6	15293
1	7849
5	21577
0	27096
0	0
0	0
0	0
0	0
0	0
9	12
4	4
2	2
6	2
2	12
0	0
0	0
1	4
2	3071
101	3089
2	3069
20	3060
2	3051
31	3020
8	2270
0	991
26	486
12	230
78	208
10	26
10	3070
14	26
0	30
9	4
0	12
0	26
15	9
0	15
4	3
2162	1619
19	3
12	341
12	724
14	380
14	315
0	3145
81	1197
17	173
0	95
0	109
22	21
0	3086
4	3140
70	1843
221	1908
0	1626
16	283
34	349
3	412
0	25
15	35
0	24
45	14
2	1694
7	1388
0	1
1	1351
0	4
0	5
0	5
1	0
0	2
1	1
0	5
0	290
0	115
8	299
1	98
16	284
0	156
5	189
1	238
10	13
1	31
0	3
2	13
3	13
0	3
7	15
0	37
0	329
0	0
0	2
0	2
1	3811
6	4014
0	4286
0	3770
0	3810
0	3770
0	4285
46	0
5	816
2	536
66	316
7	4
6	50
20	123
2	380
0	1
0	0
0	0
0	0
0	0
0	17
0	14
0	18
0	6
0	9
1	2
0	8
0	5
0	0
0	0
0	0
0	0
0	0
0	0
0	0
0	0
0	0
0	0
1	692
970	692
0	0
0	29
0	29
0	0
673	1817
10	67
4	1738
5	64
5	15
5	17
0	0
17	31
0	12
0	21
0	11
0	0
894	92
15	92
238	647
0	83
8	158
0	630
17	309
18	13
9	6
0	2
0	1
0	0
0	1
0	1
0	2
0	2
0	0
0	0
0	2
0	0
0	2
2473	792
3	60
2	630
7	108
1	0
0	57
0	0
0	0
0	0
0	0
0	0
0	0
0	0
0	0
0	0
0	0
0	0
0	0
0	0
0	0
0	0
2	81
0	1
5	1
0	0
0	2
2	0
0	3
0	0
0	4
0	8
0	1187
42	1027
0	302
0	587
0	21
0	53
0	8
6	102
3	102
104	370
65	192
15	293
55	3
0	0
13	1098
0	1448
2	41
4	206
0	1336
0	846
0	732
0	5
5	54
0	106
0	211
0	871
0	1500
0	146
0	180
0	264
0	114
8	324
138	264
5	5
11	45
0	117
0	126
0	155
0	77
1381	372
0	372
0	0
0	0
0	0
0	0
0	140
11	140
0	11
32	27
9	23
1	9
0	3
0	10
0	24
0	139
0	18
0	20
0	23
0	16
0	21
0	48
1	54
0	1
0	1
0	149
0	152
0	149
0	147
0	145
5	40
3	39
2	35
65	2744
10	2528
1	848
12	1001
0	624
4	88
1	57
0	8
0	6
0	0
0	5
0	5
0	0
0	1
1	0
0	3
0	8
0	3
1	8
7	14
0	0
1	7
0	0
0	2
0	1
0	1
0	1
1	1
0	1
0	1
18	71
0	1
0	1
1	0
132	0
77	908
0	2648
45	2755
4	2271
79	2168
2	163
3	1577
13	274
8	120
6	99
9	0
2	76
0	10
3	602
1	633
2	630
0	246
0	97
0	88
1	77
0	47
4	3
22	24
4	52
0	2824
0	1537
0	371
0	222
0	151
0	19
0	179
0	665
0	1120
0	1299
0	537
0	96
0	301
0	1
0	0
0	0
0	0
0	0
0	0
0	0
0	0
0	0
0	0
0	0
0	0
0	0
0	0
2	2
0	0
0	0
0	0
0	0
0	0
0	0
0	0
0	0
0	0
0	0
30	3062
1	916
10	519
1	321
11	232
5	52
0	114
9	3
47	86
8	85
14	3115
0	1016
0	13
0	16
0	12
0	12
0	15
0	0
0	0
0	11
730	1817
4	1599
5	3
5	811
4	5
11	271
12	167
5	87
1	1721
0	1721
4	1279
0	760
0	162
0	690
0	663
10	541
0	682
0	364
0	541
0	582
0	192
14	31
5	172
1	252
4	275
14	74
0	30
4	1591
0	468
0	0
0	0
0	0
0	0
0	0
0	0
520	45
6	0
0	0
0	0
0	0
0	0
0	0
0	0
0	0
0	471
4	362
3	520
107	516
0	332
0	310
5	10
6	2
2	0
13	8
1	13
605	588
3	113
5	143
1	13
4	17
19	7
1	5
15	267
0	1
0	5
0	14
3	18
161	3805
14	3120
91	1151
0	590
5	817
15	75
1	246
24	127
8	579
18	315
48	479
10	0
6	1125
8	204
0	1048
26	929
243	310
2	195
0	0
0	805
3	861
17	691
0	691
0	219
0	131
0	15
0	75
4	119
7	7
10	0
5	808
1994	356
14	342
13	28
0	0
5	178
15	224
0	5
0	177
0	140
5	224
5	15
17	50
3	183
19	856
2	272
0	144
1	303
3	301
0	499
0	26
2	394
10	782
0	50
1	74
7	322
1	302
8	17
2	119
1	100
3	170
2	22
0	0
0	0
1	38
31	109
2	85
0	0
5	0
0	0
1	0
0	0
0	0
0	0
30	3092
4	2988
2	573
1	2723
125	3201
2	2846
0	2958
10	2947
0	2564
2	542
1	753
2	148
3	141
0	76
0	40
6	7
0	9
3	11
0	3014
5	1939
27	147
4947	1004
3	30
1	244
37	319
124	328
11	59
2	47
16	63
77	108
12	81
7	84
1	80
0	13
0	14
0	17
0	15
0	17
0	14
0	10
0	10
18	21
6	4
1	4
0	1
16	444
604	444
14	114
305	115
1	78
1	33
0	6
27	10
1083	302
29	99
37	204
11009	15084
0	11160
1355	5105
0	0
0	0
1	0
0	0
0	0
0	0
0	0
0	0
0	0
0	0
0	0
0	0
0	0
217	3260
4	3260
2	875
1564	865
3	667
17	315
12	453
4	219
0	13
0	369
0	349
0	46
0	389
0	80
0	98
0	31
0	413
0	23
0	34
0	365
0	2798
0	763
0	33
0	44
0	417
0	0
0	0
0	0
0	0
6	1
0	0
0	0
0	0
0	0
0	0
0	0
0	1
0	1
0	0
4	121
14	403
47	28
9	407
103	2
11	4303
0	4631
21	3979
32	3
0	216
10	624
4	5
1	296
1	62
4	75
0	17
5	13
0	17
259	600
37	600
0	378
25	280
0	1
0	1
0	0
0	1
0	0
1	0
0	47
585	271
0	24
2	129
0	197
4	67
3	55
0	31
0	30
0	1763
0	1805
0	2
0	422
0	2
3	742
18	37
0	35
18	403
7	57
2	23
0	16
6	69
24	2774
10	2365
0	92
0	821
0	187
1	32
1	1
1	68
16	355
0	415
2	1322
0	425
4	0
9	2121
4	46
2	109
0	0
0	0
35	4547
7	3970
7	491
19	1187
13	416
0	0
0	0
0	0
0	0
0	20
0	20
0	0
0	0
0	0
0	0
0	1
0	0
0	0
0	0
19	30
1	1
0	0
0	0
0	0
0	0
0	0
0	0
0	1
0	1
0	0
0	0
0	0
544	295
14	295
3	816
5	1047
2	1040
3	820
0	370
1	47
1	52
1	71
0	58
0	191
0	485
0	15
0	28
0	272
0	11
11	32
0	21
0	17
29	85
105	79
274	7950
68	73
20	7982
92	505
125	162
79	140
28	118
81	27
62	1557
149	1203
0	78
4	705
23	286
0	7102
0	782
0	187
0	184
0	212
0	179
0	183
0	12
0	11
0	9
0	186
1	18
7	336
2	127
13	2875
0	289
0	19
0	10
4	2017
0	3
0	5
0	52
0	12
0	10
9	16
22	882
0	456
0	237
0	342
0	39
6	417
0	167
2	18
5	18
0	4
4	0
0	712
1	27
0	13
0	7
0	0
0	0
0	0
0	0
188	76
0	76
1	23
0	0
0	0
0	1
0	3
0	0
0	3
90	442
13	293
3	401
1	403
7	424
0	408
0	40
0	35
16	3
0	16
2	4
1	63
7	23
2	2
20	6
0	15
2	76
0	19
0	32
0	413
303	534
0	537
1	460
2	58
0	13
5	0
60	177
8	226
2	147
13	1
2	238
11	50
0	62
0	166
0	109
0	113
0	0
0	0
1	11
0	22
2	15
2	11
0	25
1	8
0	12
1487	2481
43	234
2	2127
4	0
17	2242
9	613
0	102
8	723
4	30
0	84
0	38
4	128
16	630
0	14
0	107
0	105
0	161
2	138
2	1336
2	867
0	1200
9	33
0	115
3	258
0	223
0	122
45	198
1	316
0	228
1	39
0	94
6	226
6	30
13	160
7	82
0	32
0	32
0	0
10	34
0	0
0	0
0	0
0	0
0	3
0	3
2	3
0	0
0	0
0	0
0	0
0	0
0	0
0	0
0	0
0	0
0	0
0	0
0	0
194	277
4	0
0	0
0	1041
0	985
0	269
990	1010
0	860
15	103
13	13
1	235
6	75
35	279
19	92
0	78
0	1
0	1
89	2242
13	2128
9	151
66	208
32	204
0	0
0	0
0	0
0	0
0	0
0	0
0	3
0	3
25	8
3	58
177	643
0	642
0	38
0	2798
0	417
0	44
0	33
0	763
21	517
0	226
28	494
1	173
2	4
0	232
0	8
0	0
0	0
0	4
0	0
4	94
0	0
0	0
0	0
0	17
0	0
0	0
1	17
0	0
0	4
0	0
0	4
0	0
0	3
0	0
0	3
0	3
0	0
0	3
0	1
0	3
34	55
2	60
10	4
6	51
0	43
0	6
4	7
5	1
39	1578
20	1222
0	1445
3	1306
0	624
0	296
0	267
3	238
3	205
2	135
3	33
0	2
1	378
22	0
0	0
0	0
0	0
2	21
2	19
0	0
0	4
1	2
0	1
21	3123
3	3149
0	2306
0	2448
0	2443
5	2863
0	458
0	1782
41	1760
15	1921
10	61
9	227
7	105
3	2
4	256
80	140
0	673
0	2935
0	15
0	27
0	28
0	28
0	0
0	0
0	0
203	1
357	490
2	293
0	73
153	279
4	47
4	183
3	116
2	135
0	0
289	807
2	126
4	241
8	336
1	324
15	245
9	213
21	58
9	508
2	194
7	12
0	15
34	48
6	213
0	267
55	355
9	15
1	272
0	289
10	1257
0	214
1	152
6	856
84	713
1	1189
0	15
87	1204
1	1184
7	123
37	393
8	347
6	32
2	55
11	6
0	94
4	77
61	950
0	12
2	101
4	5
2	242
1	5
0	93
0	948
0	2
0	609
0	37
6	39
0	0
15	10
0	199
0	169
0	166
0	166
0	48
0	316
59	91
0	18
0	0
0	0
0	0
711	4
37	21
1	3
0	3
4	3
0	3
0	5
3	3
3	3
3	1
1	2
0	8
0	507
0	195
0	157
0	42
0	79
0	0
0	0
0	0
185	246
4	246
2	68
1	36
19	27
0	0
0	2
0	197
20	26
36	183
0	10
0	0
0	191
14	9
4	8
0	2
0	8
0	8
0	0
26	2915
26	1837
0	3778
12	3809
3	666
7	3766
47	4996
1	400
13	189
0	4437
0	0
0	0
526	2124
2	39
0	707
23	1795
28	564
38	473
71	147
65	125
0	1387
0	0
72	140
2	21
2	0
0	10
10	3
0	3
0	12
0	0
0	2280
3	0
1	14
2	2
1	4
1	13
0	69
0	21
0	53
2	0
1	0
0	4
0	2280
0	2291
3	113
0	116
2	110
2	107
0	50
610	94
50	102
15	262
0	205
0	221
4	218
0	195
1	55
2	52
0	52
1	29
0	6
1	28
0	2
0	15
0	28
7	14
17	12
2	2
1	7
3	12
0	11
15	7
0	2
0	0
0	0
0	2
84	2
10	2
0	0
0	0
0	0
2	247
1	293
0	99
19	270
0	33
3	265
1	72
25	205
11	65
0	0
0	0
0	0
0	0
1	60
0	0
0	2
0	0
1	2
0	73
0	2092
17	2370
0	1751
52	1452
10	1
4	717
0	487
16	124
7	15
112	2272
0	0
0	60
0	60
0	0
0	0
3	2
0	2
4	0
1	0
10	39
73	39
326	795
482	795
0	459
95	545
0	11
119	184
3	54
3	55
0	48
3	35
0	77
1	66
4	49
102	175
16	149
8	20
3	0
3	0
55	6654
0	6856
0	706
0	349
0	4335
0	5666
0	425
0	1367
0	3355
0	5300
0	5586
0	1165
3	762
10	132
1	453
0	680
0	793
1	850
45	23
1	76
3	41
0	187
2	4
4	0
3	166
1	1055
5	958
0	0
0	0
0	3
0	0
0	0
0	0
6	12
0	0
0	3
0	2222
0	1960
0	4330
0	7391
0	5971
0	5911
0	5904
0	58
0	1261
0	19
0	1312
0	1361
0	5083
0	2341
0	1794
0	1916
0	1813
0	467
0	787
0	434
0	107
0	348
0	192
0	180
17	15
5	1115
0	1041
10	52
34	316
2	817
35	953
0	13
0	8
2	59
0	41
10	87
0	15
0	805
0	631
0	99
2	185
7	2
4	57
0	6
0	644
2	88
15	39
0	648
5	457
4	98
0	20
0	51
1	10
0	321
0	1000
24	392
6	530
0	489
6	4
6	109
28	112
0	33
2	21
0	29
13	34
1	17
6	8
0	15
0	5
5	9
49	4
1	7
15	17
2	129
3	22
0	5
0	8
3	6
1	0
3	125
723	10852
30	10836
4	62
7	647
1	1849
5	1043
8	20
0	0
0	0
0	0
0	0
0	0
5	574
8	554
0	479
15	319
1	502
0	452
5	377
1	443
19	276
96	376
0	36
0	42
0	29
0	3
8	0
0	5
0	243
9	0
0	91
9	159
3	18
2	11
15	51
0	86
3	43
4	0
18	567
10	6
0	13
17	93
6	3
12	26
0	75
16	92
94	372
19	31
15	293
5	35
529	405
0	126
1	88
7	29
7	0
5	1
2	19
57	0
12	0
181	673
5	640
233	780
1	156
3	49
28	114
0	103
0	1
0	3
0	1
75	279
1	1161
22	1415
60	834
0	612
0	1063
0	146
11	589
0	445
3	74
1	254
0	160
0	78
0	164
0	65
17	189
23	243
21	12
0	1458
0	1233
2	0
0	0
0	1
0	5
0	324
307	311
36	165
2	2
0	37
7	25
0	8
7	0
0	0
63	807
29	807
10	179
4	119
0	50
0	0
0	0
0	0
2	32
0	0
243	127
2803	0
7	18
21	2331
0	2410
0	2350
0	2181
96	1141
2	111
51	137
5	79
0	2402
124	2778
8	117
2	90
2	81
5	178
1	1950
9	74
31	52
4	95
21	782
88	1591
2	69
5	1648
0	67
4	575
10	7
9	401
5	10
0	8
5	1853
0	11
0	11
0	0
0	0
0	0
0	0
0	0
0	0
0	0
4	4
204	4093
18	3647
4	1032
51	1594
0	253
0	414
0	219
0	105
16	34
0	0
0	0
0	0
0	0
0	0
0	0
0	0
0	0
0	0
0	0
7	1423
751	116
16	123
24	606
301	649
22	122
7	339
1	101
1	19
26	17
13	4
5	0
1	28
0	6
0	6
0	5
0	12
0	17
0	0
0	27
4	165
15	148
0	5
0	9
0	19
0	144
2	5
0	9
29	133
1	12
0	4
3	9
0	14
0	147
9	68
0	9
0	63
0	6
1	68
0	50
0	68
10	15
0	23
3	20
0	24
1	2
74	362
33	362
4	40
11	1
0	2328
154	2421
0	2130
0	191
0	12
48	16
0	16
10	662
20	2700
348	2803
0	2811
128	1558
82	1558
1	0
7	11
0	2
0	2
12	27
0	279
0	249
0	246
0	246
0	48
0	432
154	2808
2	2736
18	0
3	220
34	2797
0	0
0	0
0	114
0	114
0	63
0	0
0	0
0	0
0	0
0	0
0	0
0	0
0	0
0	0
0	0
0	0
0	0
6	7
23	27
0	0
15	1117
885	1189
246	799
64	717
4	346
0	0
15	41
0	41
12	994
25	442
0	981
2	154
0	676
2	1
2	7
1	8
5	28
8	8
1	8
7	23
0	49
30	44
0	227
2	197
0	515
44	1376
7	253
3	243
0	1394
0	1379
3	1784
18	1985
61	84
18	1816
51	10
220	1208
33	234
41	35
33	10
0	1
11	1
2	0
0	1
0	2192
0	763
0	33
0	6
0	113
14	279
0	865
0	1117
0	482
5	23
0	807
0	46
0	67
1	36
6	16
1	334
0	224
0	1058
0	1032
767	836
20	706
0	0
0	0
0	0
0	0
0	0
96	37
72	319
36	320
15	64
622	2732
6211	3078
35	1725
69	2310
3	309
0	655
170	246
4	52
4	78
20	10526
0	5992
0	10641
79	11575
104	11036
0	5984
487	10983
71	4487
3	7592
220	7094
83	106
2	8284
1	2627
59	520
25	5528
3	5213
2	6300
69	199
0	5003
64	121
31	155
18	90
1	105
57	521
0	191
0	1350
0	718
0	511
0	78
0	1142
488	4069
2	3444
107	457
41	1828
87	631
143	20
48	1489
1242	1448
41	1383
5	398
0	0
0	0
0	0
0	165
0	3840
0	3275
0	44
0	468
0	108
0	0
0	0
231	0
313	202
0	56
0	8
16	65
18	23
22	95
1	2
9	12
1	22
3	7
0	6
0	1
1	2
1	175
0	84
0	18
1	7
3	18
0	18
0	6
0	5
0	4
1	4
0	6
0	3
2	6
0	1
0	1
1	1
144	697
33	704
0	415
0	23
0	88
0	310
0	4
0	93
0	130
0	308
0	87
0	45
0	55
0	40
0	150
34	1719
6	606
32	467
9	1434
0	1474
7	336
1	126
24	66
1	89
3	50
1	16
9	69
1	0
0	0
0	0
0	0
14	350
18	356
2	28
287	759
0	788
0	827
3	722
0	694
0	416
0	436
3	406
14	552
0	163
18	1
0	799
0	2554
0	319
0	890
0	439
0	65
0	15
229	3616
15	2771
3	2398
4	3206
1	22
2	445
1	602
29	252
92	0
6	9
0	2
0	1
0	0
0	0
0	3
0	3
0	0
0	0
0	0
20	7
29	208
0	158
2	162
0	142
0	23
3	114
2	31
0	47
0	27
0	35
1	0
0	25
1	14
0	4
0	0
0	24
0	6
0	6
3	0
0	0
96	0
421	43
1	1
1275	0
0	14
1	7
5	12
0	1
0	14
0	52
6	52
1	0
2	0
0	0
0	0
89	9151
8	15
20	1975
0	8357
26	1567
42	1761
37	80
75	3317
9	1610
31	1876
25	575
44	38
3	276
2	1875
8	376
0	1291
0	1633
0	1782
0	621
47	2927
0	265
0	1523
0	1469
5	213
0	212
136	121
6	540
11	157
1	1763
0	1786
0	1521
1421	2494
71	1312
7	1168
1	17
15	1023
4	57
155	556
0	95
26	540
17	47
0	9
21	622
7	77
1	590
6	54
1	530
29	45
30	523
208	380
2	355
3	40
3	14
1	131
1	13
6	10
0	40
17	36
15	12
0	0
0	0
5	33
0	1
0	1
0	1
0	0
36	229
391	388
3	234
0	162
0	0
0	14
0	14
0	1
1	0
0	2
0	0
0	10
5	36
35	191
0	626
0	2
1	618
1	3
1	45
0	631
0	5
0	5
0	2
0	0
0	0
1	3
1	1
0	1
0	0
0	0
121	284
19	277
0	27
62	3
9	31
8	16
0	107
0	134
0	3098
833	5625
4	4710
26	9
963	5684
2	5703
79	244
0	5081
1	2858
11	5636
30	5625
7	2663
41	812
2	204
4	10
1	11
4	17
0	0
0	8
3	7
1	1
0	1
2	0
4	17
0	1
1	0
0	2749
2	2749
5	2185
0	2030
23	1629
2	1618
0	1197
0	1494
9	33
0	948
4	156
8	983
30	770
1	842
1	653
7	539
8	70
4	780
0	122
4	589
0	38
14	789
4	574
6	747
19	241
0	295
1	713
175	273
0	38
0	22
0	598
0	2
0	2
0	2
0	2
0	2
6	12
10	12
0	0
2	52
0	0
0	0
0	0
0	11
1	11
0	0
3	0
513	128
2	86
0	0
0	0
0	0
0	0
203	101
4	74
4	31
4	68
17	3
0	0
0	0
0	0
0	0
54	1609
4	164
2	630
1	714
5	1609
2	326
18	114
2	788
0	4672
0	697
0	71
0	3471
0	26
0	134
0	532
0	529
0	664
0	514
0	270
0	564
0	539
0	176
0	1
70	6
0	6
511	191
1	153
5	182
91	1618
0	425
5	300
14	366
42	38
46	308
53	85
116	405
55	158
20	137
47	216
34	1517
5	1040
13	1235
4	1094
36	1021
19	59
4	84
6	19
65	23
0	16
18	204
10	223
0	190
56	141
0	354
22	265
0	310
4	109
1	56
625	562
35	479
15	386
10	13
0	198
0	198
0	0
0	0
13	522
0	563
2	71
0	922
6	530
13	156
0	597
0	46
2	968
18	3
0	3
35	6
32	45
0	1
110	46
0	0
3	0
491	33
0	33
773	11
1	11
0	46
0	46
0	24
0	46
0	46
0	22
0	0
0	0
0	5
0	1
436	1682
32	358
1	827
10	293
0	357
0	100
0	134
4	0
3	5
3	6
0	0
3	14
3	29
3	60
6	36
1	738
2	26
5	23
4	26
1	74
0	11
0	63
252	1729
0	1080
12	186
10	256
9	648
0	364
689	48
12	13
4	16
0	15
0	15
0	15
0	15
0	12
0	15
0	11
0	14
0	14
0	0
0	0
0	0
0	0
0	0
0	0
0	0
0	0
0	0
0	0
0	15
0	0
0	0
0	0
0	1
2	21
0	17
0	0
0	0
0	4
0	7
0	0
0	7
0	0
0	0
0	0
0	0
0	0
0	0
0	0
0	0
1	0
0	0
0	0
0	0
0	0
0	0
3	115
0	91
0	84
0	67
0	91
138	1011
48	76
1	116
0	1195
5	63
1356	1428
20	161
0	1276
33	1148
28	50
16	103
2	17
0	126
0	149
0	149
0	0
1	67
0	73
106	173
4	74
8	80
0	39
0	15
0	10
0	14
0	0
1	16
0	12
0	13
0	9
1	8
0	4
0	4
0	4
0	4
0	7
0	4
0	3
0	5
0	2
0	3
0	3
0	1
6	0
0	0
0	0
0	0
1	0
0	0
1	3
1	1
0	1
6	0
2	1
0	0
5	491
2	187
0	663
31	556
6	556
5	653
24	247
0	331
9	250
1	237
8	102
2	12
4	324
1	217
5	3145
16	2927
15	129
1	75
1	2782
16	200
1	162
0	179
3	199
0	10
2	15
3	8
0	14
8	43
1	1
0	33
1	41
0	7
0	7
0	6
34	60
1	66
0	5
0	31
96	144
0	15
0	78
157	4937
0	2789
4	3946
0	2103
19	5
0	4210
2	6690
5	850
0	4865
0	5718
3	5601
117	1236
0	2282
4	1447
4	941
17	2459
0	6285
0	5260
0	3234
0	1083
108	1172
18	305
128	130
2	108
7	50
2	46
0	20
0	18
2	17
1	0
27	191
0	33
7	160
10	146
0	29
0	7
1	11
27	81
0	50
0	21
3	4
12	6
4	2
0	2
0	43
6	8
0	131
0	434
0	45
0	2
0	37
3	7
0	5
2	0
0	11
0	0
0	11
0	9
0	2584
0	1350
13	0
137	0
18	31
1	12
0	29
0	11
0	12
17	19
0	17
3	8
0	7
0	4
20	6
4	4
0	3
0	2
0	11
0	3
0	0
2	2
0	44
0	470
0	64
36	519
0	541
177	2354
85	648
24	1287
5	263
1	54
0	195
7	350
21	62
31	51
8	594
0	1995
1109	1604
2	256
0	472
38	636
7	80
31	1354
1748	2416
0	55
79	271
2	1667
15	45
0	803
25	760
0	0
0	0
0	0
0	64
1	45
2	45
1	78
0	3
1	10
3	35
0	1
0	20
0	0
0	17
2	8
1	15
0	14
0	0
0	14
2400	1811
4	310
6	1508
1	1409
33	0
1061	1609
14	1088
2	349
0	153
63	417
0	96
6	906
36	80
0	321
30	120
27	24
0	3
3	28
11	86
3	68
14	83
16	240
0	80
1	144
2	77
55	49
7	26
0	18
0	19
13	82
123	363
4	31
0	108
0	128
14	0
0	349
0	21
0	0
0	14
0	19
0	31
0	3
0	19
0	14
0	0
0	0
0	0
0	0
0	27
1	244
0	213
0	32
2	30
0	55
0	42
1	21
18	126
2	99
0	25
1	152
0	246
0	12
5	150
0	95
0	18
0	8
0	15
3	0
0	12
0	185
9	0
0	0
0	0
0	0
0	0
0	0
2220	0
11	52
4	45
3	9
0	28
0	49
18	38
0	14
0	272
507	549
5	429
1	361
0	307
2	175
5	24
1	12
10	19
212	193
0	10
7	183
19	37
0	0
11	0
4	138
8	872
47	873
11	95
3	322
1	47
8	75
0	153
0	126
12	142
4	25
4	95
189	185
7	88
0	9
50	231
9	132
77	182
100	48
984	3512
7	613
2	148
0	2357
5	175
0	638
8	262
1	130
9	91
22	977
0	0
0	0
0	0
0	0
0	0
0	0
0	0
0	0
0	0
0	0
0	0
0	0
0	0
0	0
0	0
0	0
0	0
0	0
0	0
0	0
28	5185
15	135
66	80
0	1817
22	1314
17	92
17	892
48	4921
0	4399
1	8
5	240
4	100
3	155
9	203
20	1448
22	46
12	1
13	15
9	359
1	0
0	38
14	128
82	4642
29	213
161	317
4	8
22	111
1	0
1191	25
41	496
0	367
7	222
5	341
21	169
3	24
0	32
3	29
0	65
3	0
34	59
12	39
354	1396
35	354
0	758
0	510
16	256
151	360
0	602
3	230
35	315
1	1067
0	858
21	975
4	653
142	893
0	731
6	122
2	46
55	274
0	26
0	171
5	214
1	43
0	226
26	198
106	177
15	142
8	18
0	0
0	0
0	0
0	17099
0	196
0	14834
0	12389
0	401
0	1386
0	778
0	32
0	603
0	969
0	1229
0	2875
0	1763
0	2587
0	46
0	52
0	24
0	45
0	1
0	21
0	37
0	1
1	43
0	40
0	4
0	17
1	4
0	36
0	40
859	1857
0	1584
0	332
1	327
0	346
11	7
0	0
0	2098
6	1910
17	1966
1	1022
5	289
6	57
5	28
0	5
0	7
5	4
0	72
0	25
0	15
33	1
0	2098
14	548
5	380
9	583
0	382
1	382
50	29
1	158
0	276
1	19
0	37
2	2
33	104
1	83
3	44
0	32
0	12
15	2
1	0
0	0
0	0
0	6
0	1
0	2
0	2
0	2
18	10
6	421
0	70
20	787
2	747
0	795
12	43
0	142
2	123
0	1
10	1
6	1
2	2
0	142
0	138
0	1
0	3
0	1
0	3
0	0
0	1
1	2
0	3
4	3
20	0
2	4
24	8
0	0
1	142
28	144
0	0
0	0
64	47
0	20
0	20
0	20
0	20
0	0
0	0
954	985
3	4
0	564
61	519
0	11
1	11
0	56
6	71
0	9
129	87
1	17
0	54
0	86
1	4
0	4
0	4
0	4
0	10
0	86
8	2826
28	2828
6	2736
0	1575
5	105
1	929
68	316
22	251
0	211
27	127
4	43
21	43
3	0
21	6
2	17
2	15
53	358
0	327
17	1567
3	90
9	13
5	91
0	463
10	7
5	447
0	752
0	52
0	633
4	18
0	65
0	66
1	23
1	0
3	71
4	670
0	164
0	114
0	114
0	1421
0	1351
34	72
0	74
0	84
0	72
0	87
0	67
0	66
0	70
0	87
0	83
2	7
2	4
0	3
2	0
21	563
11	992
27	1524
0	601
0	142
4	854
0	740
18	38
0	1
25	96
1	261
1	121
8	50
1	18
0	14
6	15
0	7
7	3
932	1354
5	705
0	1384
0	848
7	46
21	57
17	25
10	232
10	131
2	84
0	120
0	129
0	0
0	0
56	914
52	763
0	592
2	500
0	157
0	240
0	200
0	117
11	122
2	3
8	14
7	10
3	64
12	107
2	15
7	32
1	19
0	20
4	8
4	1
0	11
0	11
0	16
0	15
0	14
0	11
0	0
0	0
0	0
0	0
0	9
0	28
0	8
0	30
0	64
0	3
0	0
0	3
0	0
0	3
0	2
0	1
0	2
0	2
0	3
0	9
0	8
0	9
0	27
0	0
0	0
0	10
0	0
624	1136
4	195
0	78
0	502
23	150
67	1158
0	5
0	583
1	316
0	13
0	0
0	0
0	0
0	0
0	0
0	0
0	0
464	2904
7	1016
31	1313
23	1511
14	96
0	165
0	159
0	41
7	29
14	9
1	81
1	3
2	23
8	34
0	71
15	7
10	48
9	11
1	44
524	776
3	710
6	394
12	4
334	2058
44	1255
63	1946
13	2254
2	89
12	393
0	0
0	0
0	1496
203	14845
21	2380
0	759
0	1674
0	14959
1	14854
0	14624
0	0
37	147
2	7
0	0
17	17
0	0
14	424
1	412
5	430
0	411
6	411
0	413
38	420
1	35
4	1
0	9
0	413
0	411
1	411
81	599
22	582
6	178
0	88
2	2
114	760
0	0
1	0
823	560
13	453
11	243
4	175
0	5
13	41
59	89
0	0
0	0
0	0
0	2571
0	180
22	582
10	509
11	191
27	34
18	8
17	2123
25	269
0	442
1	234
3	584
0	1086
277	1226
26	156
1	425
0	146
18	119
34	225
59	1745
2	532
33	122
0	559
9	147
0	647
0	77
5	82
141	742
3	4
0	96
0	390
4454	142
44	142
0	891
0	0
13	30
0	2
0	2
0	0
4	51
0	0
0	2
0	0
0	0
0	0
0	0
0	0
0	0
89	822
1	48
0	109
3	182
0	158
1	492
51	558
10	46
1	498
13	114
4	103
2	2
0	1
0	1
0	1
0	1
0	1
0	1
0	1
0	1
0	1
0	0
0	0
0	0
0	0
0	0
0	0
0	0
0	0
0	0
0	1
0	0
0	0
0	0
0	1
140	1464
0	1542
8	1248
3	90
110	1233
45	16
8	72
5	254
0	150
0	661
0	135
0	2354
0	1675
0	1295
12	2446
0	75
0	30
0	315
2386	3564
5	3563
69	471
26	0
14	430
0	9
0	6
0	0
0	0
0	0
0	0
0	0
0	0
24	0
297	12530
32	650
0	18849
108	10898
279	16847
0	19595
4	18709
110	1298
18	14042
18	787
556	787
8	518
0	731
12	184
0	187
0	386
3	658
0	709
0	226
37	58
1	209
0	106
18	1
0	2684
44	1598
1	2076
0	2652
14	1661
1	743
0	2656
1	2077
9	121
0	1602
2	320
20	591
60	300
0	176
34	0
0	512
0	524
7	77
39	261
5	577
7	19
19	512
16689	5484
125	2198
55	3070
45	1556
20	273
0	443
28	55
471	1318
135	1087
38	308
2	324
23	157
0	415
0	91
0	1968
0	2021
0	541
0	469
0	207
0	293
0	211
0	110
0	2
0	1771
0	1615
1304	616
4	539
6	14
9	16
4	400
2	88
10	75
0	0
3	0
0	1322
5	29
0	76
11	1222
4	952
0	51
0	732
2	0
3	3
8	9
5	27
110	1253
2	729
5	263
153	2900
0	232
328	3416
0	997
0	234
0	232
17	433
369	1151
0	856
10	267
0	1443
0	173
0	113
72	655
4	640
24	17
0	23
1	989
518	1055
0	11
2	408
2	1089
1	456
58	64
0	767
0	139
20	28
8	92
3	131
10	14
1	1004
0	0
14	4
0	0
0	0
0	0
0	0
0	0
1	0
415	850
18	782
1	114
1	102
4	211
1	80
0	20
2	9
1	1
1	7
6	0
8	13
1112	365
1	68
0	343
1	336
0	0
0	1199
0	31
0	280
0	26
0	10
0	480
0	432
0	462
0	186
0	293
0	3
0	49
0	75
0	32
0	48
0	96
0	19
0	5
0	12
0	46
9	499
36	863
83	882
16	78
23	122
13	103
0	279
0	943
0	943
4	8
0	327
0	270
2	229
1	293
0	1
1	481
7	5
0	0
17	0
0	0
18	58
0	751
0	8
0	0
0	0
17	29
0	280
0	0
0	1
1	278
0	1
0	0
0	0
0	0
0	1
0	1
0	3
0	3
9	1242
9	782
3	2461
0	2365
36	2358
3	2362
0	546
20	506
20	8
10	72
0	407
2	333
17	418
1	0
1	10
0	0
0	0
1	0
0	38
2	1
19	446
332	878
3	27
0	616
0	102
4	452
0	449
26	291
8	74
0	2
21	681
230	1187
16	679
8323	9760
12	1162
45	3980
85	243
8	430
4	878
53	4883
4	4639
15	2870
0	581
0	94
0	2
0	0
0	0
97	410
2699	5187
3	5057
4	338
5	381
1	74
3	2546
0	34
0	33
3	1
0	34
32	683
19	88
3120	1733
5	1440
0	9
0	0
0	0
0	0
0	9
0	0
87	1152
0	1154
15	487
0	836
3	154
0	303
15	94
7	267
5	158
0	18
16	0
13	6
2	853
592	1792
21	1233
1	559
4	21
0	2
1	18
0	18
0	3
439	1437
0	556
2	300
2	287
65	376
3	423
0	202
12	176
1	119
6	130
7	80
0	57
3	75
46	28
2	79
16	23
6	7
0	0
0	4
0	0
3	3
1988	2
2	1
0	1
0	0
2800	4518
17	47
0	4471
0	34
0	34
0	0
0	0
0	2182
0	725
5	337
2	1443
0	1742
7	35
0	254
17	509
1	100
0	152
3	450
0	480
0	37
2	465
1	487
42	1947
31	841
0	810
8	850
0	837
0	660
2	558
7	413
6	525
19	515
0	505
0	466
5	13
5	429
13	39
8	2
8	17
0	8
0	4
1	0
1	3
2	1
8	0
0	1
0	1
0	842
0	837
7	3138
0	2902
6	2412
0	2564
0	1806
0	2486
2	3066
5	2888
112	1854
27	529
2	651
50	512
4	472
17	75
7	132
4	67
11	2
22	24
1	21
0	10
0	0
0	1
1	7
0	23
0	1
0	1
0	0
628	1527
2	417
18	122
1	1536
8	8
8	141
1	321
1	114
0	0
0	0
0	0
2	835
4	273
16	637
44	2925
3	910
1	2779
11	3433
2	136
0	4159
10	3770
35	2998
0	5
0	5
0	5
17	12
0	5
0	5
0	0
0	0
0	0
0	0
0	0
0	0
0	0
0	0
0	0
0	0
0	0
16	25
0	0
0	0
0	0
0	0
0	0
0	0
0	5
0	5
0	0
0	0
0	0
0	0
0	0
0	0
0	0
0	0
0	0
0	0
0	0
7	9001
28	1719
0	8459
11	8086
5	290
12	9
19	1016
9	233
3	35
27	4811
0	342
1	248
0	239
0	86
36	329
0	412
2	133
13	229
1	21
13	46
4	7
7	17
0	23
1	178
3	551
0	18
0	244
0	209
0	30
129	501
0	20
6	9
2	487
1	6
0	10
32	21
0	0
1	0
0	0
0	0
5	0
1	1
0	3
11	3
0	1
430	1254
12	302
2	125
0	42
15	92
5	7
0	1254
1128	294
0	0
0	0
3	5
0	0
549	0
0	842
50	3351
17	2753
0	400
1	193
0	2248
7	1108
2	723
2	99
0	865
7	49
2	150
13	199
4	353
886	490
1	78
11	45
2	119
16	47
11	78
14	4
2	91
3	35
16	155
0	1047
3	934
0	944
0	968
2	963
0	141
0	743
1	946
0	60
0	871
40	0
93	664
0	0
0	0
0	0
2	294
0	1966
2	223
0	476
2	475
56	623
0	69
0	92
3	147
0	2682
0	1780
2	715
0	135
0	1016
9	2379
0	1816
1	149
3	328
0	386
0	925
0	111
31	94
22	398
47	2161
0	2412
0	25
88	1093
1	1792
0	0
1	3
0	14
8	338
2	116
211	477
16	941
0	64
0	309
0	422
135	738
0	1055
0	312
1	681
0	460
0	182
0	150
4	334
52	16
1	90
0	109
0	144
0	130
8	159
53	36
38	51
0	2558
0	763
0	33
0	44
0	417
0	0
0	0
0	0
0	0
0	0
0	0
0	0
0	0
0	0
0	0
0	0
0	0
6	0
0	0
0	0
0	0
0	0
0	3
10	5
0	3
0	0
0	2
0	4
0	48
0	77
0	48
0	0
0	77
24	128
456	186
7	58
3	1192
30	1422
0	983
32	201
0	257
0	891
0	314
0	886
0	128
0	230
1	542
10	219
10	488
0	622
0	11
0	1
0	1
13	72
0	60
43	88
19	350
0	0
0	0
116	2375
35	67
1	1912
18	181
7	2111
5	257
55	183
1	1421
27	6
31	2025
0	1
0	1
0	0
0	0
53	633
0	633
721	641
174	117
3	25
23	3
0	93
2	7
0	4
0	8
0	1
0	0
0	0
0	0
0	0
0	0
0	7
0	7
0	0
0	0
0	0
758	771
30	363
37	258
53	236
1	17
0	0
0	0
0	0
0	0
0	0
0	0
0	0
0	0
0	0
0	0
0	0
0	0
0	0
0	0
0	0
0	0
0	0
0	0
0	0
0	0
0	0
0	0
0	1323
0	49
0	0
0	0
0	0
0	0
0	0
1	92
2	204
1	12
7	105
63	238
4	24
8	53
2	1
0	20
3	48
10	6631
156	6980
2	977
1	3880
1	187
32	5
27	196
14	604
2	297
75	180
0	6940
0	3887
48	1337
0	1906
3	1530
0	321
0	321
0	204
7	204
7	72
6	5
4	886
4	300
1	531
3	73
0	27
0	60
1	2670
2	3898
16	368
8	345
0	168
4	43
61	117
2	132
1	153
13	102
6	105
0	191
639	3450
9	3370
0	1983
6	332
7	291
0	0
54	52
0	0
0	0
0	0
0	0
1395	374
17	338
0	4
0	4
0	4
0	4
0	0
0	4
0	0
0	0
0	0
0	0
0	0
4	2732
11	2323
0	1701
0	1836
1	1789
0	1715
6	128
23	293
25	14
22	466
17	355
115	610
17	310
0	0
0	0
0	0
6	0
0	0
1	0
0	0
0	0
0	0
0	0
0	0
0	0
0	0
0	2732
0	1
0	1
0	0
0	1
0	1
0	1
0	2
749	154
0	24
0	71
0	26
15	119
753	1176
10	1062
4	788
11	129
0	53
84	421
0	427
0	104
0	176
0	49
9	0
4	28
0	24
1	3
1	2
0	6
0	20
0	316
0	996
0	1242
0	1173
0	552
0	10
0	31
0	0
8	56
0	0
0	0
0	0
0	0
2	0
0	24
0	0
11	3002
367	3032
11	642
3	325
31	441
9	300
1	0
0	0
0	0
0	0
2367	266
0	1204
2	1642
3	1842
0	49
1	5
0	70
0	47
0	6
0	0
0	0
0	0
10	10
0	47
0	297
0	1
0	1
0	1
0	1
0	1
0	0
0	1
63	30
0	22
0	24
15	69
0	0
0	0
1	21
0	0
0	0
0	0
0	0
0	0
0	0
0	0
0	0
502	4179
0	14
1	139
1	1
0	100
11	0
1	0
0	1
41	2854
254	2476
98	2480
0	659
4	566
2	2993
118	4215
0	17
0	1145
0	1398
0	9012
0	8989
59	7776
125	938
0	4806
0	6
2	0
0	6
16	26
0	25
0	1
1	24
0	1
37	121
0	19
0	123
1	121
0	0
2	4
0	19
0	130
8	433
1	426
0	46
6	10
0	0
13	54
9	54
1	408
4	71
1	80
0	110
0	135
99	160
20	84
2	182
6	95
0	137
1	58
0	6
4	98
1	60
0	17
0	72
0	43
0	10
1	19
9	21
940	1226
0	6
6	1148
62	314
11	39
6	704
2	0
83	2566
604	2566
56	3254
0	2447
0	2604
16	2203
13	368
0	446
11	584
0	14
0	19
0	35
0	3
0	0
0	4
0	26
0	35
1	0
0	0
0	0
0	0
11	700
0	961
7	787
0	170
0	36
0	17
0	188
0	17
0	16
0	133
0	82
0	20
0	4
0	6
0	18
0	6
23	39
0	12
0	0
0	15
0	0
0	0
148	341
1	347
1	46
13	5
0	0
0	0
0	1
0	0
0	5
0	5
1	1
242	2134
13	2132
332	855
0	0
0	0
71	437
507	343
2	179
0	108
0	0
1	381
3	382
6	277
19	20
0	2143
0	1429
0	1501
0	865
0	61
0	137
0	140
0	271
0	46
0	71
0	492
0	152
0	6
0	204
0	15
163	177
2582	224
48	229
84	15
0	0
0	0
0	1
0	1
0	4
0	2
0	3
0	3
0	0
0	0
0	0
0	0
0	0
4459	3507
90	3487
129	57
294	3425
39	3148
37	137
21	150
19	147
0	2519
20	2968
0	1536
0	1740
0	757
0	1584
0	24
0	1687
0	1703
0	18
0	17
0	15
0	5
0	0
0	0
0	1
0	4
0	21
1411	624
4	62
2	1
10	197
6	162
2	23
0	83
302	234
0	47
502	498
4	498
758	0
0	2137
0	0
16	14
0	0
0	0
0	1
61	2401
73	450
0	538
13	410
0	180
11	0
10	0
0	21
1	7
1	2
5	2230
0	2475
6526	19
0	188
0	35
15	468
1	137
1	285
9	0
10	235
0	87
35	166
475	4975
36	3793
0	127
3	98
0	3698
114	4193
0	77
18	4277
3	4877
4	4585
0	168
0	3017
3	524
16	169
13	81
0	1374
21	566
500	1349
0	15
4	984
5	1
0	98
4	8
5	4
23	33
8	15
3	145
0	194
1	41
2	40
0	30
0	2
0	3
0	3
0	0
0	3
0	9
0	0
0	3
0	28
0	8
0	2
0	1
0	64
0	2
0	27
0	8
0	9
0	9
12	145
53	135
0	128
1	81
1	112
160	5748
20	70
12	3370
8	217
11	5798
9	48
0	3428
2	20
1	197
3	122
2	4073
7	175
1	5706
0	303
0	91
0	166
1	2
0	5707
1	221
0	392
0	85
3	830
2	2317
8	551
3	196
0	890
1	241
0	4708
1	799
19	1413
0	2369
0	396
0	2372
0	532
1	624
0	6
2	345
1	886
3	4695
5	177
0	478
38	302
17	115
35	193
109	5792
0	5969
31	2
1	7
0	7
331	5596
204	5576
48	39
37	701
9	56
4	773
12	258
5	46
35	119
19	630
90	629
54	2039
3	1250
829	2544
0	1427
44	2004
18	1
0	2
0	0
0	2
5	17
0	43
63	841
1	120
4	838
0	57
0	77
3	1216
1	64
0	7
4	578
0	697
9	733
2	570
3	0
10	128
16	163
18	151
0	339
34	1161
0	1219
0	0
0	0
0	0
2	2
0	0
0	0
0	0
33	49
534	592
1	596
6	518
3	0
1	13
5	69
0	0
0	0
0	0
0	5
0	5
0	5
0	0
0	3
0	0
0	11
0	1
0	3
55	0
0	7
51	778
2	752
2	706
1	9
3	33
5	595
5	2
15	0
5	10
0	771
4	630
0	670
22	669
93	475
9	14
7	72
1	379
2	31
0	102
5	669
279	1491
0	360
62	1456
11	334
21	85
11	52
98	2
3	0
2	32
466	391
47	100
0	296
2	12
2	75
0	0
7	29
0	0
0	0
0	0
0	0
0	0
0	0
0	0
0	0
0	0
0	0
0	0
0	0
0	0
0	0
0	0
0	0
0	0
0	0
0	0
0	0
0	0
0	0
0	0
0	0
0	0
0	0
0	0
462	7629
0	7591
30	437
3	1246
58	7161
122	45
13	7
3	282
0	10
1	155
4	144
1	36
11	26
0	0
0	0
0	0
0	0
7	218
0	853
0	605
0	198
17	776
4	881
1	859
14	215
54	852
0	380
0	632
0	263
0	160
2	516
2	577
0	242
0	124
0	434
0	122
3	202
0	169
0	122
1	127
14	100
0	212
0	26
15	6
0	92
0	0
0	722
0	2
0	0
0	0
447	17459
10360	17605
0	17206
139	9862
404	17360
1084	7088
2	12805
186	135
0	0
0	0
0	0
330	3981
10	3532
3	1531
4	71
0	55
3	179
2	0
2	22
0	1
3	2
1	0
43	4
1	4174
16	584
66	327
4	90
32	55
0	13
0	112
0	97
1	20
0	23
1	8
0	0
4	233
1	0
147	2466
41	2466
13	36
1	36
9	193
0	499
113	647
2	1103
8	442
52	241
15	408
1	464
12	348
5	247
8	72
2	173
5	341
0	415
1	12
1	0
0	1012
0	5729
473	7366
0	4
0	1046
63	449
14	335
5	293
7	699
26	785
2	373
34	93
21	5891
7	0
0	0
57	7573
736	1720
30	919
1	1178
8	6789
14	789
11	1322
15	710
12	801
0	2078
0	1771
1	1
1	6
3	1584
15	14
2	35
4	58
1	13
16	9
0	296
15	384
6	71
3	44
0	16
0	12
0	263
6	2
0	1
0	0
0	0
11	410
2	1699
0	2012
6	2420
0	2114
29	19
35	233
6	194
14	125
17	365
2	285
29	932
9	177
0	371
0	513
0	395
0	373
0	364
0	416
0	0
0	1
607	1002
100	893
0	881
7	14
3	57
4	25
7	26
98	223
43	1954
11	2206
0	2382
0	2396
0	2106
8	20
6	48
3	49
4	74
0	20
10	19
16	198
1	2
27	156
0	9
48	69
15	12
0	836
5	2411
0	0
69	818
0	111
0	64
0	270
47	43
0	0
2	0
0	0
0	2
1465	1230
3	226
10	1062
1	1069
20	1054
3	710
0	0
4	106
0	95
3	51
1	186
17	2875
2	1831
0	193
0	253
80	1418
3	126
0	1657
2	5
0	188
0	165
0	311
0	553
0	109
3	196
1	1164
1	18
0	1258
0	2199
498	191
0	36
0	134
0	8
339	65
0	13
1	0
0	5
1	2
4	28
0	11
0	42
0	2
0	63
18	1368
1	1139
29	244
0	0
0	97
5	60
7	137
29	481
0	90
0	118
12	71
0	44
3	19
4	0
0	181
0	134
0	930
714	4694
38	4127
61	1889
102	1246
0	583
43	1826
2499	3214
9	184
8	11
3	34
14	2628
12	718
0	1849
15	1850
58	1927
0	96
3	44
16	112
19	195
4	249
1	159
16	51
3	328
2	12
0	3
13	654
0	696
0	726
9	437
1	370
3	663
341	2449
0	1946
46	2425
0	2398
35	2376
8	337
19	508
0	340
19	237
2	380
1	275
1	271
1	222
2	10
6	107
9	28
32	2376
8	205
4	89
9	259
7	649
0	153
5	11
13	29
13	44
7	90
0	250
155	51
92	2370
20	1310
0	0
0	0
1	8
0	0
0	0
0	0
1	8
0	0
0	0
0	0
0	2
0	8
0	0
1	232
5	0
4	5298
8	130
10	479
0	126
0	176
49	4811
0	5236
6	260
0	223
20	1
57	215
33	3
214	2488
18	94
9	3
61	477
0	5292
0	4867
5	276
0	987
0	892
0	383
0	812
0	474
57	357
34	918
9	569
22	297
5	113
5	27
16	296
3	17
3	26
7	361
69	815
100	619
9	357
80	235
34	388
6	51
11	336
16	303
13	331
3	359
0	253
0	232
0	252
0	131
0	303
0	185
1385	791
1	10
5	89
3	586
1	511
2	569
196	0
0	96
1	205
8	22
0	34
3	110
2	50
5	0
1	138
0	0
0	0
0	0
0	0
15	464
0	464
0	509
81	497
84	258
0	158
51	4467
0	2245
3	2126
25	522
0	413
2	107
0	135
342	1376
0	142
11	224
0	182
0	170
0	137
2	424
53	68
0	190
8	89
0	420
7	224
0	118
5	73
46	39
0	39
0	34
0	15
1	40
0	30
0	40
0	11
0	20
0	17
0	18
0	0
0	35
0	40
7	1645
55	2679
0	70
17	152
0	19
0	102
3	369
5	632
0	499
0	82
0	82
2	135
9	21
24	11
12	104
30	61
13	16
5	79
0	796
0	575
167	347
12	173
0	189
2	194
0	165
0	161
0	121
17	202
3	92
4	111
15	18
7	41
17	41
0	912
1	469
0	0
0	856
0	890
0	0
0	19
40	36
0	19
0	0
0	0
0	0
0	0
0	0
0	3
0	3
0	3
0	3
0	4
0	3
0	3
0	0
0	0
0	0
0	0
0	3
0	3
0	3
0	148
0	130
0	34
2	70
2	73
14	32
40	69
0	1
246	823
7	823
0	0
0	326
80	770
0	788
0	353
0	54
374	309
0	5
30	440
48	658
3	748
16	357
2	394
0	254
1	215
156	46
6	33
12	4
0	109
0	185
7	996
10	982
3	1850
1	66
6	1827
0	1546
0	1827
0	1654
0	1575
5	1095
0	1273
0	1615
0	1333
1	1259
0	94
0	1514
0	1410
0	1793
0	64
0	109
0	1142
0	7
0	87
0	1156
5	13
30	683
40	514
0	571
0	1582
10	17
65	178
3	38
0	2
0	345
3	198
3	16
6	18
4	2
61	717
0	480
0	699
25	49
0	32
0	0
0	0
0	0
73	1511
10	315
5	626
123	1334
8	215
2	72
0	443
5	561
4	168
0	6542
2	6611
0	5197
6	4987
6	4519
0	4893
6	5287
2	4812
2	4882
0	4759
1	5248
1	4449
3	5752
66	5461
60	5786
4	5388
0	2108
0	39
0	531
35	883
55	19
0	171
123	2680
0	2686
49	116
657	2704
2	174
863	651
82	153
13	0
13	33
0	37
36	7
1	3
2	4
21	61
1	32
0	1
2	3
0	7
88	51
13	777
28	894
1	657
1	53
0	61
6	559
0	84
3	44
0	47
0	804
0	60
3	52
26	17
3	15
1	1
2	63
3	139
0	1
0	0
0	0
0	0
4	20
26	15
3	21
0	88
20	26
14	88
1	31
0	26
23	41
7	14
7	35
6	4
0	34
7	3
12	33
0	0
0	0
0	0
0	0
33	0
10	601
68	3045
207	2133
0	1081
2	1729
5	2513
9	59
1	553
6	820
0	5
5	1450
35	48
0	1557
4	1547
2	69
4	2155
0	6
0	6
3	9
0	6
0	6
0	0
0	0
0	0
13	14
0	0
1	0
0	6
0	5
0	0
0	0
0	5
1	0
0	0
0	10
0	0
0	0
0	0
0	0
0	0
0	2
0	0
0	4
0	125
0	125
17	125
0	0
0	0
2	34
0	0
0	0
0	0
0	0
0	0
0	0
0	0
2	32
2	45
20	2042
8	2144
84	194
1	107
5	15
0	175
0	195
0	65
27	94
6	1588
19	101
14	1046
3	0
119	1252
12	1
0	876
41	475
20	50
5	145
1220	1025
38	357
20	684
0	0
0	0
0	0
0	0
1120	1997
0	907
0	2007
0	270
17	1215
18	1331
5	1293
48	1320
0	251
18	59
25	653
15	14
22	6
30	308
0	45
1	19
0	1
0	28
0	20
0	4
0	12
0	0
1	0
0	296
15	186
0	7
1	14
0	56
0	53
0	14
5	9
0	32
0	56
0	1
0	44
0	7
2	15
3	10
1	189
0	3486
0	207
0	414
0	725
0	258
0	313
0	131
0	190
0	99
0	345
0	2063
0	326
0	160
0	65
0	177
0	87
0	13
0	13
1	16
2	168
2	20
143	230
6	2
0	130
0	62
16	34
5	19
5	19
0	17
0	2
3	4
0	8
0	5
0	6
0	4
1	2
0	2
1	112
39	117
119	504
0	326
10	132
17	94
202	0
37	692
2	1482
0	688
2	10
4	18
3	5
0	1471
2	0
0	0
0	0
0	0
3	0
570	339
13	251
28	8
12	265
0	6539
0	7849
0	6942
0	6558
0	223
0	6538
0	2262
0	1343
0	3642
0	202
0	5687
0	3068
0	365
0	2140
0	75
8	15
13	15
0	15
3	15
74	0
5	321
0	363
19	413
0	322
0	0
0	91
0	202
0	166
0	139
0	39
0	18
0	5
0	16
0	1
0	0
0	0
0	0
0	0
0	199
10	598
0	82
83	587
2	23
1	130
12	3
83	492
72	55
0	7
16	3
0	18
26	440
171	267
0	199
0	236
2	396
19	473
0	541
0	423
2	155
11	167
40	141
1	142
0	54
20	44
8	116
0	11
0	332
0	0
0	0
0	380
3	3
13	178
37	31
1	79
30	132
2	77
2	20
3	4
0	9
1	6
4	4
1	4
2	2
2	13
2	17
6	40
0	7
0	18638
15	12040
0	7349
37	4719
4314	1621
13	1628
10	1429
1	1359
2	20
1	7
2	41
7	469
8	10
87	561
0	468
2	1
4	57
6	14
3	35
0	72
5	59
8	34
15	24
0	1357
51	833
5	828
11	85
9	212
0	2
1	47
80	199
0	22
0	4
5	40
0	3
286	586
0	593
7	240
1	7
3	0
1	5
23	19
932	96
14	30
0	0
6	906
19	183
1	680
2	60
10	782
1	0
23	181
7	254
46	0
0	0
0	24
1	104
46	70
0	7
0	20
0	66
25	104
0	15
0	15
12	20
0	7
15	12
0	12
50	55
24	29
1	43
2	20
6	15
0	4
4	22
7	1735
3	1756
1	536
19	1565
38	23
4	647
11	739
4	207
0	482
1	516
2	406
46	15
206	127
3	351
2	25
11	2015
266	111
10	19
1	7
0	58
1	10
0	30
6	16
16	6179
1	21
8	35
28	311
5	179
27	3060
0	3340
12	5489
21	5091
0	5805
0	5026
1	2882
2	5610
0	211
11	111
1	422
0	278
56	9
1	2073
2	199
1	317
64	2542
16	30
8	240
8	222
0	120
0	1
722	1547
10	1221
0	327
5	288
49	21
0	0
36	210
1	35
2	26
26	12
12	111
0	215
0	15
0	14
0	9
0	14
0	11
0	3
0	1
1	1
0	3
0	0
0	0
1107	0
507	228
13	221
0	54
14	28
0	1
6	0
0	2
3	0
0	0
0	0
0	7
0	0
0	5
0	5
0	2
0	7
0	0
0	2
0	0
0	0
0	0
0	0
0	9
0	7
0	37
0	39
0	0
0	2
0	2
0	0
0	0
0	2
0	2
0	0
0	0
3	4
2384	13524
92	13524
0	18381
0	6313
0	289
0	1532
0	2792
0	911
0	15419
0	16601
0	16631
0	0
11	2
0	2
93	8
0	4
111	78
6	78
0	26
0	45
4	52
0	16
0	1
0	0
0	0
0	0
0	0
0	20
1	1
0	7
0	23
0	5
0	3
0	14
0	42
0	1
0	88
0	7
0	7
0	2
1	0
0	0
0	0
0	0
0	0
10	10
0	0
42	1053
17	1145
19	455
7	885
40	168
121	196
0	223
11	3121
497	3540
0	423
6	3124
57	24
0	18
107	0
22	399
10	16
0	3127
8	886
0	3127
0	0
0	0
38	1
2	1
0	1
244	7011
68	5013
72	1150
65	1252
14	430
19	208
52	166
13	425
0	0
1	3
0	0
5	18
1	18
0	0
0	0
0	0
0	0
0	0
0	0
0	0
0	0
0	0
0	0
0	0
0	0
0	0
0	0
0	0
0	0
0	0
0	0
0	0
0	0
7	271
0	246
0	14
0	105
0	205
0	226
6	121
0	89
0	29
10	27
0	0
0	238
0	69
0	21
0	99
4	48
10	38
102	74
0	10
0	42
0	0
0	0
0	18
33	18
0	0
7	385
4	494
43	602
2	7
48	458
12	0
0	8
0	46
0	6
0	59
10	15
0	6
0	16
4	3
2	0
0	18
1	1
0	2
0	47
0	0
0	1
328	2867
64	2728
39	756
8	1586
5	1664
35	2220
0	2220
105	102
9748	686
0	730
4	204
6	504
1	355
7	64
8	78
7	340
4	66
0	14
2	420
0	101
15	0
0	202
0	126
3	135
1	83
3	3
38	0
0	0
19	541
22	571
20	0
70	417
2	285
0	285
9	395
42	28
15	12
0	0
2	0
2	1
0	14
0	1
15	12
0	631
1	28
0	27
17	10
14	15
5	17
4	24
5	17
8	18
87	3134
20	185
0	1541
9	0
1	3074
1	203
2	184
6	209
5	38
9	49
254	2126
1	1921
2	0
3	0
2	37
1	116
21	228
0	46
1	18
10	0
3	0
6	125
10	583
1	2
0	5
0	6
0	3
0	0
0	0
0	5
0	0
3	25
0	25
0	20
0	25
0	0
15	24
0	0
0	1
0	1
0	0
0	1
0	0
28	1
0	0
1	0
0	23
1782	92
31	109
0	1
0	1
91	292
77	259
0	300
56	4
7	35
4	237
0	70
0	284
4	29
4	31
2	248
0	81
4	132
3	108
6	31
31	101
0	213
18	1197
73	486
4	91
0	86
4	139
3	87
26	1197
13	0
2	0
0	0
46	552
83	2155
0	1582
84	87
1	1235
4	489
55	1290
194	884
6	1180
1	209
47	151
26	0
175	19
9	0
1	0
0	0
7	8
0	0
777	77
0	1
4	76
0	5
0	44
0	720
12	1
3	103
1	291
695	749
3	48
0	0
2	48
0	28
8	5
1357	6206
31	2618
162	3614
419	1126
5	1741
0	85
3	151
1	165
2	146
140	250
27	158
1	30
2	9
0	8
3	11
0	1
0	1
4	10
1	47
0	156
2	235
1	229
0	227
2	233
0	0
42	32
0	0
7	3486
0	4175
29	3855
11	104
9	858
3	518
0	1184
0	532
16	389
33	3414
292	571
1	515
0	542
2	531
0	478
0	519
0	578
1	516
0	448
21	540
0	472
1	457
4	8
2	6
8	23
2	25
0	23
0	15
0	19
0	6
88	1127
45	1124
0	58
4	48
41	298
0	27
1	103
0	7
14	25
3	19
1	6
0	0
0	0
0	0
0	0
0	0
0	0
0	0
0	0
0	0
0	0
8	332
0	1926
129	2910
0	243
0	1119
0	353
0	95
2	22
72	627
0	237
0	219
0	523
0	257
173	24
14	5
2	738
277	1037
4	983
1	6
14	6
0	0
0	0
0	0
0	0
0	0
1022	545
0	266
2	191
1	342
0	261
7	522
0	99
0	0
0	13
0	1
0	2
0	0
0	13
0	2
0	3
0	1
0	0
6	11
0	14
0	1
0	0
0	1
0	0
0	14
0	98
0	245
0	284
0	306
0	134
0	281
0	114
0	32
0	14
0	286
0	316
2	4
0	3
0	3
0	0
266	1324
12	1293
7	58
0	17
11	4
8	266
9	185
0	49
26	22
0	3652
13	4070
6	89
2	2591
353	2402
8	2762
12	2590
67	2094
55	641
2	563
7	333
0	225
0	210
2	86
37	10
0	0
0	43
0	43
0	0
0	1
0	1
0	0
0	0
0	1
0	0
0	0
0	0
0	0
0	0
0	1
0	1
0	1
0	1
23	16
0	4
0	16
0	12
110	676
0	504
0	249
54	407
1	395
0	142
7	132
1	239
3	217
0	110
1	0
0	110
2	171
2	163
9	36
49	46
0	370
0	2244
111	2324
1062	2453
2	79
0	41
0	0
0	13
3	204
5	160
2	340
4	113
0	339
0	19
2	0
5	84
4	251
0	3
1	115
10	96
1242	352
31	216
2	244
26	258
39	152
106	211
17	196
10	93
9	96
29	6
5	4
6	4
5	2
57	98
24	545
67	578
3	78
20	120
16	37
0	2939
0	1326
0	1631
0	2790
0	1401
0	2573
0	2668
0	1375
0	1625
0	2319
0	0
0	0
0	0
0	0
0	0
0	0
0	0
3	37
1	37
0	0
0	0
0	0
0	0
0	0
0	0
0	0
0	0
0	0
0	12
0	4392
0	216
0	772
0	4381
0	2726
0	4334
0	3388
0	3377
0	1175
0	249
0	555
0	1111
0	681
6	595
10	587
2	21
0	20
0	2
0	4
3	590
0	0
0	0
0	0
0	945
0	357
0	1057
0	708
0	380
0	54
0	115
0	5828
0	4814
0	6498
0	2295
0	978
0	873
0	363
0	334
0	126
0	34
0	92
0	189
0	272
0	282
0	7
0	49
0	128
0	76
0	23
24	450
8	535
49	670
0	508
2	602
4	220
1	62
2	138
16	193
0	6
1	60
0	41
12	41
2	12
4036	1730
1	795
12	109
0	2
0	0
0	0
823	3
1469	11
28	0
0	0
0	0
29	985
3	42
1	955
3	847
1	79
0	88
15	0
0	370
2	18
3	96
0	0
2	268
18	4
7	81
0	1001
0	15
0	18
0	8
2	41
64	372
0	27
0	23
13	33
27	51
0	8
0	1
0	21
0	333
0	15
0	15
7	305
1	16
0	11
0	0
0	1
0	1
0	78
0	1
0	218
0	54
0	190
0	153
0	4
0	5
0	2
0	3
0	24
0	139
0	34
0	55
0	8
0	33
0	16
0	18
0	24
0	57
0	413
0	235
0	14
0	34
0	23
0	10
0	7
0	19
0	10
0	7
0	4
193	241
27	241
159	0
8	3976
92	486
21	2816
73	3497
9	8
1	1112
64	39
3	1231
10	1087
1	1046
4	131
2	256
36	99
0	772
5	697
1	695
97	25
52	4146
419	1577
100	1456
14	1227
60	157
194	979
0	56
120	1303
4	99
0	0
0	0
21	528
9	177
60	541
0	547
3	85
5	7
0	177
12	3
0	3
0	1118
0	1050
0	353
0	95
0	237
7	477
0	523
0	257
541	0
4	0
3	17
0	17
3	17
0	2
10	71
3	71
5	29
0	9
0	9
0	7
13	5
0	34
0	4348
0	216
0	517
0	4337
0	2385
0	4291
0	3113
0	3333
118	976
0	249
152	597
0	1111
0	681
124	263
13	296
64	122
0	14
14	5
62	7
6	16
10	0
20	3
9	35
0	57
18	937
168	2237
76	1805
21	1720
236	2261
0	0
0	88
0	815
0	4410
0	58
0	80
0	26
0	106
0	2
10	3797
1	100
4	2
5	90
0	41
0	106
3	243
0	4497
0	158
0	108
0	272
0	190
0	106
4	5
3	47
0	77
1	136
1	4412
0	221
0	909
0	4356
0	37
2	57
0	2339
9	19
12	3144
0	90
0	468
1	108
0	60
0	272
3	354
15	0
0	4374
0	2729
0	336
8	321
4	102
0	73
0	939
3	0
0	18
0	0
0	205
0	649
0	3657
0	4496
0	4395
0	352
124	2498
336	1458
10	1371
19	1532
1	208
35	1178
49	852
62	133
7	195
0	0
0	41
0	38
0	38
0	38
0	38
0	38
0	39
0	38
4280	15744
141	15723
22	21
105	1483
58	2751
116	429
25	3338
1	853
41	2899
37	2
0	2
0	4958
27	4958
4	3219
0	3147
0	2794
2	2725
9	2710
4	2035
4	2564
0	2013
2	2552
0	2521
1	2492
23	2021
3	371
11	29
8	12
3	0
10	49
0	0
0	0
0	0
0	0
0	0
0	0
0	0
0	0
0	0
0	0
15	0
0	0
14	1132
2	1188
4	167
0	748
11	737
43	112
36	1372
0	1231
0	1197
3	812
1	831
2	760
8	558
0	526
1	142
1	61
0	218
18	242
0	96
7	42
4	29
8	188
0	25
0	81
0	22
8	20
0	24
0	27
1	3
1239	3012
1	1235
0	1151
0	85
0	53
0	1668
5	1057
2	743
3	248
0	408
4	30
0	169
0	136
0	3
0	4
1	4
2	0
12	8
353	100
7	70
26	2
85	50
27	1
12	668
18	1249
47	1268
0	429
4	206
6	30
2	59
9	0
1705	1137
0	155
5	122
12	0
10	62
5	802
4	6
0	633
0	543
0	2
0	0
0	0
0	0
0	0
0	0
0	0
0	0
8	0
0	0
4	19
8	11
4023	1921
6	324
24	84
16	603
20	346
6	971
5	1502
0	1472
926	38
4	0
1	37
5	1
4	42
0	1
0	0
676	478
16	65
0	315
4	55
3	180
5	37
226	55
143	0
12	357
0	338
0	331
3	7
0	92
2	30
6	4
0	212
0	197
7712	1839
10	1530
0	0
184	0
2	21
0	0
0	0
0	0
0	0
0	0
0	0
46	107
0	61
3	72
0	40
0	18
0	74
0	77
0	8
14	7
0	0
2	9
4	16
1	34
0	2
0	6
3	4
4	0
0	0
0	0
0	0
0	0
0	0
8	0
0	0
0	0
0	0
0	0
0	0
3	33
1	109
0	0
0	0
0	0
0	0
0	0
0	0
0	0
0	0
0	0
0	0
0	0
0	0
0	482
0	29
17	2
0	0
97	0
0	0
0	0
0	0
0	0
0	0
63	57
23	25
20	30
0	38
76	94
2	0
0	7
0	2
0	2
0	0
0	0
0	0
0	0
0	3
0	5
0	0
0	5
0	0
0	5
0	0
0	3
0	3
0	3
0	0
0	13806
0	7517
2	3237
0	4701
0	5440
0	5657
0	11125
0	3619
0	5402
0	11076
0	1333
0	5211
0	7336
355	2247
21	2235
2	1939
0	2245
0	0
34	0
0	0
0	0
65	290
7	127
0	231
0	200
4	106
0	106
0	118
2	36
10	45
1	42
0	59
2	2
4	43
9	37
17	1
0	5
0	0
0	0
0	1
0	0
36	256
72	682
0	341
529	469
0	42
0	30
23	17
10	9
20	243
3	6
1	28
1	28
4	28
5	28
274	2754
55	2747
22	0
9	64
0	0
2	0
0	0
7	64
0	0
0	0
0	0
0	34
0	0
0	34
0	0
0	0
0	34
0	0
0	0
0	0
975	0
0	1531
0	533
0	1464
0	1363
0	1149
0	501
0	24
0	228
0	47
3	374
0	16
0	74
0	600
0	838
0	811
0	805
0	0
0	0
0	0
0	0
4	1
3	1
0	5
0	2
0	1
0	1
0	1
0	0
0	3
0	5
0	1
58	15
46	2230
47	273
0	4704
3	3589
5	0
2	86
1	45
16	12
0	869
0	1459
18	128
3	48
4	1
10	1
1	68
5	99
5	25
23	382
7	3
0	10
8	2
0	26
3	2723
0	0
0	0
0	10
0	0
2434	3447
0	2733
24	263
1	1320
10	854
4	25
19	434
5	275
0	3025
85	3042
42	1975
3	183
4	6
10	107
33	12
0	3185
0	568
808	639
2	715
219	660
0	6
0	3355
0	3437
40	3007
0	2878
2	188
6	190
1	0
37	459
0	309
14	135
1	39
8	4
314	19
14	3054
0	1
0	1
30	150
1	50
0	132
36	287
1	53
0	245
8	53
0	232
0	1012
0	244
0	353
0	127
0	315
0	509
0	689
0	545
0	500
0	193
0	424
0	634
0	456
0	12
0	2
0	3
0	3
0	2
0	0
0	0
0	0
0	0
0	145
0	0
0	0
0	0
0	84
0	0
0	3
0	0
0	1
535	474
194	262
0	176
2	459
3	460
0	1
3	1
0	1
0	177
0	7
0	0
244	0
0	0
0	0
0	0
0	0
51	221
6	3
1	221
0	0
0	20
0	0
0	0
0	20
0	0
0	0
1	328
0	4
14	6222
21	6519
17	368
31	423
3	243
40	339
30	52
38	6093
22	6102
4	192
9	76
52	314
14	182
7	41
6	62
62	185
12	477
0	803
11	509
0	449
0	486
0	158
0	252
0	66
0	44
0	135
0	59
0	124
0	184
0	519
0	3
0	3
9	1523
1699	2042
36	6
35	1203
27	1043
63	1108
1	781
3	1696
0	8
0	18
1596	2
167	91
4	51
16	31
4	1
9	111
0	111
17	2
0	2
25	216
443	1138
12	685
23	1123
7	417
5	3
1	9
8	245
0	1
185	2222
0	85
0	1280
0	1714
0	1197
0	483
5	734
0	676
0	603
0	93
0	336
0	12
0	30
0	52
42	407
0	1506
43	1168
52	1220
0	167
0	1132
127	464
0	1006
0	1188
4	161
22	7
0	60
10	26
4	2
0	1254
0	2533
0	1854
0	1295
0	2522
0	75
0	30
0	315
0	0
0	0
665	683
19	200
9	530
32	69
0	330
15	104
25	18
366	339
110	305
5	63
2	27
0	0
0	0
0	0
0	0
0	0
0	0
0	0
0	0
0	0
0	0
0	0
4	27
0	27
1	28
1	0
1	0
0	0
0	0
1	1
0	27
0	27
0	0
0	0
3	6
0	6
1	30
3	16
34	39
0	7
1	6
0	24
0	28
4319	131
6	63
22	37
0	0
0	0
27	490
0	478
2	321
8	277
0	354
16	115
1	20
8	21
16	19
0	7
0	435
0	0
0	0
0	0
0	0
0	0
0	0
0	0
0	0
0	0
0	0
0	0
0	0
0	0
0	0
0	0
0	0
59	14
0	2
0	111
0	79
0	89
0	115
0	93
0	77
0	66
0	45
0	59
0	0
0	15
0	13
0	0
0	0
0	0
0	0
0	0
0	0
195	660
0	19
26	425
14	20
0	0
125	33
0	0
0	0
0	0
0	0
0	0
0	0
2	17
0	0
0	0
0	0
0	0
0	0
0	0
0	0
0	0
19	233
5	233
2	230
2	40
0	9
8	18
6	9
5	16
0	8
0	2
3	17
0	2
57	24
59	8
0	7
0	19
0	5
0	5
0	8
0	31
0	34
2	35
2	4
0	0
0	2
0	0
0	0
0	5
0	2
0	1
0	0
0	0
0	0
0	0
0	0
0	0
0	3
0	4
0	4
0	4
0	5
0	3
100	0
41	4
0	1
0	0
1	0
1	0
0	0
0	0
0	0
222	5517
148	5503
26	2
26	6
12	66
3	25
0	0
0	0
0	0
0	0
0	0
0	0
0	0
20	0
0	0
0	0
10	19
0	13
0	0
0	4283
32	4144
1	2403
22	1780
4	1832
61	2472
11	0
0	3247
0	0
0	30
0	7
0	6
0	2
0	4
0	6
0	8
0	0
0	0
0	0
0	0
4	42
0	43
0	28
0	28
0	42
0	0
1	0
0	0
0	0
0	0
1215	0
285	259
0	31
17	215
4	25
13	1
1	65
0	216
23	183
2	61
7	156
0	181
25	172
0	17
0	16
2	0
1	0
0	0
0	1
0	1
0	1
0	1
0	1
0	0
0	1
0	1
5	0
0	0
16	24
30	212
44	355
38	128
0	258
0	10
6	2
1	18
11	4
1	26
0	239
9	44
7	22
41	191
0	15
1	194
3	2
0	5
5	0
0	19
0	2
0	0
0	23
0	10
6	17
1	6
0	3
0	2
2	0
8	9
0	1
1	1
0	0
0	6
478	176
7	176
1	9
7	109
8	88
0	29
3	13
1	12
2	9
4	41
6	7
3	63
0	2
0	1
0	62
0	18
1	86
2	1008
7	760
1	977
8	937
5	842
11	987
1	723
0	518
3	214
0	207
7	152
2	0
8	45
21	50
0	37
12	7
0	0
78	1
2	80
741	7267
53	111
0	6486
51	10
42	743
0	780
1	815
692	3733
12	373
11	786
549	54287
441	25837
2	8410
610	16203
43	34041
6	33586
12	26794
36	34059
4	15538
19	41609
2	23184
4	2258
0	37608
4	30712
64	3511
74	725
162	10710
476	13538
3	12100
2	3850
0	0
0	31
0	0
0	28
50	1909
0	1895
17	2426
0	0
458	2485
0	2267
17	1660
9	1600
22	1642
25	0
71	448
0	2351
0	0
0	0
0	0
0	0
0	0
0	0
0	0
0	0
0	0
0	0
0	0
0	0
0	0
0	0
0	0
0	0
0	0
0	71
0	377
0	92
0	57
0	3
0	93
0	292
420	519
2	427
143	440
0	249
48	343
0	397
5	257
7	2
5	34
0	35
1	3
7	1
1	1
4	0
3	0
3	0
3	2296
179	1406
89	1448
60	1859
19	22
3	159
13	204
49	117
26	90
5	34
133	10
0	39
87	82
13	2296
2	760
167	977
6	41
6	659
15	189
28	97
0	147
15	145
13	596
51	571
2	118
0	47
80	506
0	34
5	3
1	23
2	11
0	0
136	7
3654	1999
0	1462
0	28
17	325
20	65
1281	741
1	176
14	379
13	90
0	1
9	515
159	29
2	333
0	336
7	245
31	17
10	2948
9	4020
32	3
0	468
105	651
0	2802
29	669
12	179
0	3520
0	315
2	709
0	3146
47	43
17	1720
0	49
0	0
0	10
0	0
0	0
9	781
0	150
0	165
0	96
7	521
0	67
2	227
3	489
2	659
0	51
0	59
2	516
0	152
1	60
2	28
0	102
4	117
12	639
0	128
2	16
0	66
18	339
0	430
0	409
1	374
0	61
0	38
0	46
11	22
0	2
0	2
0	2
7	4
1	2
0	0
13	1950
0	1805
2	1973
0	1821
2	200
0	1805
3	72
14	223
20	1637
5	23
0	1334
15	180
8	134
7	848
1	118
12	146
6	105
17	4
0	260
36	15
1	11
0	84
0	231
26	86
0	245
0	53
0	179
0	159
0	148
0	38
0	110
14	104
1	26
0	50
0	0
2	12577
0	6684
0	10797
0	2389
0	1461
0	2506
0	1657
0	792
0	2620
0	1404
0	77
0	0
0	3
0	46
14	486
975	528
6	62
0	0
0	129
0	132
6	158
0	16
5	117
0	123
0	130
0	127
0	123
15	127
0	113
0	126
0	125
0	110
0	82
4	59
0	105
0	98
0	34
0	76
0	55
0	26
0	32
0	36
0	44
0	44
2	7
0	44
0	8
0	36
0	12
0	42
0	19
3	34
0	26
0	25
0	61
0	44
0	20
1	0
4	0
0	25
0	18
0	17
6	19
0	22
0	22
0	4
1	13
0	21
0	30
0	19
0	12
0	10
0	11
0	12
0	8
1	7
0	23
0	7
0	11
0	9
2	0
0	7
0	7
0	21
0	9
0	14
0	9
0	2
0	14
0	9
0	4
0	6
0	3
0	1
0	126
0	62
292	297
0	776
0	765
1	314
0	680
9	480
98	734
1	390
0	655
3	682
9	179
0	75
0	51
0	59
10	6
0	88
37	75
0	1
0	25
0	185
100	169
0	165
8	6
0	115
6	111
0	0
0	0
0	0
0	0
0	6
0	6
0	34
0	239
0	62
0	181
0	205
0	7
0	24
0	52
0	28
0	23
0	0
0	0
2	821
0	3178
0	2866
0	3265
0	2907
0	2811
0	2867
0	2717
0	2781
1	2815
5	85
18	1648
9	30
0	2677
0	119
21	4
18	105
7	2
43	2130
13	688
0	212
16	277
10	136
7	115
28	1462
3	388
3	184
7	245
9	228
0	212
0	141
2	177
7	241
0	122
14	184
5	17
0	107
60	274
6	175
0	2926
0	3141
0	5
7	7
0	1
0	0
0	0
0	0
0	0
0	0
0	0
0	1
0	1
0	8
4	156
0	211
124	270
0	201
2	201
0	183
0	185
0	140
0	100
0	39
0	66
0	46
0	31
0	84
5	79
8	2
1	49
0	57
0	45
13	52
0	19
0	14
0	10
2	1
0	0
0	0
0	0
35	12
3	14
44	53
3	52
6	0
0	17
8	8
21	80
1	1523
1	700
6	111
0	304
5	443
1	1207
0	83
2	124
2	976
3	86
2	273
0	483
1	0
0	828
0	150
0	756
2	854
37	746
0	871
71	705
257	1409
0	1198
14	43
2	129
8	160
1	155
1	92
0	313
0	238
0	71
0	34
0	128
0	293
0	98
0	106
411	2174
2600	2186
8	56
0	3265
0	2877
347	3270
2	7
130	2278
5	105
53	19
5	0
116	660
86	475
3	559
21	416
4	130
0	3
0	28
9	28
0	28
11	9
0	0
0	0
0	0
0	0
0	0
0	0
0	0
0	0
0	0
0	0
0	45
0	1
0	3
0	0
1	471
66	781
51	450
1	300
2	18
1	9
0	20
0	1
20	346
0	338
21	0
0	82
0	94
1	247
292	349
0	2
5	7
10	106
69	399
1	26
0	287
9	404
0	344
8	19
0	4
1	18
0	71
1	0
55	133
4	345
219	1388
5	77
0	192
1	162
0	1036
2	1
0	1387
0	17
0	0
0	0
0	0
0	0
0	0
811	1481
6	556
6	183
0	198
8	1136
0	0
0	0
10	82
5	65
6	75
0	0
0	28
4	1151
125	121
6	1113
0	1214
0	131
29	23
16	48
4	35
0	6
1	7
3	7
0	4
2	80
18	9
8	22
0	37
0	1150
4	1
380	353
25	353
17	353
0	0
71	2752
2	228
0	2007
177	0
0	424
10	106
3	17
3	2817
0	1235
0	23
0	34
0	41
0	54
0	508
0	306
17806	672
0	106
8	486
14	9
23	8
2	0
8	156
0	3
649	1
0	57
4	21
11	474
1	647
14	584
1	20
0	97
0	30
0	76
0	46
1	118
0	518
20	6
0	92
0	91
0	107
16	6
0	12
0	13
0	0
0	0
230	2209
11	1818
50	1705
16	412
30	0
0	557
44	370
6	119
4	340
45	525
207	0
0	0
0	0
0	0
0	0
0	0
0	0
0	0
0	0
0	0
0	0
0	0
0	0
0	0
0	2
706	100
8	84
0	0
0	541
6	876
3	948
2	41
67	956
0	0
0	56
22	91
0	177
2	375
4	232
1	22
1	81
0	385
45	2258
36	2283
2	40
1	1394
2	534
0	1253
17	3
12	197
2	135
0	12
0	46
11	172
9	22
2	25
0	2276
22	7
0	7
0	3
1	815
16	941
60	44
1	1071
2621	1545
1	477
0	211
1	1265
29	210
0	25
1697	714
2	714
7	27
23	13
0	49
8	7457
24	8065
300	6573
4	90
15	1406
338	1031
0	52
54	2771
2	2886
3	1832
53	133
54	156
4	93
4	694
44	76
6	48
78	2212
22	3
52	1693
14	33
8	46
17	5
31	1218
0	2878
0	2299
5	490
1	611
26	466
14	3
66	395
0	0
0	0
0	0
45	1932
103	2916
24	1829
11	1974
5	1666
0	1561
15	402
0	1508
0	395
7	1014
0	64
18	589
79	73
0	73
3	3
1	1
25	20
0	9
7	1644
0	1779
4	1779
13	213
9	189
50	142
20	129
1	99
0	61
38	2
0	1643
0	1
0	1
13	89
0	22
3	92
204	529
14	511
18	370
473	546
1	510
0	327
6	247
0	0
0	0
18	1311
665	1551
1	147
18	376
26	84
0	290
4	2
5	64
0	11
0	5
8	58
12	9
2	10
5	442
0	38
100	203
14	51
17	400
3	433
0	115
0	174
0	70
0	145
0	141
0	48
0	67
0	22
0	165
0	0
0	0
0	0
0	0
0	0
1	0
26	1
6	0
0	1
6	7
0	7
0	0
4	40
1	16
47	54
98	86
4	2
3	58
0	1
2	9
0	0
0	8
0	2
28	15
0	26
0	141
119	248
0	233
0	8
2	185
2	70
0	60
0	86
3	53
0	39
4	27
7	27
11	319
44	3985
43	3028
3	1503
25	2242
23	584
0	6564
0	6276
0	6407
0	6545
0	6407
0	4791
0	3275
0	1065
0	2409
0	2547
0	1686
0	477
0	1104
0	345
0	875
0	141
0	685
0	579
0	131
0	319
0	247
0	199
0	6679
0	6292
0	6522
5	328
8	314
12	179
21	168
0	338
0	11
1	1
0	15
5	29
0	12
4	10
5	676
136	722
9	83
0	933
0	324
0	48
0	184
7	3
65	471
250	4883
22	4987
9	7520
514	11030
48	7624
2	31
76	81
16	107
34	10
47	416
22	112
9	117
4	147
14	19
0	118
9	18
0	47
43	98
1	23
9	93
28	521
89	1644
4	40
0	1435
31	1
16	919
0	50
7	634
4	7
6	2
2	155
0	561
129	1757
0	53
3	58
3	553
17	67
0	246
0	621
0	466
3	1798
0	1458
0	1318
0	145
0	0
0	0
0	11
0	8
1	2
0	3
15	23
0	12
105	22
0	10
538	403
0	37
7	18
2	24
11	17
12	21
35	136
29	202
2	2
211	500
0	384
10	386
4	328
0	275
1	215
0	195
5	132
0	164
6	131
0	97
6	113
0	49
2	72
1	46
0	28
42	47
55	7
57	20
1	14
0	2
0	319
14	557
2	561
1	513
0	25
3	119
41	576
21	179
0	11
2	9
1240	9
36	67
0	117
0	91
0	50
0	61
0	61
0	61
0	107
0	45
0	50
0	49
0	49
0	100
3	55
14	36
0	40
17	98
0	52
0	98
1	100
0	46
0	40
1	51
0	49
0	51
0	51
0	51
0	45
0	42
0	50
0	39
0	49
0	40
3	49
0	53
0	49
0	44
0	48
0	49
0	49
0	51
0	53
0	55
0	50
0	55
0	36
0	50
0	42
0	41
0	32
0	15
0	25
0	16
0	1
2	0
0	10
1	10
0	7
0	1
0	4
0	3
0	4
1	1
0	4
1	1
0	1
0	3
0	0
0	0
0	0
5	2516
9	6776
11	7037
33	7031
58	6686
0	7110
0	7137
31	6685
0	7063
0	7033
0	7006
2	7035
2	4239
4	4298
3	174
0	432
0	4185
30	4225
4	499
5	783
0	381
0	594
5	412
279	67
0	70
8	375
22	380
7	9
1	350
8	11
0	6
0	0
0	18
0	39
0	19
0	4
0	39
0	40
6	0
0	16
0	8
6	36
55	44
0	3
0	12
0	10
0	4
0	0
0	88
0	127
0	50
0	88
0	34
361	6
0	1
0	6
0	0
5	2
2	7
0	2
0	0
0	0
15	42
0	1
0	1
0	0
0	0
0	0
0	0
0	0
0	0
0	0
0	0
0	0
0	0
0	8
1	2
9	16
0	0
4	19
0	0
0	0
0	12
0	0
0	11
0	8
1	0
1	1
0	0
0	42
1	39
0	0
1901	9075
7	8545
21	2232
0	6553
35	1803
28	2557
60	481
63	2491
187	2587
92	259
35	46
2	84
2	117
2	126
0	24
0	1
1	3
0	18
0	18
17	21
28	0
0	0
0	0
0	0
0	0
0	0
1	1440
0	28
1	163
13	612
2	313
0	131
0	298
0	1029
0	217
0	101
25	19
0	361
2	324
0	49
2	12
0	10
0	1
0	2
0	5
0	0
1	0
0	0
0	0
2	25
0	5
22	121
0	0
0	2
0	0
0	3
0	3
0	3
0	3
0	3
328	2045
71	3686
12	1906
2	3054
6	264
21	145
46	123
13	457
11	34
17	88
7	441
21	68
2	27
0	3302
3	13
0	1092
0	19
0	0
0	0
0	0
0	0
0	0
0	0
0	0
0	0
13	733
0	10
10	723
0	57
0	35
0	43
4	713
139	1507
132	1479
10	1295
5	101
4	323
13	429
10	2
108	15
0	1
1	2
0	1
0	1
0	1
0	0
0	0
0	0
0	2
10	57
0	57
89	2784
4	2784
0	809
20	159
18	222
29	311
0	1053
0	0
0	0
0	0
0	0
0	0
3	35
0	29
26	42
0	34
3	33
6	0
1	0
0	0
1	150
0	6
0	63
0	34
13	218
20	223
11	58
0	18
0	74
6	31
0	4
2	79
0	80
0	0
0	80
57	1965
43	789
24	1973
0	1485
16	7
24	14
0	34
1	49
24	30
12	48
7	61
11	944
1	57
5	64
45	106
2	16
19	44
8	50
0	38
13	0
0	493
0	141
0	30
0	32
0	310
0	433
0	77
0	104
0	11
0	59
0	5
0	224
0	35
0	37
0	343
0	11
0	28
0	5
0	1297
51	333
0	1157
3	220
7	1272
2	16
0	225
4	1110
22	1111
18	1258
37	50
19	670
15	275
23	54
0	0
0	0
0	0
2	46
64	1103
10	0
0	1103
2	1
3	1
0	0
0	0
0	0
21	2152
0	1560
4	1661
0	2007
0	496
0	1318
0	594
0	1346
18	13
10	2071
0	192
0	34
2	785
10	170
1	1560
0	0
7	46
18	85
20	162
173	1828
23	1737
106	424
29	246
204	189
0	96
162	251
5	25
0	0
0	67
0	3
0	60
0	37
43	4776
2	8115
45	7847
0	2990
10	203
16	168
6	382
16	345
8	164
67	17
0	4915
1	1
1863	1070
20	1070
0	575
0	0
0	0
41	1246
7	835
5	25
9	10
0	63
20	8
0	684
0	360
0	470
88	312
0	324
1	296
2	191
1	116
9	41
0	125
17	40
3	1
2	2
0	40
0	7
0	0
0	0
1	3
0	7
26	634
0	498
1	319
0	319
1	292
0	315
6	204
0	179
0	78
5	84
4	20
4	1
2	3
2	81
0	79
294	2108
0	2108
0	1240
4	11
13	24
16	7
1132	1461
51	112
4	995
1	1362
1	97
93	2152
1	363
0	222
0	222
6	1858
0	2437
0	248
9	1877
1	1683
0	37
6	87
0	58
2	21
1	217
0	160
0	120
7	119
10	412
0	2
8	83
4	92
15	70
0	9
0	0
5	7
0	3
11	38
0	38
0	32
0	0
0	0
0	0
0	0
0	0
0	0
0	0
0	0
0	0
38	47
41	1412
0	5700
0	5312
0	5960
40	906
14	396
16	749
8	326
3	130
1	10
0	6039
0	1340
11	1246
0	33
0	1174
10	145
105	37
240	709
16	157
4	1457
2	124
7	162
0	1264
0	1211
19	1048
8	1173
13	157
38	70
0	145
14	222
0	0
0	1
0	0
0	0
634	292
0	292
15	190
15	33
1	119
0	10
5	1264
0	1349
0	1236
55	748
1	391
0	1064
19	598
0	917
3	334
27	98
15	29
26	374
0	1219
0	0
0	2
0	0
0	5
0	0
18	18
2	5
1	5
0	0
0	3
0	5
27	44
0	110
0	6
0	63
626	243
45	135
4	4
0	664
0	0
552	532
0	497
0	494
0	5
4	8
5	133
10	2
16	2019
0	827
10	1870
152	2094
0	1460
3	616
0	127
0	1
20	197
1	65
0	1240
0	1580
0	1919
0	4764
0	424
0	4840
0	30
0	149
0	185
0	24
0	114
0	4
0	29
0	196
0	311
0	112
0	180
2260	2476
9	1963
7	1731
1	1653
0	711
15	421
1	0
0	0
0	0
0	0
0	0
0	0
0	0
0	0
48	176
107	1471
51	33
244	1498
0	1489
23	1727
11	356
0	265
152	496
0	1390
7	317
0	233
80	44
132	596
0	1545
490	2008
26	1945
8	743
0	382
0	212
0	37
0	29
0	15
7	50
0	4
0	3
3	2
0	28
0	35
0	13
0	29
0	26
0	11
0	18
19	140
0	3
0	2
0	1
27	429
1	354
0	338
14	336
25	361
16	322
0	86
34	17
0	103
0	133
10	138
30	121
0	46
0	32
17	54
0	50
0	19
2	20
0	50
4	502
12	1109
0	1191
5	1045
16	128
8	482
3	223
2	655
0	874
13	660
0	6
0	135
1	27
0	10
8	93
19	49
16	4
13	1
8	58
3	54
62	184
0	183
5	1
21	135
9	61
1	55
0	0
0	912
0	817
17	916
0	912
0	814
0	816
1	15
0	5
0	4
0	1
0	1
3	30
1	1
0	0
4	0
3	0
0	909
0	0
0	445
0	391
0	39
2	36
0	27
8	27
0	9
0	5
0	14
0	18
0	3
3	15
0	7
0	0
0	17
0	5
0	4
1	312
620	397
10	19
1	247
2	244
1	212
1	270
6	220
0	4
5	317
1	22
476	375
52	97
0	172
146	254
16	247
35	224
87	0
0	492
0	508
5	568
58	483
0	482
125	358
0	347
204	37
258	1477
0	759
0	1491
0	1
74	261
0	206
0	21
0	24
0	30
2	1
8	0
0	5
0	2
0	2
0	0
0	0
1519	928
24	846
17	158
36	15
3	1
17	183
3	183
2	48
1	14
5	24
1	7
79	7
1340	11011
262	1
158	31
419	6347
0	4117
33	4104
20	461
114	9461
2	2730
1	41
187	2312
1	0
8	92
9	279
149	272
3	30
5	141
0	0
0	4
0	2
0	4
0	2
1211	15694
214	957
33	9352
140	9357
2	9340
4	9367
72	9428
26	6420
88	2
15	166
0	7
0	1
0	0
0	0
0	0
0	0
0	0
0	0
0	0
0	0
0	0
0	0
0	1
0	212
0	808
0	827
0	160
0	371
0	659
0	751
0	276
0	113
0	48
0	498
0	81
0	119
0	47
0	102
0	86
0	1304
0	111
0	34
0	42
0	63
0	96
0	321
7	424
6	309
7	296
1	184
0	53
15	72
0	291
101	2151
0	1848
22	779
47	1287
4	168
4	2087
8	502
0	6091
0	5013
0	4694
0	4704
0	4704
0	0
0	0
3	1
5	1
0	0
0	31
0	0
9	11
0	38
0	38
8	0
4	1016
99	237
351	654
26	0
21	1016
23	621
6	622
2	10
20	1
0	24
273	23
2	3
3	2
0	0
15	90
2	88
4	3
209	1158
0	506
5	959
2	191
0	216
11	453
9	220
1766	7
0	0
0	3939
0	2393
0	3360
0	2977
0	1814
0	1377
0	562
0	614
0	160
0	142
0	50
17	8688
244	8839
66	8542
0	8434
34	7456
8	3992
39	2948
10	0
6	98
9	499
8	0
0	272
0	6
0	8681
0	4152
0	0
0	922
0	1350
0	1892
0	1771
0	568
0	501
0	146
0	180
0	664
0	48
0	216
0	36
345	51
0	2
0	38
1	48
0	1997
0	1643
0	1791
0	1500
0	1459
0	1370
0	88
0	70
0	555
0	829
0	5
0	18
0	720
0	125
0	77
0	30
0	151
0	36
0	203
0	103
0	60
0	37
0	0
0	0
0	0
0	8
0	13
0	4
0	5
0	0
0	0
0	1
0	2
0	0
0	0
0	0
6	726
0	703
0	668
19	444
3	351
0	32
0	50
0	66
4	49
7	39
0	30
10	25
18	0
0	0
0	23
0	0
0	5
0	23
0	2
0	2
0	0
0	0
0	2
0	2
0	2
0	2
0	2
0	23
0	2
0	7
0	5
0	26
0	0
19	390
1	377
14	168
5	116
6	88
2	28
2	13
12	37
5	45
0	33
1	42
0	21
1	16
2665	94
42	0
0	79
0	80
0	225
0	230
0	233
0	10
0	23
0	262
0	264
0	0
0	2
0	0
0	0
0	0
0	0
0	2
0	18
0	2
1	18
2	3
0	3
0	0
0	1
7	2590
0	452
8	257
3	2116
6	840
1	2234
38	219
2	1612
8	2137
0	676
30	167
37	495
0	514
0	30
1	2060
0	0
0	0
0	0
0	0
10	1
1477	0
0	157
0	128
3	794
74	2473
2	2524
0	2338
0	2295
0	2327
0	2286
105	1941
9	2258
4	2298
6	2835
22	7
45	11
0	1020
0	2835
4	29
4	66
4	1072
0	19
11	2846
0	457
2	903
0	2525
0	605
16	15
1	471
4	97
4	2804
0	0
0	0
0	0
0	3203
0	417
0	9574
0	3122
0	567
0	1
27	454
1	775
119	784
5	558
6	61
3	0
0	64
3	54
537	1092
72	1086
5	89
4	28
31	64
0	197
0	270
0	216
0	171
0	206
0	210
0	261
0	292
0	285
2	67
1	103
1	204
0	163
4	76
0	53
0	81
2	50
0	90
0	121
1	98
2	88
0	80
23	103
3	82
0	59
6	39
1	28
0	0
0	411
0	287
0	423
2	453
1	120
2	159
0	0
0	1
0	93
0	107
0	110
3	127
0	118
0	146
1	83
0	1
1	4
1	17
0	7
0	9
0	0
0	399
0	385
0	0
0	0
35	15
0	0
0	0
0	0
0	0
0	0
0	0
0	0
0	1
0	0
0	0
13	1103
0	0
6	720
0	583
7	695
0	131
12	86
58	160
1	102
0	160
45	26
20	44
0	3
1	3
2	4
8	3
0	0
0	0
15	881
6	929
6	831
9	401
6	114
0	77
0	77
9	171
2	207
0	3
6	125
3	23
19	160
66	74
26	9
27	9
0	848
93	1486
16	1469
2	1404
19	1286
2	202
11	61
35	0
36	139
8	56
0	22
41	863
0	0
0	12
22	15
9	12
0	0
11	4
0	580
11	13
0	163
2	8
13	46
0	10
5	19
11	14
1	31
0	0
3	0
2	67
0	185
0	93
0	0
0	0
0	6
0	0
0	0
0	0
1	1
0	0
0	1
0	0
0	1
0	0
0	0
0	0
1	21
6	1155
0	481
5	63
3	21
0	3
0	0
0	0
0	0
0	0
0	0
0	0
0	0
193	11520
51	11541
667	10727
26	744
10	2608
13	1815
45	924
58	579
150	629
38	587
137	1022
10	206
4	19
0	41
0	639
0	51
0	639
1	612
0	0
0	14
0	22
1	33
1	361
76	255
0	612
2	45
12	326
4	18
244	388
1	609
0	309
1	265
0	635
0	601
7	10
0	8
2	153
0	152
5	163
2	150
1	7
0	143
0	114
0	152
0	140
0	144
0	144
0	136
0	153
0	135
0	154
0	136
0	135
0	135
0	115
0	140
0	135
0	143
0	15
0	117
15	107
2	6
0	9
0	4
0	13
0	1
0	9
199	1136
32	59
0	217
12	1262
0	0
0	0
12	14
0	0
0	0
0	0
0	0
0	0
0	0
0	0
0	0
0	0
0	0
0	0
0	0
0	0
0	0
0	0
0	0
0	0
0	0
0	0
0	0
13	19
0	0
1	272
0	376
0	283
0	257
2	267
13	167
3	0
0	0
0	0
0	0
0	0
1	0
0	0
0	5117
567	5598
21	3314
72	1376
65	481
23	537
1	263
32	768
1	1082
19	77
1	1315
0	1118
0	811
18	658
0	351
0	283
0	311
0	495
0	255
48	0
0	1048
0	1044
28282	4570
3	683
140	962
20	1558
28	1367
0	62
0	70
0	39
0	13
1	48
1	54
0	1
0	0
0	5
0	10
1	7
235	58
0	15
1	7
6	9
0	70
0	3
0	1205
11	7
0	544
32	1197
6	90
11	188
4	1226
0	829
119	889
11	66
20	756
20	27
0	446
0	79
7	752
0	349
0	430
1	76
0	115
1	760
1	430
2	146
0	175
1	363
3	74
4	81
0	98
0	55
4	17
0	12
16	0
1	7
1	8
0	762
0	778
0	2
0	14
0	14
0	2
0	1
0	15
0	0
0	1
0	0
0	11
0	11
0	0
0	0
0	0
0	1
0	0
0	0
1	0
0	15
0	15
992	1223
16	582
15	255
126	217
38	120
353	61
2	5
0	41
0	19
0	37
0	0
886	1128
0	36
3	13
1	56
3	1028
2	72
0	39
14	95
0	60
3	8
4	19
0	5
33	182
3	108
14	176
19	60
0	32
0	9
0	1
0	1
0	0
0	121
821	589
0	130
40	459
1913	2808
78	2460
93	1653
12	1562
1	405
69	17
84	322
31	801
2	0
0	0
1	44
3	1969
0	18
1	78
0	25
0	2847
96	608
26	141
0	312
0	334
0	155
190	393
26	1199
0	239
7	66
1	2494
0	2548
0	0
0	0
0	0
0	0
0	0
0	0
0	0
0	0
0	0
0	0
0	0
0	0
0	0
0	0
0	0
0	142
0	203
0	142
0	924
0	0
0	1581
9	496
10	1452
6	1191
36	363
7	683
9	887
0	72
0	947
2	651
115	921
0	95
0	237
0	302
12	148
0	370
3	155
2	56
35	9
0	173
5	32
3	2
41	33
0	2
0	2
0	2
0	2
0	1
0	6
3	10
5	0
0	0
0	0
0	2222
0	1960
0	4330
0	7529
0	5994
1	5933
0	5904
0	58
0	1261
0	19
0	1328
0	1361
0	5290
0	2341
0	1794
0	1916
0	1813
0	467
0	787
0	434
0	107
0	348
0	192
99	1943
102	2177
26	27
10	44
7	2
3	1765
0	1301
7	15
7	138
58	1064
15	32
24	134
30	9
38	1035
8	1148
0	0
0	0
0	0
66	888
1	72
17	48
8	3
14	858
1	40
0	22
7	829
0	35
13	7
0	70
0	42
0	53
9	69
1	12
0	70
0	68
0	3
0	0
0	2
0	70
0	18
46	625
0	587
18	91
79	122
0	324
0	591
0	789
0	572
0	308
0	118
0	788
0	788
0	1
0	1
0	5
0	3
0	7
0	0
0	0
0	0
0	990
530	73
14	73
9	8
0	0
0	9
15	96
0	50
0	13
0	22
0	48
0	11
0	58
0	12
0	16
0	17
0	3
0	20
0	18
0	18
0	0
0	37
0	0
0	0
0	2
0	0
0	36
0	0
0	0
0	0
0	0
0	0
0	0
0	0
0	0
0	0
2	11
0	0
0	18
0	0
0	0
0	0
0	18
0	8
0	8
0	0
0	0
0	0
0	0
5	460
4	15
0	78
3	59
1	96
107	407
0	14
0	6091
0	5013
0	4694
0	4704
0	4704
0	0
0	0
2	97
23	409
1	100
1	14
1	383
5	382
0	121
0	76
20	63
21	1
2	114
0	394
1	27
3658	1746
64	1678
44	41
3329	95
0	1459
0	1517
0	1442
0	230
0	208
0	183
0	109
0	115
0	106
0	1449
561	1013
71	1027
1	201
82	52
10	32
1	386
0	169
0	182
6	174
21	1
18	56
0	196
2132	0
37	86
6	27
0	88
0	1
0	4
0	4
1	34
6	0
10	238
4	267
8	282
1	33
0	0
68	0
163	4015
12	2931
16	2082
12	8
5	993
10	796
11	264
8	800
5	612
0	27
0	2422
20	3149
19	3139
0	3426
0	1967
1	313
4	445
4	355
4	27
6	260
1	2921
0	0
0	633
0	0
0	665
0	665
0	0
2	13
0	0
0	0
0	0
0	176
314	19757
0	9479
0	9670
1	4977
13	9200
6	14997
16	6729
144	127
0	0
19	164
2	32
1017	427
49	472
4	159
4	83
22	102
11	551
30	661
4	617
0	334
0	799
1030	218
41	3099
8	3253
13	3
105	298
68	3675
38	3374
0	61
0	0
0	10
0	8
0	0
0	0
0	8
0	5
0	0
5	75
0	0
0	0
0	0
0	0
0	8
0	5
0	6
0	2
0	6
19	1745
9063	1965
45	1851
54	1657
0	1704
0	421
2	499
0	577
5	66
90	196
3	111
3	61
1	62
4	188
3	61
2	56
0	0
0	0
0	0
0	0
0	0
0	0
0	0
0	0
0	0
0	0
0	502
8	2995
2174	4714
0	2227
0	3847
3	4206
0	83
3	78
0	2965
0	4225
81	2812
16	68
10	4470
0	26
0	30
14	384
9	446
5	1748
1	363
25	94
0	4448
0	13
2	213
0	214
0	212
0	213
0	212
0	169
1	86
19	61
0	0
0	0
0	0
0	0
23	504
16	214
77	723
52	9
59	442
9	18
215	91
0	0
0	0
0	0
0	838
0	828
0	1011
0	12662
0	12647
12	207
10	765
30	125
2	7040
1675	1914
1	1083
5	753
8	5
4	250
1	141
25	82
2	1839
8	7
19	20
1	1398
0	1394
24	1394
471	170
10	66
6	90
1	132
17	1
80	3488
51	4242
15	1093
59	1216
6	1198
0	0
0	0
0	0
0	1
18	3910
0	4434
0	252
9	3771
1	518
22	624
0	4408
11	4001
0	114
5	145
2	181
7	3771
27	478
40	22
0	445
22	908
35	349
209	1119
3	50
2	355
2	72
0	20
0	70
4	67
1	8
0	0
0	11
0	8
1	1
1	4
2	3
3	813
12	545
0	809
3	686
1	686
0	632
1	158
2	157
9	134
4	31
0	23
20	0
0	54
4	30
10	34
0	812
0	0
0	1
0	0
0	1
0	0
0	0
2	1
0	0
0	1
0	25
380	903
0	822
0	17
18	157
65	1
3	4
0	35
0	1
0	0
15	164
18	164
0	21
0	21
1	0
318	1177
7	259
19	568
0	967
0	47
0	231
1	78
0	2020
1197	2010
208	137
0	1159
1	154
1	106
5	102
4	1083
0	1191
0	1043
20	11
1	717
2	851
8	158
38	40
21	171
2	81
2	6
2	1
1	6
3	0
509	1180
16	237
21	1073
9	8
45	29
9	2
14	42
28	312
0	0
0	0
556	662
4	355
1	189
0	62
0	166
14	103
16	49
0	175
8	22
11	76
57	40
37	31
25	5
60	469
68	510
671	282
15	173
1562	1598
9	880
2	857
3	947
14	274
1	276
0	149
44	0
18	130
0	2
0	2
54	57
1	12
0	2
0	11
0	2
260	5468
0	3645
0	1624
0	24
0	31
0	1610
0	1687
0	697
0	307
0	28
0	271
0	57
6119	10525
205	10993
2104	4293
254	116
0	5206
2	2
0	2
26	1538
129	1673
25	4
72	79
0	53
0	366
22	0
0	0
0	3543
0	3576
0	3502
0	3034
0	2494
0	1050
0	3001
0	3196
0	3055
0	3188
0	218
0	675
0	1052
0	729
0	837
0	750
0	602
0	201
0	282
0	25
0	109
0	10
0	34
0	3675
0	2
0	2704
27	2665
1	2742
0	2704
11	358
65	3453
24	587
12	2712
69	1783
11	1515
25	2426
0	0
0	0
37	90
0	0
0	0
0	0
0	0
0	0
69	5462
0	52
4	5457
74	2709
502	5465
126	1320
29	2141
0	11
1	3306
2	3712
0	3729
3	1932
1	24
44	24
4	8
1	23
0	21
0	3
0	2
327	4812
24	1709
65	791
2	460
23	186
0	231
18	133
21	120
13	2
0	250
84	5
0	4812
68	342
13	394
5	521
0	394
6	108
0	67
14	82
3	260
1	265
2	288
7	78
13	26
0	260
1	260
0	63
0	7
0	27
0	42
0	57
1	1
0	1
1	260
5	653
3	547
0	477
12	549
12	528
18	474
0	546
6	433
1	517
0	521
0	471
2	102
0	70
0	41
14	24
0	32
0	6
2	53
0	0
20770	6
0	197
0	270
0	216
0	171
0	206
0	210
0	261
0	292
0	285
0	20
0	2
0	0
0	0
0	75
0	0
0	0
389	4
0	6
0	10
3	0
0	5
0	5
0	0
0	5
0	1
0	1
0	0
1	14
0	0
0	8
1	194
76	3074
0	3843
1	336
0	233
0	545
0	3713
0	34
0	250
3	184
0	144
2	1
0	611
19	350
11	150
1625	1027
1	105
3	19
2	60
4	826
2	113
35	0
0	0
0	0
0	0
0	1
0	1
0	1
0	0
0	0
0	0
6	11
44	0
239	308
1	226
1	32
16	103
0	227
615	88
5	88
183	30
24	9
35	8
0	28
0	0
0	0
0	0
1	164
0	80
0	9
0	3246
0	895
9	1675
0	13
0	935
0	1370
0	863
0	483
8	691
0	676
0	603
0	92
0	336
0	12
0	30
0	52
462	474
1	394
0	459
1139	28
35	5542
291	7006
4	3006
11	1912
78	153
10	373
14	254
15	430
206	695
78	546
1	416
8	525
0	506
89	124
18	9
0	407
83	2541
11	1575
0	640
17	868
6	425
12	506
13	584
0	565
0	1273
0	770
0	521
0	647
0	624
0	365
0	494
22	26
0	240
1	162
0	160
3	105
0	13
0	4
0	133
0	379
0	198
0	15
0	13
0	49
0	62
0	912
0	66
5915	2267
172	16
0	1153
9	60
11	1768
0	1751
14	1747
3	1359
2	160
6	44
3	4
63	319
16	10
1	1758
0	251
0	11
0	361
35	182
0	113
0	68
0	36
0	36
0	36
0	4
0	4
0	0
0	0
0	0
1	31
131	2791
227	1306
42	1271
0	2481
159	2242
90	41
40	12
11	469
2	662
2	359
0	1975
1	1166
5	192
24	41
20	13
1	15
127	18
2	1165
9	24
1	1166
0	1
0	255
1	1207
0	247
0	468
0	1307
0	361
3	486
0	527
0	64
0	349
9	245
0	755
60	316
2	666
0	1242
62	1535
0	1631
0	1483
0	223
0	798
0	1480
0	605
0	625
0	107
1	584
0	466
0	505
0	264
0	24
0	35
0	23
0	14
1	263
0	50
0	230
0	739
270	1255
30	682
3	1212
26	224
37	144
0	0
0	0
0	0
10	60
0	37
15	10
15	16
6	192
2	106
1	64
0	98
4	462
0	532
0	138
5	374
18	459
3	500
35	575
0	501
0	493
0	152
12	64
7	104
0	92
0	17
13	1
0	0
8	1
0	18
0	18
0	493
0	1940
0	203
0	60
0	190
0	703
0	599
0	19
8	12
0	14
0	35
0	6
0	43
0	13
0	4
0	466
87	41
436	642
5	614
19	263
131	92
5	25
490	0
0	0
0	0
0	0
0	0
152	84
474	299
186	217
15	3
23	151
10	14
171	14
6	110
0	2153
1	2153
8	1982
9	239
0	35
3	9
2	5
1	12
6	78
26	434
0	217
0	248
0	84
0	72
0	66
0	82
0	55
2	18
1	4
0	6
1	6
0	1
0	6
3	0
0	6
1	6
4	4
0	4
0	25
0	27
0	4
0	0
5	0
4	0
0	257
1	267
0	270
0	268
2	259
0	267
37	1459
1	773
197	2715
0	1874
1	206
83	588
4	390
0	68
21	417
7	379
3	223
0	1
0	1
0	1
0	1
0	1
0	0
0	0
0	0
0	0
137	279
3	193
0	68
0	114
1	114
36	105
4	10
9	26
2	1530
1	1529
68	1260
13	1129
0	883
0	395
0	371
1	234
0	213
5	93
0	79
1	174
0	168
0	167
1	148
0	137
0	136
0	141
0	87
1	75
0	71
0	64
0	48
0	15
17	8
0	3
4	1
29	0
0	1532
0	0
0	0
4	1
0	1
1	0
30	20
53	511
1	450
141	476
25	224
0	5
0	4
4	3
0	4
1	0
0	0
0	2
26	2
0	5
11	2183
0	1236
10	94
1	14
0	165
11	42
2	537
10	409
12	523
0	1988
2	180
4	9
0	77
11	117
6	24
6	108
0	0
0	0
0	0
0	0
0	0
4	71
0	2
9	68
44	91
158	93
0	0
0	0
54	167
93	317
0	249
13	6
28	9
7	210
16	40
39	142
7	164
6	1
1	315
0	164
0	103
3	187
6	47
0	495
0	202
2	182
0	29
5	22
5	69
0	157
6	317
0	89
1	20
0	79
0	29
1	1
3	192
1	498
0	467
0	1
4	84
14	924
120	1143
0	253
0	80
1	30
6	880
0	79
0	50
1	22
7	9
2	8
3	12
5	17
6	10
12	15
6	4
0	0
0	0
0	3
0	0
0	0
0	3
0	3
0	3
0	0
0	3
0	1
0	0
0	0
0	2
0	0
0	0
0	0
22	343
2	296
0	308
5	102
2	8
16	18
4	2
0	5
33	670
3	158
0	32
4	39
1109	294
0	1
0	1
0	0
0	0
0	1
0	2
0	1
0	0
0	1
0	1
0	4
0	0
35	17
0	0
0	0
0	0
0	0
0	0
0	0
0	0
0	0
0	0
0	0
0	627
0	382
2929	2623
0	600
5	845
56	1445
23	1083
407	3
0	35
0	35
0	1
0	2
0	35
0	6
0	12
0	12
0	9
0	37
0	28
0	7
1	6
1	4
1	4
0	2
0	371
30	554
0	33
0	45
17	584
0	1328
0	66
6	51
10	30
7	754
0	412
4	0
0	64
1	68
4	64
0	45
0	275
0	50
0	20
1	6
0	680
4	4
0	22
5	1380
0	49
7	70
7	60
0	0
10	2
1	6
5	5
11	188
0	3
0	36
0	15
2	13
2	0
0	179
0	2
0	2
0	1
0	170
2	0
0	88
0	165
9	196
0	147
0	123
5	8
0	191
0	0
0	0
0	0
0	0
8	0
11	101
84	131
0	113
3	644
0	688
124	268
0	457
2	63
80	449
20	447
0	0
90	723
13	723
982	267
1	39
1	122
8	17
42	70
0	51
9	124
21	8
1	7
0	400
37	448
0	435
0	384
1	53
16	191
0	72
0	66
15	149
0	1
2	80
1186	4398
343	4692
3	3624
47	1184
19	43
0	0
0	0
0	0
0	0
0	0
0	1415
0	1470
0	1341
0	38
0	397
0	97
0	490
0	1173
0	64
0	5
0	10
0	1
0	173
0	1398
0	398
4	369
8	415
24	2935
12	317
17	326
5	605
28	683
1	168
4	172
8	579
3	2241
16	144
2	875
95	681
9	515
4	203
3	19
0	0
0	0
96	749
0	1964
0	1964
1	532
10	875
4	9
0	29
0	3
1	9
3	57
10	9
6	20
0	1964
14	1139
15	1119
1	5003
0	1720
0	0
0	45
24	3
12	4
4	2761
0	2314
16	2056
0	1905
1	109
0	2337
1	179
0	27
5	163
3	36
0	206
1	949
14	1038
23	13
0	2761
0	2247
3	20
0	25
0	24
0	0
0	0
0	0
0	0
0	0
0	18
0	0
0	0
1	2
0	2
0	2
174	190
1	126
0	175
0	93
19	0
0	0
0	0
2	0
1	114
0	36
0	0
2	37
0	44
1	23
2	25
0	0
0	0
2	19
0	0
0	0
0	0
0	0
0	0
1	372
0	32
4	0
3	426
1	53
38	0
1	62
6	94
0	55
2	59
2	15
5	9
0	95
47	4
0	324
51	11
10	68
5	129
17	36
1	0
9	1
1	208
0	41
8	28
0	0
7	38
397	3031
197	3030
585	1119
0	1
0	1
1	1
0	1
0	2
0	0
0	1
1	1
0	1
0	0
22	41
0	2
0	1
0	11
0	0
0	0
0	1
0	1
0	1
0	0
0	0
0	0
0	0
0	0
0	0
0	1
815	0
0	299
0	345
0	261
0	5
0	238
0	231
0	23
0	110
0	138
37	68
0	1
0	1
3	495
0	429
12	258
7	25
6	73
6	6
2	48
2	2
7	19
13	61
20	31
0	0
17	171
2	168
1	15
8	3
23	211
1	1
134	120
4	6
0	7
10	1
492	5657
7	319
4	4851
3	689
0	96
10	357
2	89
8	368
71	147
0	297
51	312
2	12
1	73
10	49
0	46
3	82
1	7
0	7
5	1
0	0
102	1379
23	1
0	76
1	1376
5	0
0	1324
0	46
1	139
2	0
7	0
1	45
54	2912
11	3626
276	3626
0	2719
0	12577
0	6684
0	10797
0	2389
0	1461
0	2506
0	1657
0	792
0	2620
0	1404
0	77
0	0
0	3
14	265
0	265
0	244
1	247
0	1
1	30
0	32
0	17
0	17
0	17
0	1
0	1
0	0
0	33
2	0
0	0
0	0
0	0
80	2985
2	2997
17	3013
0	3015
50	2984
74	2985
76	3022
1	2626
1	3165
248	3290
45	2646
0	2975
45	2092
18	2896
2	2369
0	2703
2	2644
12	2574
64	2101
43	739
0	2
0	39
0	39
3	20
23	22
4	11
40	193
2	176
0	160
3	0
153	7772
14	6378
0	6964
19	768
69	630
44	0
9	653
2	160
5	826
0	945
2	998
2	995
0	812
3	812
81	869
12	861
0	959
3	84
0	140
0	1026
20	2
3	162
6	639
16	3
6	717
11	5
3	65
27	244
38	6
25	160
13	68
34	287
0	23
0	161
8	9
7	1
115	54
0	10
0	10
2	10
0	4
0	127
2	699
22	699
0	86
2	74
100	474
2	400
0	201
8	163
2	14
0	54
21	33
6	21
63	72
23	28
0	0
0	0
0	0
0	0
0	0
0	28
22	34
14	6
5	0
0	21
10	1654
0	242
13	1776
36	1310
0	256
8	80
11	23
2	41
44	147
4	3
20	7
0	11
0	1
0	445
1	445
168	632
0	308
1	218
5	311
22	117
23	28
0	632
0	0
0	0
0	0
0	0
0	0
48	305
0	220
29	0
33	207
21	350
0	0
0	0
68	2967
57	2472
292	2658
11	276
0	2449
4	2171
16	1944
6	1900
22	215
0	947
46	0
3	256
3	180
1890	1023
3	8
0	28
0	186
4	907
2	3
4	0
0	191
3	73
0	0
0	0
0	0
0	0
0	0
558	1252
0	631
63	1263
0	0
0	0
0	9
0	15
0	15
1	15
40	15
8	0
0	0
0	0
0	0
0	27
80	27
4	1
0	28
2	0
0	20
10	46
0	37
0	0
20	24
1	14
0	23
0	5
0	3
1	63
31	384
388	165
0	142
3	130
0	135
2	135
0	4
1267	3077
8	3076
2	760
1	443
1	353
15	411
6	3
0	0
0	0
0	0
0	0
0	0
0	1
0	0
0	1
0	0
310	50
4	27
4	22
856	0
0	0
0	0
0	0
0	0
0	0
0	0
0	0
0	0
0	0
0	0
0	0
0	0
10	3141
158	1042
6	56
32	2255
33	165
4	1
26	126
1	145
2	106
131	1395
10	77
6	118
0	163
10	23
6	2802
333	6145
181	1311
4	66
2	6145
1760	225
0	225
9	42
118	2019
0	4918
117	4314
53	4465
8	604
0	361
16	2
7	481
1	8
26	48
0	5
11	540
5	31
1	116
0	229
0	24
2	2802
20	317
141	8182
6	1016
53	1676
7	1503
242	7862
102	2102
0	15
34	978
1	131
19	1933
80	142
7	921
1	1577
48	604
0	297
0	102
0	3
0	314
0	276
0	3
0	410
0	10
0	418
0	15
2	54
0	41
0	0
0	9
1	10
4	3
0	14
3	6
0	7
1	0
0	4
0	4
4	12
0	8
0	0
0	0
0	0
0	0
0	0
0	7
0	7
28	5029
32	1158
0	74
1	63
72	1933
20	291
40	301
11	32
27	109
0	4937
0	1539
0	1516
0	37
0	385
0	2
0	101
0	474
0	30
0	525
0	8
0	408
0	664
0	10
0	3
0	3
1	3
0	16
0	17
0	2
0	0
0	14
0	13
0	0
0	0
0	14
0	1
0	15
0	14
0	0
0	15
0	14
0	1
0	15
0	14
0	3
5	91
481	708
289	456
2	340
0	4
6	3
2	79
3	1
0	8
0	7
3	0
16	3
18	1811
68	1828
0	1544
21	1746
0	348
0	449
0	36
28	429
1	403
78	97
8	170
38	55
0	79
0	0
0	0
0	0
0	0
0	0
0	0
67	811
123	811
0	0
31	0
284	5009
1	297
3	104
10	301
0	254
5	266
2	513
1	43
20	301
4	81
0	1020
12	503
5	1270
103	1267
5545	4318
339	2643
231	770
7	512
31	242
21	717
0	2
2	3
37	1455
0	0
0	0
623	694
16	512
0	148
5	32
12	130
2	224
0	40
1	194
0	164
0	0
0	14
0	6
0	4
0	3
0	0
0	0
0	8
0	104
1	1
2	23
7	129
9	0
0	0
40	1350
213	6007
12	1047
52	767
34	3028
5	1528
19	2474
5	646
5	1893
12	26
0	1030
6	1481
4	1317
79	636
887	636
0	0
0	0
0	0
0	0
108	0
21	434
9	222
0	326
0	373
0	373
6	67
0	17
10	137
0	115
0	8
0	5
0	5
0	5
0	0
0	2
1	2
0	0
0	1
0	2
0	2
0	0
0	0
5	728
438	730
29	2
0	1046
0	1331
0	1277
0	1323
0	1518
0	356
0	341
0	230
0	205
0	150
0	137
0	127
1	0
0	2807
25	487
40	328
55	2706
11	418
10	117
22	26
7	0
24	3
0	255
1	196
6	16
8	3
10	4
5	70
0	2619
63	525
36	355
6	37
20	127
8	200
34	240
3697	0
1296	0
18	12
60	35
0	3
0	3
0	3
0	3
0	9
0	9
0	0
0	0
0	0
0	0
0	0
0	0
0	0
0	0
4	2
0	0
0	0
0	0
0	0
0	0
0	0
0	0
0	11
0	249
1	2
0	68
0	245
0	73
0	63
0	3
0	0
80	568
0	232
0	321
0	260
8	241
0	22
0	568
19	44
0	21
0	44
1	0
0	37
0	37
0	40
0	34
0	34
0	40
0	3
0	1
0	1
0	7
1	3
21	10
0	8
0	3
0	3
0	2
0	0
0	0
1	8
0	8
0	8
0	10
30	12167
15	1913
105	3085
8	11938
170	348
74	107
4	147
3	6
0	1269
0	226
0	208
0	0
0	0
0	0
0	0
0	0
0	0
0	0
547	124
0	5473
0	4752
28	4000
0	387
1	2518
1	129
53	1043
3	89
7	0
0	0
0	5814
9	6078
0	5942
0	2984
50	1394
8	2457
3	1728
1	1857
0	1752
0	1436
0	1906
0	1792
37	153
8	4
18	627
70	1193
23	1417
0	2
0	456
5	220
2	10
0	221
0	210
21	147
0	205
5	0
26	122
9	101
14	90
1	0
41	2967
1	0
15	142
0	275
2	126
27	684
0	205
2	190
8	208
1	270
0	236
0	0
0	0
0	0
1	0
0	0
0	0
0	1
0	0
2	0
1	0
5	1
0	0
10	206
0	192
0	0
0	0
1	0
0	2
0	3
9	3
2	413
0	4394
21	748
2	82
3	2686
0	4311
15	0
14	207
15	465
10	4052
0	2907
0	3972
0	262
0	513
0	436
1	494
0	149
2	640
45	2815
0	4491
0	3896
1	4027
2	3947
0	4519
0	13
0	12
0	12
0	13
0	9
2	9
2	1
0	1
0	3
0	0
0	1
0	1
0	9
0	3
0	1
1	0
0	2
0	4
0	4
0	0
276	305
0	64
0	16
0	257
0	138
0	224
0	59
0	70
0	11
0	16
0	11
0	0
0	4388
0	4645
1	2716
5	1524
2	1962
2	1929
14	1292
4	1252
8	786
14	1062
15	906
48	3
44	4678
55	1791
0	2
0	1378
24	1334
1	1052
0	965
8	963
0	415
1	532
0	532
16	10
0	337
5	332
10	142
4	0
0	0
1	0
178	343
8	12
0	0
7	217
1	11
3	7
0	127
44	1036
52	1037
46	28
26	67
19	34
5	44
0	1
0	6
21	29
0	18
82	98
0	73
46	1284
12	504
27	1417
5	219
0	294
4	394
0	107
14	27
27	57
30	3
0	0
0	0
0	0
0	0
0	0
0	0
0	0
0	0
0	0
0	0
0	0
0	0
0	0
37	309
1	107
1	0
0	7
0	15
0	25
0	3
1	84
12	54
0	12
14	50
0	0
0	0
0	0
0	4
0	4
0	0
0	64
3	14
1	7
5	106
8	21
5	2
1422	568
8	83
5	7
3	8
8	6
1	150
15	0
0	18
15	227
8	0
7	102
1	4
68	11
340	1159
4	438
1	271
21	750
113	935
4	253
3	441
0	300
14	474
4	446
0	143
0	113
0	2
29	2
0	2
664	465
0	96
10	375
1	372
7	63
2	95
7	81
0	39
14	26
0	1
2	23
2	29
15	29
9	450
9	547
1	59
16	390
1	1052
9	91
0	1030
22	65
21	594
139	0
0	255
0	70
0	62
0	61
2	26
0	5
5	4
0	4
1	3
2	2
0	0
0	29
0	4
3	2
0	15
0	2
4	41
12	36
9	861
0	314
7	245
30	389
6	19
0	64
6	130
0	525
0	29
7	122
26	51
288	1370
10	1203
5	205
14	166
0	468
27	48
0	401
43	739
0	1509
0	1522
0	1711
0	526
0	652
0	733
0	440
0	242
0	243
0	397
0	174
0	21
0	275
0	142
16	74
10	12
0	35
22	26
0	590
10	13
0	704
11	426
1	585
6	347
14	4
7	32
0	71
0	167
1	79
14	58
47	66
6	20
5	61
10	48
0	1
50	5
27	1507
58	342
0	108
0	96
4	56
0	54
12	0
0	1490
106	1386
3	3
8	79
2	1457
0	25
52	2
10	1313
26	113
0	434
44	25
6	101
35	10
0	35
14	39
6	181
17	49
9	16
5	81
0	583
0	565
11	37
0	7
0	7
0	23
0	158
0	31
0	52
0	50
7	354
0	47
0	15
0	0
6457	4289
1	1940
487	2494
0	6
0	3477
0	3484
0	3503
0	3503
10	0
9	129
0	0
271	102
0	0
0	10
16	31
429	69
0	119
0	58
0	53
0	13
0	8
0	9
0	13
0	12
0	58
1	7
0	1
0	13
0	6
0	53
0	54
0	2303
0	2018
0	1903
0	35
0	158
0	20
0	125
0	4306
0	3883
0	363
0	181
0	151
2	35
0	142
6	150
12	118
0	117
4	114
0	142
1	358
0	352
0	71
0	74
0	74
0	1
0	0
0	2
0	12
0	2
0	1
0	0
0	13
0	13
0	12
0	12
0	37
0	5
0	12
0	9
4	75
0	72
4	32
0	19
0	16
1	8
0	3
0	13
0	3
0	0
0	59
2	66
17	34
0	40
4	43
28	123
1	0
1	1
0	20
121	106
1	3
1	53
120	3590
1	3590
0	2
1	159
8	4
3	44
3	2
0	197
4	209
1701	691
70	691
47	27
32	454
78	434
17	444
0	89
21	81
7	63
8	23
6	18
76	101
0	41
1	26
0	2
0	0
0	2
0	2
0	2
0	2
0	2
0	1
100	4
793	1883
1	39
125	795
0	1530
12	11
0	363
0	0
93	336
0	354
5	323
16	50
0	35
0	47
2	224
209	1028
1	70
8	234
6	1055
0	55
0	57
8	189
16	16
30	147
0	41
0	178
6	5
61	223
12	201
7	10
11	1457
40	1646
2	89
3	532
0	319
0	1566
0	1351
6	97
17	2
7	0
0	186
5	0
0	23
4	99
0	97
0	437
0	397
0	1291
0	74
0	357
2	368
0	102
0	37
5	131
2	59
2	225
3	1
2	1
0	1
199	1463
7	1923
34	72
44	82
37	369
8	310
11	246
41	432
13	148
0	203
4	166
0	11
2	162
0	39
79	8
55	13
10	11
0	3
0	3
0	3
0	0
0	0
2	1353
5	1492
95	3442
1	1270
0	1987
0	1563
6	1272
6	1507
1	1129
37	763
0	704
2	1965
39	2116
0	1994
1	2791
2	716
0	1936
0	2536
0	2325
0	1000
0	1474
1	58
4	179
0	1256
0	1376
0	1833
0	61
0	405
7	387
0	17
0	105
32	9
15	1254
0	201
0	160
0	150
1	266
0	224
1	204
0	126
4	96
0	2574
0	0
0	0
0	16
5	172
8	167
0	1
2	18
0	28
17	83
1	33
20	23
0	41
0	21
4	0
0	168
4	163
55	47
0	0
0	0
0	0
1	0
8	23
0	0
0	47
0	0
0	45
2	4
0	1555
0	666
0	659
0	579
0	1258
0	8
0	941
0	340
0	1408
0	0
2	113
0	108
5	280
0	108
1	90
1	90
7	202
0	5
1	0
0	83
0	91
0	115
4829	0
0	0
0	112
0	69
0	39
0	47
962	631
11	455
6	378
0	296
0	55
5	32
0	31
19	3
0	1
28	11
26	1022
1	118
8	442
1	32
0	59
11	0
0	95
13	31
0	34
0	4
0	0
0	65
0	0
0	0
0	0
0	0
0	0
0	13
0	8
0	13
0	8
0	8
0	13
0	2
0	8
0	13
0	13
0	8
0	0
0	0
354	698
4	481
1	15
0	12
0	7
0	7
2	3
0	0
0	0
0	4
0	0
3	8
2	7
0	1
0	14
0	12
0	520
41	232
6	153
12	0
117	0
7	7
0	7
0	7
5	1
10	103
0	88
0	187
0	18
0	177
0	50
10	89
0	26
57	716
0	120
0	238
0	723
5	670
0	714
0	0
0	2
186	24421
33	10957
2	35
0	2331
0	7827
12	2634
46	619
0	1957
1	11031
0	1354
40	1598
0	10080
0	9829
3	64
9	73
8	619
18	5066
0	7721
82	387
22	1040
0	6225
17	313
12	1083
0	527
1	6013
1	5328
34	3425
2	252
2	670
0	3716
67	202
16	10
0	3452
0	2554
0	23
1	2159
44	76
3	443
0	282
0	1214
9	629
1	1548
170	1022
24	880
33	644
6	206
0	472
4	111
1	875
5	113
4	823
18	384
1	11
6	329
10	60
23	693
6925	288
134	166
4	45
0	102
6	5
12	8
13	17
0	6
0	6
4	453
47	2202
2	1103
0	1803
4	1857
0	35
1	68
0	326
2	32
4	306
0	2156
24	1912
0	1466
7	28
0	1912
78	869
4	1173
0	1157
1	1454
66	97
42	1216
80	529
19	83
0	31
0	145
96	130
0	1369
0	1273
0	2786
0	169
0	596
2	0
3	40
1	33
0	40
157	20562
1	19072
0	20562
8	18794
50	17303
7	17060
0	15109
19	8157
0	4688
0	1478
18	1000
3	877
9	1515
7	53
3	50
8	11
1	1
0	3
0	1
0	2
0	9
2	1
12	125
1	130
1	25
0	13
0	34
3	11
893	85
545	1355
0	1329
0	1149
0	1190
13	1292
6	1071
4	148
9	15
2	54
2	99
2	699
6	194
5	12
0	11
0	138
0	35
22	97
10	4
0	115
14	8
0	8
0	8
0	8
0	4
0	4
0	3
0	2
0	0
0	0
0	0
0	0
0	0
0	0
0	0
0	0
0	0
0	0
0	0
0	0
0	0
0	0
0	0
0	0
0	0
0	0
0	0
0	0
0	0
1	0
0	0
0	0
0	0
31	331
27	0
4	1
0	12
16	104
0	4
1	1763
1	0
0	0
16	100
9	94
78	183
6	21
177	316
2	20
46	262
21	56
0	3
9	7
0	7
0	0
0	5125
3	460
27	1333
4	1763
58	2627
0	3326
0	3283
72	609
1	2721
45	60
29	78
11	375
0	534
2	489
0	511
7	270
10	235
0	346
60	369
18	2964
57	4650
0	2881
0	4647
7	3890
222	3963
107	4216
3	4235
85	4206
0	4017
36	2162
58	228
38	3
9	1426
9	3169
0	3816
14	2443
84	2206
0	1387
2	558
1050	736
56	540
41	52
19	225
0	34
10	523
1	15
1	2
12	31
14	84
1	185
0	59
0	14
3	51
2	26
4	5
0	0
0	0
1	490
54	2388
7	351
39	168
0	2377
4	168
0	60
0	99
4	1754
0	173
0	2044
43	97
48	1738
26	1673
26	6
1	137
26	1288
0	28
2	20
0	1071
0	38
0	269
141	1171
19	279
5	2562
0	457
0	1924
23	1479
0	83
3	243
12	948
2	438
0	175
0	5
0	2526
0	1935
0	5
3	5
0	0
0	0
0	1
0	0
0	1
0	0
0	1
0	0
0	0
95	160
0	133
14	12
3	20
1	24
2	21
26	46
24	610
11	539
6	611
36	610
8	583
9	533
39	30
1	62
42	918
43	516
2	11
0	64
1	42
6	2
353	920
0	830
0	530
9	90
31	156
3	482
20	104
7	172
1	118
3	85
25	237
8	6
0	74
17	83
2	11
0	95
19	85
2	50
7	28
8	37
1	41
0	51
0	1
20	56
1	1279
3	264
1	103
0	196
15	196
0	82
6	62
0	151
9	120
7	22
1	41
0	458
1	38
0	6
0	7
29	574
39	1159
2	43
0	33
0	1055
0	11
0	12
0	12
0	0
24	1577
0	97
0	1705
3	1571
2	1524
7	297
1	1314
3	994
0	1378
0	1312
0	1075
0	1075
15	3
6	1
14	4
13	375
2	159
1	124
27	2
8	1702
0	1558
4	86
37	1227
0	899
7	8
8	467
0	22
0	114
0	16
0	49
3	5
0	0
0	0
0	0
0	0
0	0
0	0
8	0
0	0
0	1411
1	347
23	369
6	343
0	173
13	11
0	40
51	20
30	1352
119	104
0	54
718	272
2201	78
1	78
0	0
0	0
0	0
0	0
1	523
7	564
10	208
0	69
1	11
0	102
0	172
11	46
5	14
9	27
7	5
1	23
2	120
4	0
0	269
7	18
2	20
6	7
3	4
0	82
4	102
0	2
1	82
0	0
29	878
7	842
0	268
6	47
2	13
2	7
2	4
0	72
4	0
5	21
6	0
0	0
0	0
1	6
0	6
0	2
0	2
0	2
0	2
0	2
0	4
4	3
0	0
0	3
0	3
0	2
0	3
1	0
0	29
0	487
686	628
0	441
14	359
0	386
0	363
0	94
15	85
3	78
1	41
22	65
0	73
4	40
0	27
0	26
0	33
0	55
1	11
0	34
0	34
1	42
1	28
1	47
2	30
0	33
38	42
8	11
1	474
0	28
0	505
1666	664
28	664
0	93
180	4
16	23
279	490
1	490
0	1
1	65
0	763
1	377
0	635
0	377
1	497
2	327
30	68
0	258
0	480
20	961
0	186
18	330
0	230
7	114
25	371
0	660
0	288
0	773
0	821
0	155
0	294
0	104
0	268
0	829
0	301
0	135
1	329
0	53
2	124
0	294
0	663
0	239
0	662
0	31
0	264
0	728
11	109
0	503
0	22
0	73
0	149
5	164
0	83
12	106
0	68
7	144
2	72
4	77
1	84
0	84
4	4
0	0
0	0
0	0
0	0
3	1
0	5069
0	3724
0	1097
0	1999
0	4077
0	2807
0	3303
0	141
0	3496
0	4273
0	1
0	0
0	23
0	0
0	0
0	0
0	23
0	0
0	0
0	0
0	0
0	0
0	0
0	0
0	0
0	0
0	0
0	0
0	0
0	0
0	0
0	0
0	0
1324	2242
49	2184
3	137
12	158
14	3
0	153
26	389
0	329
1	205
1	108
12	159
19	14
5	1
0	1
22	773
0	141
29	803
45	48
57	0
0	0
0	0
0	0
0	0
7	0
0	0
0	0
0	0
0	21
7	344
181	349
1	73
4	265
2	265
739	100
3	72
0	36
0	0
0	0
0	0
0	0
0	0
0	0
0	0
3134	1712
21	212
8	506
5	502
16	1031
11	424
25	1053
8	1307
1	995
6	5
2	61
0	1024
2	47
21	0
0	634
0	763
0	1236
0	218
0	408
3	3
5	114
0	3
0	2
0	2
0	99
3354	825
0	825
0	1
1	1
0	2
0	1
0	1
0	1
0	1
0	0
0	1
2986	164
2	123
14	3022
180	15132
1573	38482
167	24835
91	24856
5	16
8	25370
1235	20088
0	11699
0	24122
0	0
0	0
95	0
0	0
45	1987
6	0
7	712
9	524
1	2016
3	8
2	0
0	8
0	376
11	425
0	1319
20	1286
18	1276
2	546
1	493
0	625
3	470
1	3
0	1309
12	166
46	36
3	5
1	6
0	0
0	1
0	0
0	0
0	1
2	0
0	189
0	133
86	3115
13	2915
849	184
2	69
89	1967
0	88
0	19
16	2091
17	44
0	345
0	24
21	26
16	7
2	13
29	64
12	138
108	158
60	266
3	56
1	197
0	16
0	13
3	0
0	10
2	4
12	45
5	9
3	31
0	22
0	25
3	19
0	52
0	13
6	10
12	11
0	9
16	13
0	0
0	0
0	0
0	0
0	0
0	0
3	994
2	506
0	278
5	330
0	62
0	127
6	13
4	168
32	123
2	192
0	16
0	8
0	0
0	0
0	907
0	719
57	725
5	81
27	121
152	627
1	277
14	431
70	93
0	220
0	113
22	367
2	450
5	159
2	2
3	163
0	4
0	1
0	163
0	0
0	70
0	0
0	163
4	24
0	2
0	0
0	0
0	0
0	0
0	1
20	42
0	1
0	123
0	44
34	253
3	167
0	91
0	5
0	1
1	2
1	274
21	275
13	0
8	264
16	155
0	176
0	18
0	9
0	9
0	176
3	13
0	0
0	1
2	1
0	26
47	270
0	272
0	46
53	223
0	186
2	15
399	3144
0	430
13	173
0	1103
17	2757
0	36
0	36
0	36
0	27
0	0
0	0
0	0
0	0
0	0
0	0
0	0
0	0
0	0
0	27
4	717
0	0
0	14
0	0
1068	6362
541	6530
14	5877
0	3984
0	6036
2	178
42	293
0	144
0	415
42	92
8	17
1	260
1	91
0	3548
0	27
0	9
1	29
6	546
192	2813
0	1197
5	2350
1	875
5	740
1	517
18	464
9	63
2	3
25	6
0	0
0	10
0	6
0	0
5	8
0	6
0	3
0	3
1	1
0	4
0	0
0	0
0	0
0	0
0	3
0	3
0	2
0	4
0	1
0	4
0	1
0	0
0	2
0	0
0	0
0	2
0	0
0	0
1193	1857
206	1849
321	2003
0	1985
1	15
28	7
17	3
10	16
8	20
1	38
0	38
0	3
1	8
0	0
0	0
0	0
195	9564
102	5773
0	5821
36	5449
1	5157
6	4309
0	4079
0	2387
39	1901
69	520
0	1979
0	9446
40	13
0	0
0	0
0	0
0	6
0	0
0	0
158	39
0	2
0	370
85	410
18	405
12	332
0	55
2	0
4	178
0	419
144	428
0	2
10	104
0	0
0	0
0	0
0	0
0	0
0	0
0	0
0	0
0	0
0	0
14413	963
48	573
18	390
484	3135
61	594
55	2749
16	2606
1	543
26	589
20	55
0	4
0	0
0	0
5	20
0	0
0	0
0	2
0	0
0	0
0	0
0	0
0	0
0	0
0	0
0	0
0	0
0	0
0	0
0	0
0	0
0	0
0	0
0	0
0	0
0	0
0	0
0	0
0	0
0	0
0	0
0	0
0	0
0	0
0	0
0	0
0	0
3	643
1	281
9	592
0	691
57	42
4	2
1	1
0	0
1834	1396
13	1396
0	0
1	0
335	1862
16	1550
5	122
5	1308
0	1706
13	249
15	252
0	208
21	12
17	527
0	553
4	250
1	366
0	29
0	161
0	1833
0	1833
0	144
0	0
0	0
0	0
0	4
0	11
0	0
0	0
0	0
0	0
0	0
0	0
0	0
0	0
0	0
0	0
0	0
0	0
0	0
0	0
0	0
0	0
0	0
0	0
0	0
0	0
0	0
0	0
35	912
4	2671
211	13946
21	11876
176	192
44	768
3	328
4	1627
119	2532
21	2358
93	6690
40	905
17	476
9	263
21	1907
0	2
1	0
0	0
0	0
0	0
0	0
0	0
0	0
3	14
0	0
0	0
0	0
0	0
0	14
0	5
0	0
0	0
0	1
0	0
0	23
0	1
0	0
0	0
0	23
0	1
0	0
3	2
0	1
0	1
0	0
0	1
0	0
385	2055
130	2071
106	912
25	1980
18	1914
0	555
56	166
39	419
0	1
4	1154
0	912
12	90
0	113
25	399
35	269
25	60
3	19
0	425
2	276
1	272
0	31
4	31
0	1284
0	1772
0	2024
101	1046
36	74
0	35
9	1757
68	1702
11	0
0	0
0	1
0	0
36	43
12	57
221	1033
21	19
0	155
2	196
29	188
1	376
6	14
150	328
168	83
19	357
0	21
0	0
0	0
4	21
0	0
0	0
0	0
12	0
3	313
0	472
0	527
0	320
1	12
0	22
1	315
4	1
1	10
11	96
1	43
0	77
0	428
3	316
1	9
7	9
0	411
40	444
1	430
0	0
7	11
182	348
2	3
10	312
0	13
1	2
0	49
0	99
0	52
0	44
9	50
6	36
1884	67
108	2798
22	1018
7	24
0	2792
133	921
2	1646
0	981
9	10
34	125
0	1
25	286
20	13
19	24
0	59
3	36
0	1
0	0
0	0
3	0
6	123
86	7529
0	42
12	6682
7	6836
1	53
12	1
61	4404
0	630
3	232
23	87
0	6173
0	7436
113	1543
2	113
3	1434
0	1191
16	264
0	65
1	0
0	248
3	943
3	23
4	96
1	15
0	652
0	6
3	445
0	294
3501	10771
33	81
158	1136
86	411
7	773
0	679
75	302
0	0
0	1
0	0
0	0
0	0
0	16
0	25
0	79
0	170
0	249
0	194
0	183
0	46
0	152
0	50
0	38
0	116
0	71
0	195
0	30
0	132
0	21
0	31
0	122
0	198
0	180
0	86
0	243
0	53
0	68
0	56
0	183
0	165
0	221
0	214
0	56
0	50
0	91
0	230
0	365
0	209
0	241
0	209
0	32
44	72
15	72
0	25
49	750
212	750
1	2
14	0
0	203
6	269
179	292
0	223
0	220
9	0
71	145
11	3
0	30
33	583
172	1296
160	4
8	0
9	41
23	56
1	181
17	138
32	140
5	1302
0	4698
0	4746
0	227
0	803
0	1988
0	88
0	451
0	40
0	124
0	58
0	549
0	2252
0	145
0	16
0	1388
0	1509
0	872
0	462
0	47
0	1
12	202
0	249
0	3165
0	313
0	709
31	481
94	511
22	423
11	376
62	263
0	576
2	63
43	147
6	104
13	7
1	91
0	1540
4	100
417	2469
0	2535
2	1791
5	1113
0	566
26	1239
1	20
0	4
0	10
0	16
0	15
0	9
6	28
0	3
0	1
12	36
0	22
9	524
16	1843
12	1935
11	1726
3	252
4	68
5	290
12	1619
0	1582
3	827
0	127
3	25
1	9
22	90
6	88
13	54
3	13
0	30
7	517
0	0
0	0
0	0
0	0
0	0
0	0
0	0
0	0
0	0
21	4
0	0
0	0
0	0
0	0
0	0
0	0
0	0
4	8
0	38
0	33
0	1
0	4
4	1011
0	1052
167	1099
43	1281
0	694
4	602
0	131
8	397
33	134
5	316
0	318
19	33
5	337
1	129
0	50134
0	24158
0	33757
0	18828
0	41970
0	13459
0	20867
0	31279
0	1102
0	0
0	0
0	0
0	0
0	22
1150	756
0	380
15	353
26	293
0	201
0	252
26	25
0	0
0	0
0	0
0	0
6	67
4	67
0	3
0	2
2	0
0	0
0	0
1	0
0	0
12	9
0	0
0	0
0	0
0	0
0	0
0	0
13	60
0	23
0	0
0	0
0	15
69	2922
0	2900
0	2747
0	2481
10	2997
0	100
44	491
2	151
7	163
56	265
2	207
0	217
88	164
2	60
22	199
2641	2412
23	2398
0	131
10	291
71	241
0	501
0	348
0	229
0	309
0	232
0	286
0	218
0	7
0	36
0	68
0	13
0	11
0	156
0	6
0	31
0	24
0	451
0	413
0	3
0	1
0	1
0	0
0	2
107	889
0	171
5	887
5	377
0	835
0	3
1415	2813
0	2658
31	230
9	20
95	1798
0	54
32	761
8	20
3	234
0	2078
52	426
5	28
7	86
1	416
0	243
0	122
0	108
3	75
3	11
0	304
0	43
0	42
0	43
272	1218
42	58
0	1532
53	4
3621	1553
0	642
19	1448
10	21
0	77
0	5
1	6
0	76
0	6
1	6
1	22
7	3
1	5
0	4
0	76
0	3
0	4
0	5
0	6
0	16
0	3
1883	6207
0	2865
66	2481
0	2464
0	2404
0	624
0	1980
4	2035
0	1967
0	1396
3	1825
10	647
114	1
533	0
404	354
12	58
4	275
0	238
1	35
1	39
344	879
42	877
20	596
41	10198
13	20933
1	15871
252	34202
779	27241
118	9551
243	25209
4	16212
208	1882
5	17145
49	0
80	37
0	0
8	18
2	28
0	12
0	11
513	970
13	385
0	1077
94	880
8	885
0	815
147	361
27	26
3	12
0	117
69	35
8	6
35	10
8	1368
60	1099
0	337
17	1359
14	26
20	77
7	111
31	4918
0	4237
1	4216
0	4359
0	4257
0	3943
0	4351
0	4193
0	3289
0	1048
0	1465
0	182
3	1959
0	349
37	2075
2	1745
8	1956
7	78
7	36
0	509
4	225
3	2
2	530
6	515
0	405
6	100
76	444
7	17284
0	9654
0	15347
0	19164
0	1907
84	569
106	5121
17	5227
0	393
0	267
15	10
0	17827
0	15564
0	0
0	0
0	0
10	19
0	9
1	2
0	4
1	5
0	3
0	1
1	5
0	3
1305	4866
64	3693
9	577
30	719
9	17
13	94
13	34
27	71
2007	506
0	24
12	170
18	23
4	204
1	86
1134	513
0	89
0	124
0	101
11	22
3	60
15	24
9	83
14	135
25	47
0	975
603	1232
28	19
10	110
0	92
144	129
63	371
202	151
0	16
0	15
0	13
195	457
59	473
16	124
16	92
25	22
0	11
317	1338
11	506
0	1081
0	1144
0	950
1	592
0	821
4	866
3	654
3	2
2	255
3	48
0	24
3	19
1	0
2	1674
175	1772
2	542
1	687
10	12
0	492
2	391
0	251
2	25
0	10
163	1380
27	164
17	889
17	364
30	500
0	211
94	2485
27	1498
4	384
23	352
0	206
9	194
7	136
0	218
64	572
2	94
1	164
0	138
8	2351
13	0
8	870
4118	2944
11	8
0	2942
0	1
1	1
0	0
0	0
14	2887
1	2
3	1152
6	18
10	601
3	0
18	2887
89	1471
4	1493
9	914
2	69
0	138
12	265
3	1485
0	280
0	371
0	513
0	395
0	373
0	364
0	416
2	10
0	12
1	18
2	0
14	22
0	16
0	28
0	3
54	855
5	681
58	720
14	183
14	694
1	1
1	105
0	6
1	123
0	97
59	2662
5	93
17	2661
2	0
1	37
5	2662
1	2
0	0
0	0
0	0
3	147
0	160
0	28
57	9
1	6
1	0
0	167
4	538
20	447
20	595
0	493
6	134
0	325
0	212
36	15
1	0
2	4
8	1
0	7
2	44
0	100
0	0
1	0
2	0
2	3
1	24
0	24
3	0
2	5
1	3
0	3
3	14
3	1
673	1143
23	867
3	311
20	349
250	2173
37	1678
9	2214
1	932
1	88
0	578
1	1646
5	700
8	45
46	447
2	72
7	55
8	40
0	1690
0	422
0	191
0	422
0	8
0	262
0	225
0	78
0	23
0	411
0	365
0	18
0	139
0	51
0	76
67	0
99	501
191	679
2	661
0	64
0	56
0	545
0	1995
0	1780
0	266
8	203
0	242
7	24
0	1195
0	870
0	1236
0	3
0	21
0	21
0	68
0	88
4	83
0	86
0	82
4	50
1	3
26	30
0	1
0	85
0	12
5	0
0	1
0	1
0	2
0	2
0	2
0	0
43	46
0	0
0	0
0	0
0	0
0	0
0	0
0	0
0	0
0	0
0	0
0	0
0	0
0	0
0	0
3	0
0	4
0	0
0	4
1	7
0	0
0	0
0	0
0	0
0	2
0	2
0	147
0	147
1	0
29	4
0	4
1	0
0	1
0	34
0	29
0	34
0	1
0	19
0	41
319	435
3	20
0	194
18	412
0	301
0	83
3	56
0	16
0	15
0	32
0	242
0	8
0	16
0	11
0	8
0	14
0	11
0	8
0	20
0	16
0	253
0	22
0	17
0	3
0	234
0	98
0	5
0	250
0	8
0	12
0	30
0	318
0	19
0	31
0	12
0	310
0	0
0	0
0	0
0	0
530	26
1	21
20	19
1	16
124	88
0	0
0	0
0	0
0	1
0	0
0	0
0	0
0	0
1	1
0	0
0	0
0	1
0	0
0	0
0	0
3	1
0	0
0	0
0	1
0	0
6	39
0	0
0	0
4	13
0	0
0	0
0	0
0	0
0	0
0	0
0	0
2	0
2221	0
9946	2723
32	2925
209	61
12	149
0	1488
0	36
0	0
31	70
1	12
0	45
0	38
0	123
0	34
0	392
0	83
0	372
0	31
0	416
0	23
0	352
0	49
0	368
0	2667
13	2261
10	2265
0	1834
0	2642
0	306
0	305
0	243
0	62
0	104
0	110
0	14
0	5
0	15
0	8
0	262
0	250
7	14
1	9
0	0
1	6
9	5
0	0
0	1
0	0
0	0
0	0
0	0
19	14
0	0
0	3
0	13
0	432
0	73
6	93
1	93
3	0
0	6
16	49
0	1
40	166
113	1570
73	1557
24	77
8	108
1	60
16	90
3	561
3	79
7	0
37	54
3	1
5	53
1	0
0	2
0	0
0	0
3	0
0	0
1	0
7	0
1	6
0	3
8	7
0	3
0	3
0	5
0	1
0	0
0	9
1	28
0	10
0	36
0	37
0	2
24	77
0	1
0	8
0	6
0	11
0	0
0	0
0	0
0	0
2	4
0	528
0	1511
2	49
0	266
0	565
0	21
0	16
0	53
0	41
0	8
0	29
12	1303
0	1526
0	1619
0	1366
0	994
0	18
0	104
9	179
5	120
0	1526
0	0
0	0
0	0
0	0
0	0
5	28
0	28
0	26
0	26
6	15
0	24
0	18
0	0
3545	448
3	4
7	331
22	5
1	133
3	3
0	0
0	31
0	31
2	19
0	2131
0	988
0	341
83	2537
0	935
4	1672
0	2070
9	1819
0	1707
14	448
10	1857
2	1893
0	338
5	1555
7	31
11	819
30	33
2	45
9	530
0	31
166	106
3	41
4	30
1	465
125	921
2	68
57	153
0	155
14	176
5	251
2	95
2	2139
1	16
0	4
0	2
1	0
0	0
0	0
0	16
1	23
0	23
0	20
12	14
5	6
1	0
0	0
0	0
0	95
0	92
0	148
0	81
0	3
0	10
3	539
22	229
0	190
7	475
3	30
0	194
3	157
0	4
1	1
0	3
0	3
0	3
0	2
0	0
0	4
0	0
0	0
0	0
0	0
0	0
0	0
0	0
0	0
0	0
0	0
7	3
0	0
0	0
33	2878
9	21
24	1413
0	2159
10	411
0	3988
68	2147
1	4019
0	4048
0	2253
0	1026
6	558
2	224
7	12
20	1484
0	132
0	3
12	156
35	880
0	177
4	83
59	11
4	173
0	2226
0	4036
2	4011
0	535
0	772
4	131
4	287
8	196
0	298
406	499
22	280
0	0
0	0
0	0
0	0
0	0
0	0
0	0
0	0
0	0
0	0
0	0
0	48
0	0
0	0
276	1207
3	1124
8	35
1	35
1	67
0	1124
33	146
0	164
6	68
0	21
3	56
0	45
1	11
0	0
17	25
195	52
4	18
1	34
2	21
4	0
0	0
0	1135
20	1096
8	1059
0	1155
0	14
0	174
0	70
5	2
3	181
0	14
4	175
0	3
0	25
0	975
55	968
0	272
0	1056
0	6
0	525
0	119
0	261
0	252
0	152
20	90
2	26
3	42
1	138
9	1057
0	52
0	15
0	4
0	3
0	0
0	2
0	0
31	0
487	1433
0	85
34	1843
9	1225
17	1137
1	1
0	374
20	0
20	884
2	589
44	9
11	549
319	1225
0	744
0	3
0	3
0	0
2285	1517
93	1445
114	1513
5	191
330	37
2	100
20	71
0	220
0	0
0	0
0	0
0	0
0	0
0	0
65	195
132	153
28	3
19	3
0	0
888	295
46	298
553	742
13	134
34	505
0	211
131	319
5	286
0	19
0	632
25	170
0	577
2	27
1	284
34	0
8	4
3	201
0	0
2	6
0	654
0	0
0	0
0	0
0	0
0	0
0	13
0	0
291	1341
60	585
21	988
15	689
3	21
11	270
0	294
0	281
0	8
2	24
0	100
0	46
0	145
0	805
0	1163
0	283
0	384
23	106
0	46
0	647
0	744
1	85
6	75
0	639
0	684
4	115
0	98
0	45
54	220
0	20
13	152
1	725
0	591
0	46
1	46
0	20
3	6
0	8
0	13
0	11
0	1
0	0
0	0
0	0
72	11166
0	9944
27	10134
0	9387
10	8269
1	10010
4	9402
19	5408
0	7471
58	1795
7	23
140	2078
1	71
1	1975
5	357
0	15
2	1
1	2
1	152
2	259
0	0
0	0
0	0
0	0
0	0
0	0
0	0
3	0
0	0
0	0
0	1
0	0
0	0
0	0
0	0
0	66
0	14
234	54
9	14
0	13
0	0
2	6
0	5
1	0
108	0
69	49
5	106
0	7
0	32
0	34
1	0
0	34
0	39
0	105
62	3658
1	3303
17	51
18	247
4	3
1	381
1	15
2	32
0	4
13	24
4	11
0	1
0	1
0	11
145	564
23	338
24	310
1	107
0	50
0	100
0	12
1	50
23	122
163	15
0	0
354	118
1	64
6	69
2	3
0	2
0	0
0	3
0	11
14	398
0	54
11	4
51	73
7	33
0	382
0	209
0	156
0	151
0	91
0	123
7	0
1	62
9	353
6	377
0	325
3	347
1	984
15	12
0	1057
18	362
0	33
0	33
0	3656
0	4825
0	5292
0	1296
0	2229
0	1549
0	1572
0	153
0	486
0	4131
0	894
148	197
3	141
0	68
1	63
0	11
3	0
2	0
0	68
0	8
0	7
0	7
0	3
0	0
1	0
1	150
233	201
3	101
1	33
11	29
13	8
12	5
2	2
0	0
11	1606
1	130
0	929
0	21
26	158
0	798
6	1381
1	56
1	80
19	88
164	941
8	66
4	63
50	1289
21	501
3	27
10	464
1	30
2	39
1	74
0	11
0	0
0	13
0	7
0	12
0	1
0	0
0	0
0	0
3	9
0	13
0	0
0	1719
1	1559
41	560
0	542
10	161
6	1613
5	575
0	1447
0	772
0	47
20	743
28	791
30	602
0	1437
0	1391
1	708
0	1512
318	1267
2	495
2	1202
23	132
22	10
8	66
0	28
1	0
0	35
0	35
0	1
0	2
0	35
0	6
0	12
0	12
0	9
0	37
0	28
0	7
599	0
1	2855
2	9918
0	23
56	158
11	274
17	174
9	109
10	27
1	68
101	182
4531	22709
66	737
139	22706
21	2020
5	2708
154	15048
0	1322
932	942
0	886
5	323
1	110
4	17
2	55
0	37
5	37
0	21
0	0
0	0
0	0
0	0
0	0
128	78
411	952
67	789
0	179
6	129
11	118
0	60
36	159
1	592
0	3
0	370
0	28
6	5
0	192
0	17
2	41
0	53
56	71
0	59
6	21
2	0
3	0
0	592
0	1033
0	449
0	935
0	396
0	209
117	28748
5266	28768
5	2686
0	30
0	0
0	0
81	100
1546	4331
108	3907
27	685
2	3482
60	3807
5	213
70	3290
35	118
22	64
10	270
3	0
7	180
3	81
73	0
0	0
0	0
0	4
0	0
0	0
0	0
0	245
25	66
0	167
4	216
0	1
3	6
6	171
42	280
1	67
0	0
0	0
5	0
1149	101
0	0
0	109
8	112
3	91
0	33
2	6
0	0
18	46
0	5
7	54
0	21
0	0
0	0
0	0
0	0
0	0
19	2
1	931
1	215
0	12
30	24
0	1537
0	371
0	222
0	151
0	19
0	179
0	665
0	1120
0	1299
0	537
0	96
0	301
0	1
0	0
0	25
2	3
0	3
0	1
0	1
0	1
0	0
0	24
0	25
0	34336
3	23754
0	20097
0	11964
0	9863
626	1155
0	15426
0	6439
0	573
301	845
1	36
10	551
1	119
4	134
18	23
7	0
33	702
30	163
335	164
0	202
6	316
21	4
17	67
0	201
0	0
0	0
1	1733
1	76
0	108
0	101
65	40
1	85
10	1866
27	1681
32	1784
0	14
1	863
0	169
15	3
6	4
12	3
2	2
0	93
110	483
0	0
0	0
0	0
0	0
0	0
0	0
0	0
0	0
0	2
0	510
28	103
0	301
0	4
0	5
0	3
0	3
1	0
0	0
0	4
1246	203
51	204
2	25
0	902
0	6399
0	6901
0	2932
0	1864
0	4188
0	0
0	1228
20	1228
17	439
11	717
2	704
4	472
8	147
0	106
0	265
3	19
0	157
1	96
3	18
12	2
0	882
0	453
0	616
0	63
0	421
0	532
0	7
0	263
0	529
0	270
0	63
0	12
0	1548
0	0
0	5
0	1200
0	1200
33	81
0	0
0	86
0	85
0	94
32	131
0	107
1	131
20	132
0	84
93	41
12	11
0	28
0	15
0	14
1	11
0	13
0	15
7	18
3	110
708	263
0	74
4	114
3	116
4	20
0	83
14	3
0	6
0	9
0	7
1	2
18	29
5	32
1	13
0	34
32	1
1	9
0	274
2	183
15	0
55	185
0	264
15	242
0	132
17	215
68	1783
19	1537
1	61
10	23
5	433
2	189
7	729
0	323
9	155
24	285
4	253
2	224
0	1128
1	342
0	269
6	322
1716	0
3	416
0	221
17	152
8	127
8	163
33	153
10	465
0	447
0	120
0	21
0	30
6	147
1	623
1	376
280	746
2	6
0	0
0	0
0	0
405	0
1	47
3	47
0	0
0	0
0	0
0	0
0	0
0	0
0	0
0	0
0	0
1	11
2	25
6	821
2	134
2	0
22	9
0	79
0	37
7	1889
619	1979
12	151
0	1737
12	95
0	322
6	50
577	3691
97	1239
1	3686
9	1975
0	573
0	233
1	139
0	49
6	0
1	1349
0	732
19	967
0	483
0	764
1	416
0	414
0	195
1	55
3	0
0	13
0	13
0	1
0	0
0	0
0	1472
105	1756
0	1837
4	22
2	7
24	885
2	35
21	799
0	89
4	167
0	40
15	164
17	798
3	86
16	50
23	109
0	1351
0	0
0	0
0	0
0	75
0	3
0	3
0	3
0	0
0	0
0	0
32	13
12	5276
8	3240
4	705
9	21
12	1
1	273
0	964
1	3274
272	4423
2	22
0	330
0	831
48	236
4	56
4	85
2	5274
0	2487
0	5272
3	2272
3295	2299
123	1220
6	1223
0	0
0	0
0	0
0	0
0	0
0	0
0	0
0	0
0	0
0	0
0	0
0	0
0	0
0	0
0	0
0	0
0	723
0	685
6	2433
0	4862
0	781
0	988
0	18
0	11
0	2
0	8
0	0
0	0
2	1
0	6
0	6
0	2
0	2892
0	3004
0	2701
0	2513
0	650
0	325
0	496
0	191
0	174
0	326
0	59
0	211
0	2803
368	1875
0	1915
70	121
0	1550
0	1472
223	593
13	358
5	358
1	255
63	642
1	1119
62	205
4	62
15	233
19	75
2	199
21	759
0	740
25	587
9	536
2	1090
0	917
16	287
4	12
1	285
0	11
0	265
3	11
0	277
0	19
28	274
0	265
2	287
12	277
0	271
8	272
1	284
359	167
1	64
6	17
3	100
3	3
3974	19365
70	1640
31	19365
207	822
25	756
51	716
2	719
0	103
7	88
3	24
1	6
0	6
11	9
22	4
0	124
186	187
27	64
115	94
0	94
0	0
11	5008
0	1959
6	584
10	532
2	506
0	3
0	16
0	347
16	18
33	340
23	26
7	47
17	14
2	4226
0	4571
0	0
712	463
0	463
16	3
0	1435
0	48
0	6518
0	271
0	1129
0	789
0	139
0	58
0	60
0	502
0	34
0	259
0	1377
0	448
0	129
0	349
0	172
0	98
0	0
0	509
0	513
0	428
0	316
0	143
0	30
0	87
0	21
0	14
0	0
0	8
0	1
0	9
0	1
0	17
0	15
0	16
0	5
32	220
0	10
1	60
17	9
0	515
11	426
1	277
5	273
13	444
0	508
0	372
0	247
0	185
5	191
3	73
0	51
0	40
2	67
0	96
0	89
0	508
0	442
1	0
26	958
12	751
3	377
7	417
34	282
125	297
12	108
65	169
4	170
6	47
1	165
8	139
11	107
12	44
74	0
0	0
1	3
0	0
11	5
11	47
5	49
2	0
21	4273
302	4246
29	594
0	682
101	247
15	78
46	249
0	2962
0	13
1	14
0	13
0	13
0	10
0	10
0	0
0	0
0	0
0	1
0	0
0	0
0	0
0	0
0	0
0	0
0	1
0	0
0	1
0	0
0	0
0	0
0	0
0	0
0	1
0	0
0	0
0	10
0	728
5	731
10	975
0	1015
95	829
42	911
7	160
22	28
15	110
0	148
0	699
0	6198
0	1129
0	789
0	139
0	58
0	60
0	502
0	34
0	259
0	1377
0	448
0	25
0	248
22	287
0	287
2	42
172	707
0	36
30	127
1	78
0	37
0	312
4	327
4	85
3	419
1	78
3	4
0	196
208	243
1	50
4	59
0	0
0	24
0	18
0	0
26	138
1	18
0	136
0	126
1	20
0	15
0	6
0	18
32	2153
0	1871
0	1363
85	1449
0	858
52	844
1	640
2	1053
3	1207
0	844
9	676
15	244
18	87
43	324
26	27
2	173
1	278
0	99
0	57
0	124
36	64
0	12
1	91
17	66
137	699
12	550
28	528
0	94
2	125
293	11
0	0
0	0
0	627
0	382
0	1182
47	1256
0	22
23	100
0	28
3	259
0	31
25	1
9	1335
0	0
1	168
2	692
0	1328
1	249
1	0
6	3
2	0
1	244
35	40
0	249
0	0
2	8
3	0
0	2
2	1
3	1
0	0
1	0
0	0
0	0
0	0
5	962
24	807
24	169
3	98
3	46
11	41
0	0
0	5
0	5
0	13
0	8
0	5
0	5
0	5
0	5
0	5
0	5
0	5
0	5
0	8
0	5
0	5
0	3
0	0
35	3
0	0
0	0
5	3
0	0
0	0
54	52
0	0
0	0
0	0
0	0
0	0
0	0
0	0
0	0
0	0
11	0
0	0
0	0
0	0
0	0
0	0
220	31537
0	13968
5	3723
681	531
0	6031
0	24934
3	482
2	19042
0	5588
5	9609
3	13325
2	14015
78	24037
19	15564
0	1680
91	1673
9	77
1	157
51	150
18	93
3	1692
52	299
8	1114
0	1117
2	863
0	1154
81	1154
7	561
2	38
1	86
2	21
1	4
0	15
1	1078
0	1
0	0
0	1
0	0
0	0
0	0
2	15
0	1
939	1029
7	913
0	290
28	396
40	311
0	87
35	33
0	81
150	0
21	792
0	12
0	12
0	10
0	12
0	0
0	0
0	0
0	0
0	0
0	0
1	37
20	1037
32	1090
0	877
0	131
0	77
0	8
0	110
2	31
0	16
0	0
0	0
2	125
10	1999
0	2128
3	1892
1	159
7	920
4	113
4	52
20	1088
656	821
30	67
3	594
41	756
2	615
16	357
0	36
45	18
0	17
1	12
11	519
0	0
0	513
0	349
0	61
0	300
0	36
0	134
0	291
1646	1380
0	1234
6	540
5	1084
0	1
8	80
0	55
738	209
2	81
1	130
0	3
14	28
0	1415
0	1470
0	1341
0	26
0	40
0	397
0	97
0	490
0	1173
0	64
0	5
0	10
0	1
0	173
0	1398
0	398
1667	0
4383	962
0	255
7	408
12	659
443	10
5	4
38	33108
2	5174
67	377
5	529
1	20036
0	22622
56	369
35	3811
0	3795
0	785
0	810
0	4030
14	17763
6	24070
9	4280
8	2635
0	29402
12	12952
0	2396
52	6477
0	3547
79	15361
12	18276
21	29443
0	1
267	0
250	2190
33	2190
142	141
0	0
930	349
7	351
4	184
2	10
1	0
0	0
1	0
0	2
1	1
4	10
11	8
1	7
5	0
2	77
2	8
0	1
0	339
0	348
305	14217
0	14217
0	8300
209	3944
0	11630
0	7958
2	3680
105	1127
0	8102
30	5624
301	7916
3	2035
13	2389
0	1817
78	65
10	25
1020	0
0	0
4	2
0	0
25	0
370	47
1	4
190	284
0	0
21	234
67	80
0	61
0	40
1	23
2	23
0	2
0	37
3	8
2	51
4	46
17	79
8	60
0	0
0	0
0	0
0	0
0	6379
0	11248
523	10916
14	8123
0	1559
19	6
222	583
6	573
2	1845
57	278
0	6
0	0
12	19
0	6
8	0
14	449
4	448
25	311
2	324
1	322
15	287
0	234
4	22
8	1
31	1022
4	10
6	140
68	1193
1	224
3	222
3	7
6	176
3	392
2	631
275	6885
6096	6885
31	749
14	1
24	681
3	165
0	204
6	1
8	50
0	50
0	0
0	0
0	6
0	9
0	46
0	1
0	0
0	32
0	0
0	0
0	0
0	0
0	12
0	0
98	168
0	59
0	8
0	6
19	121
0	0
0	0
0	0
0	0
0	0
0	0
0	0
0	0
0	0
0	0
0	0
0	0
0	0
0	46
0	0
0	0
0	0
0	0
0	0
0	70
0	0
0	0
0	0
0	0
0	0
35	2
0	0
0	70
0	0
0	0
0	0
0	0
0	70
0	0
0	0
0	70
0	0
0	0
0	0
0	30
0	0
0	44
0	0
8	37
0	0
0	27
35	27
1	27
0	0
0	0
0	0
0	0
0	0
0	0
0	0
0	0
0	0
0	0
0	0
0	0
0	0
0	0
0	0
0	0
18	10
0	0
0	0
0	0
0	0
0	0
0	0
0	0
0	0
0	0
0	0
0	0
0	0
7	30
274	1668
1	1660
32	1644
14	13
0	0
0	0
0	0
1	1
0	0
0	0
0	0
12	2545
49	604
121	341
0	274
6	451
3	2470
0	2625
18	2052
1	1788
174	1353
16	1945
19	1799
75	16
1	1258
0	761
6	454
0	1329
0	402
6	713
0	447
1	653
3	590
1	449
0	270
8	608
0	317
0	21
33	22
0	7442
0	6291
0	54
0	4532
0	145
0	0
0	1287
0	47
0	23
0	551
0	41
22	0
70	657
0	635
0	604
18	3
2	44
0	499
6	188
3	28
0	74
2	155
3	26
4	0
8	0
0	66
0	41
0	35
0	23
0	21
0	3
2	5
0	39
2	53
0	14
12	55
0	3
0	1878
29	256
2	181
58	1749
54	21
0	215
5	379
78	1788
0	607
24	1147
0	1858
33	1658
25	37
0	1851
28	1549
107	2859
0	2731
9	105
12	40
32	170
14	0
57	228
0	0
0	37
0	0
0	0
0	0
0	0
0	0
0	0
0	1
0	0
0	0
0	1
0	0
0	0
0	0
0	0
0	37
117	1542
29	1199
47	185
2	331
2	1204
2	764
0	173
0	8
2	137
9	722
30	648
7	1372
11	382
33	975
5	401
16	682
12	1293
32	1542
57	1542
28	1535
0	0
0	0
0	0
0	0
0	0
1069	43
20	16
0	1
6	1128
41	1404
6	1278
14	22
1	39
1	1190
15	222
1	165
0	117
0	110
4	4
1	89
738	3225
4008	4868
340	63
4	32
2	1801
70	1819
0	2
105	3322
382	261
27	200
4	29
15	88
11	21
1	53
4	39
0	0
0	0
0	0
0	0
0	0
0	0
0	0
0	0
0	0
0	0
0	0
0	34
0	0
3	27
0	1
0	1
0	0
0	138
6	148
0	149
0	1
14	113
3	27
0	12
1	8
0	29
3	4
1	0
0	10
4	13
4	5
1	3
1	3
0	1
0	2
0	0
0	0
24	443
0	334
47	93
4	381
2	199
0	11
1	59
0	54
0	73
17	359
0	231
2	337
6	157
1	31
9	4
0	133
1	117
10	13
0	74
6	131
15	66
23	0
23	54
1791	1499
5	1274
2	1284
5	185
3	239
1	563
9	1275
7	407
3	389
0	0
0	0
64	86
0	0
0	13
0	20
27	11
0	96
1	2
12	70
1	31
0	10
0	41
0	62
0	67
0	0
0	0
0	0
15	7260
585	7286
0	1794
11	957
17	4
0	0
0	0
0	0
0	0
0	0
0	0
0	0
0	0
0	95
0	84
0	89
0	55
0	5
0	6
0	4
0	2
0	86
0	57
0	38
0	30
0	37
0	0
2	0
0	0
0	0
1	4
0	0
0	0
0	0
0	0
0	0
1	19
0	0
0	0
0	0
0	0
0	0
0	0
22	8
0	0
0	0
0	0
0	32
1	32
0	9
57	12
12	384
0	11
0	263
5	158
4	51
4	43
0	107
5	600
10	586
0	132
14	261
0	68
4	31
0	82
1	77
102	150
8	41
0	29
2184	1429
35	1429
110	732
1483	188
2	133
14	80
0	911
139	1101
9	835
7	119
7	49
0	15
26	1
16	192
10	21
0	6
0	3
0	3
0	1
0	0
0	3
7	15
0	2
14	0
0	0
0	0
0	276
0	444
0	0
0	15
5	6
1	446
0	391
0	300
5	69
22	215
7	52
1	48
0	0
0	0
0	0
0	0
521	380
23	356
4	279
2	323
0	62
0	90
0	0
0	0
0	28
0	0
17	954
29	1057
2	557
117	408
0	462
5	146
4	2
1	25
31	114
33	43
1	103
13	196
40	2026
0	1008
18	1984
27	907
4	83
2	1748
4	85
0	1
0	175
2	110
26	1753
2	106
42	110
5	943
149	1033
3	200
32	127
1	24
1	65
11	4
0	113
0	0
0	0
2	901
23	4
7	0
0	144
0	779
15	488
4	245
0	7
0	412
0	394
1	327
15	6
0	0
3	9
173	1711
248	1494
40	1823
0	1198
30	881
0	864
12	60
8	3
27	105
24	0
212	3668
93	3380
35	1572
13	914
4	3010
0	185
24	179
17	219
5	73
89	344
5	215
0	44
0	97
2	129
0	0
0	0
0	0
0	8
0	8
0	8
8	1
2	8
0	1
0	7
4	2
143	2045
8	99
4	304
16	1976
14	137
0	29
30	0
3	71
4	489
0	1725
0	63
11	151
6	34
27	44
5	61
4	60
0	262
34	20
13	5
0	1853
825	805
12	432
2	601
10	98
17	273
0	0
0	0
0	0
1	3
54	23
27	659
354	658
0	79
3	48
0	0
1519	399
7	249
18	176
26	20
43	17
0	0
2	20167
2	20168
0	20431
21	15937
330	17051
0	26605
239	26639
1	17048
270	5973
1	0
2	293
475	819
0	11
3	68
13	15
53	466
0	1
242	45
11	45
4801	0
441	1591
0	36
4	129
75	1598
0	112
10	189
1096	0
0	585
0	611
0	676
41	880
34	625
8	10
71	469
3	46
3	167
0	38
12	2
1	16
0	58
29	33
11	65
9	10
0	328
0	49
428	101
11	16
2	44
2	1
3	28
2	23
1	23
2	23
0	0
6	0
1	0
0	5
0	0
4	0
0	0
0	0
0	0
0	0
0	0
0	0
0	0
54	1782
3	954
0	932
9	1424
0	26
61	159
49	453
4	633
1	1546
0	501
0	612
0	1074
0	747
7	981
0	76
4	1
6	0
0	0
156	8248
11	9250
226	9035
0	2413
4	6330
37	4321
29	4446
86	603
8	6786
0	1
0	1
0	39
0	0
14	182
8	467
0	553
4	314
2	62
10	40
19	134
0	728
0	0
64	0
103	0
0	53
177	865
0	830
10	19
12	36
1	0
38	561
30	55
0	58
3	77
3	121
0	146
0	136
4	0
0	57
1	70
17	0
4	0
0	0
0	0
0	0
0	0
0	0
0	0
0	0
0	0
0	683
0	170
0	87
3	49
0	43
5	53
0	63
0	64
1	62
2	34
2	1
1	15
0	21
0	4
0	6
1	6
0	3
0	1
0	0
0	63
0	0
1	15
0	12
0	10
0	0
0	3
0	15
0	5
0	0
0	0
0	0
0	0
0	0
48	4941
0	4298
0	1165
0	373
2	0
0	3358
0	482
2025	2240
11	20
30	2224
7	7
0	31
23	2208
23	1639
1	289
1	510
0	412
1	85
3	50
22	351
0	49
0	112
0	60
0	76
2	19
2	41
3	116
0	26
0	48
0	26
7	143
7	144
1	21
4	27
0	897
43	182
15	27
0	767
0	743
1	173
4	604
8	513
1	157
0	683
0	36
2	9
1	506
0	470
0	363
0	99
0	133
0	802
0	701
0	594
0	680
1	289
0	0
0	0
0	0
0	0
0	0
0	0
0	0
250	2487
0	2201
0	2876
29	2597
32	2752
19	1999
1	2509
29	3
8	1273
73	775
8	161
7	668
4	520
48	912
131	532
1	586
0	42
0	268
2	255
0	59
0	49
1	59
0	748
0	0
0	0
0	0
0	0
0	0
0	0
0	0
0	0
0	0
0	0
0	0
0	0
0	0
0	0
45	1090
0	522
23	1010
14	134
4	1239
14	1107
1	0
0	0
0	0
0	0
0	1
0	0
0	0
0	0
193	1613
2	466
8	1143
2	38
0	80
1	318
2	41
2	28
17	560
0	1378
0	800
0	742
6	823
4	651
1	693
0	820
0	587
0	776
2	52
0	743
4	631
0	0
0	675
2	742
0	307
0	599
0	44
0	503
0	503
0	4
9	454
0	37
4	16
0	98
0	245
0	284
0	306
0	134
0	281
0	114
0	32
0	14
0	286
0	316
1	1741
59	1871
34	229
19	1532
2	231
0	616
8	163
13	1
4	118
0	128
0	4
0	9
4	15
3	11
0	7
0	1
15	353
34	758
9	539
0	453
0	543
0	116
0	97
1	470
6	561
1	117
1	168
0	569
33	319
7	218
0	171
23	68
18	61
5	18
2	10
7	0
11	2
22	959
1	1022
0	878
0	1013
115	1015
8	901
0	946
174	254
0	34
24	936
3	79
0	766
12	250
20	24
14	113
0	976
10	511
0	73
0	869
11	631
22	7
45	12
5	763
22	100
27	10
0	38
28	103
2	254
1	235
27	176
0	140
5	157
0	0
0	0
0	0
789	975
576	1015
12	2
97	624
130	1175
99	1339
2	1087
9	1025
23	345
18	6
0	0
0	0
0	0
0	0
0	0
0	0
0	0
0	0
0	0
0	0
0	0
0	0
0	0
0	0
0	0
49	453
63	226
0	0
13	290
8	53
1	103
1	188
1	86
24	47
0	5
2	78
0	20
2	448
0	490
0	493
2	76
0	496
1	15
26	26
1	10
4	14
15	11
0	419
1	343
1	294
0	294
11	38
2	19
0	18
0	10
7	23
0	109
0	5
0	0
1	15
0	57
21	84
86	87
0	461
0	45
1158	0
6	16
0	0
0	0
0	0
0	0
26	23
0	21
0	21
18	559
25	633
13	105
273	453
39	453
56	490
3	40
3	325
3196	39859
0	39843
18	2804
11	8990
110	64
0	44
6	39
2	43
0	2
3	32
0	12
0	0
0	12
15	60
0	1
0	37
4	45
0	32
0	3
0	0
0	0
0	0
0	0
1	12
7	45
9	179
0	79
7	89
7831	323
4	149
0	119
3	47
0	1
4	748
2	995
97	439
0	130
13	456
11	220
0	112
4	207
6	12
3	9
0	19
0	19
0	19
0	4
0	4
0	4
0	0
79	424
6	364
26	306
7	168
7	128
21	69
0	22
0	22
0	1
0	0
0	0
1	0
0	2
2	160
26	327
2	47
0	790
3	90
7	30
134	765
136	704
11	95
99	533
1	37
1	47
4	376
0	235
1	326
8	472
57	565
17	287
1	458
74	486
32	368
0	160
2	265
1	136
1	87
0	130
0	49
35	151
6	4
0	17
1793	2976
2	112
8	1129
8	588
11	531
45	2
73	1917
317	1552
15	32
0	512
0	516
0	491
0	503
0	524
0	219
0	255
0	249
0	130
0	129
2	1709
3	1468
0	1786
0	1568
171	1290
0	1121
16	975
5	656
40	110
0	448
3	304
0	487
6	18
0	317
0	119
0	180
1	102
0	148
0	173
3	263
1	1478
0	1499
13	487
0	528
40	2544
0	2957
64	1194
9	2611
0	2418
0	1834
21	1364
4	587
0	204
1	602
773	2991
8	1745
12	1206
1	411
58	1608
75	1138
16	23
9	322
3	2988
374	3568
3	3568
3	647
92	520
7	30
5	4
10	6
3	1
12	178
1343	0
41	33
35	111
349	141
76	54
11	37
19	62
14	488
15	447
9	237
6	95
0	1
2	4
1	447
15	325
0	430
1	437
10	281
0	424
16	3
0	3
0	2290
0	1700
0	1805
0	1469
0	1185
0	631
0	654
0	225
0	491
0	111
0	143
0	3
0	0
13	314
1	40
0	0
0	0
5	61
0	32
0	22
10	314
0	0
0	0
0	0
0	0
0	0
41	333
0	838
1883	1354
0	435
0	323
4	95
15	1171
8	44
3	51
2167	1119
16	289
4	1101
0	3
0	3
0	2
0	3
0	3
0	0
0	0
0	2
0	0
0	1
0	1
0	71
0	70
0	0
0	0
1759	723
9	137
130	16
221	286
472	658
5	729
145	206
29	138
138	21
287	1
201	102
1	0
2	0
0	0
0	4
0	5
0	39
0	39
2	47
0	8
0	28
23	665
1	9
0	0
0	1
151	754
55	590
3	308
3	312
1	157
0	123
102	162
18	141
16	34
0	629
0	0
0	4
3	0
0	0
0	0
8173	561
0	0
0	0
0	0
280	1996
92	1996
0	0
9	18
10	8
0	0
0	0
0	653
0	31
0	198
0	80
0	531
0	555
0	66
0	67
0	84
0	12
121	932
64	786
44	586
67	92
1	72
387	31
5	31
0	0
0	0
0	4
0	0
0	0
0	0
3	633
374	490
0	14
41	40
9	70
0	197
15	3
4	410
26	178
2	49
0	46
18	32
2	0
0	0
3	0
2	51
0	50
0	13
0	13
0	14
316	50
0	3
0	0
0	3
0	3
0	1
0	2
0	2
6	23
0	1
0	0
0	0
0	20
1	0
14	17
0	1
0	0
9	237
0	242
0	229
0	23
6	174
0	197
1	26
10	51
0	0
0	2
1	65
0	3
0	1
0	2
0	2
0	2
1	43
12	32
32	23
21	3
0	12
0	3
0	61
2	0
3	1
0	0
2	4
0	0
1	26
0	43
488	2181
0	1636
1	1704
6	1456
7	1528
6	227
0	374
1	1036
39	68
11	617
1	0
0	697
64	22
1	564
37	600
0	172
2	64
17	21
53	847
0	524
6	851
2	5
34	21
0	4
0	0
0	0
0	0
0	0
0	0
87	9
1	1540
0	146
69	1540
0	382
0	18
0	289
0	154
0	167
0	127
0	316
18	541
1	611
0	974
1	633
5	1351
1	958
2	22
0	136
0	22
13	48
1	100
1	13
0	25
0	45
0	21
0	43
0	4
3	4
0	6
1	24
0	16
2	23
0	13
5	8
1	713
0	157
0	112
0	638
0	1367
0	0
0	0
4	0
0	6856
0	706
0	349
0	6588
0	4335
0	5666
0	425
0	1367
0	3355
0	5586
0	5300
0	814
2	885
5	787
1	915
35	494
35	906
0	842
0	349
0	422
0	40
0	25
0	31
0	446
0	4
19	5
0	25
5	59
2	32
0	96
0	83
19	86
1	15
9	39
0	27
468	274
1	263
2	129
2	49
0	58
3	4
0	13
0	0
0	274
7	330
1	389
0	143
0	43
118	2307
50	1323
3	501
0	0
0	0
0	41
0	39
0	41
0	2
0	39
83	0
0	7
0	31
0	0
0	0
0	0
55	449
0	295
0	205
2	111
0	256
4	1523
2	16
30	596
41	1127
8	1041
0	41
0	64
16	82
0	82
3	61
0	197
0	270
0	216
0	171
0	206
0	210
0	261
0	292
0	285
3	0
0	1
0	1
0	0
55	399
23	418
2	191
3	96
17	174
0	0
0	437
64	437
2	435
1	67
0	9
0	0
4	2
0	0
224	905
3	905
0	0
0	0
1	305
156	3573
6	2615
0	8
0	4
0	3
0	162
4	52
3	2803
0	3395
0	2806
2	20
6	289
0	202
10	1076
0	258
0	130
1	3578
0	1840
0	315
0	266
0	222
0	87
0	334
0	119
0	54
0	241
0	52
0	64
0	135
0	326
0	904
0	904
0	904
0	37
0	1
0	0
0	0
0	0
0	9
0	0
0	2
0	1
0	0
0	28
0	38
0	27
0	32
0	30
1	430
0	27
12	126
0	850
1	760
0	85
3	136
17	269
3	725
16	84
4	806
10	327
50	80
3	171
17	8
28	67
19	27
9	17
8	9
26	59
44	305
57	218
0	2
92	749
79	749
81	749
3	531
4	528
0	293
0	246
105	859
234	859
8	0
0	0
19	1224
0	1467
0	429
102	280
95	17
0	997
41	50
7	9
1	19
2	45
6	1
0	901
3	729
106	437
0	754
2	593
12	416
0	419
0	74
3	106
0	170
12	22
0	28
3	87
2	55
30	0
0	18
64	87
1	29
0	2
0	5
0	1
0	0
0	1
0	5
0	0
0	0
37	460
76	588
64	504
38	539
2166	1373
0	1057
2	319
0	5
1	25
0	5
0	25
2	1
0	0
0	547
0	1267
0	557
0	1063
0	1238
0	1337
0	707
0	38
0	0
0	38
0	0
0	0
0	38
0	2512
0	549
0	698
0	493
0	516
0	490
0	93
0	535
0	120
102	376
0	315
0	114
0	203
0	107
0	1163
0	805
0	294
0	281
0	8
0	24
0	384
0	283
0	100
0	46
0	145
0	0
0	0
0	0
0	0
2	0
0	0
0	0
2653	2084
18	2058
422	135
10	29
52	687
0	20
0	8
0	7
0	7
0	20
0	10
26	28
0	18
1	14
0	47
0	20
0	28
1721	11509
0	10106
17	479
17	293
11	7538
6	978
21	8782
27	85
15	2537
119	143
21	156
0	6
0	0
0	0
2145	10687
2	7381
43	6625
41	906
1	5071
0	6299
15	406
27	813
0	0
0	0
0	0
0	0
0	45
0	1
0	3
0	0
45	205
74	149
59	141
17	523
192	1252
2	1069
2	4
9	258
4	29
21	41
0	412
105	3
4	33
20	200
10	53
3	441
2	4
8	400
9	1
1	399
5	11
1	183
1	128
1	73
11	112
22	0
19	55
6	83
81	232
0	0
0	0
0	0
83	636
0	358
0	394
9	5
4	20
0	10
33	10
0	0
0	0
0	0
0	0
1	1933
514	3305
1	1731
1	2080
2	745
4	2347
8	208
0	0
2	121
2	364
10	88
5	179
229	1623
17	915
104	1110
0	923
0	857
28	855
5	1169
34	1163
4	928
2	1129
0	641
2	421
14	271
1	79
15	182
13	161
46	237
0	17
1	333
1	93
4	103
0	491
0	6
0	244
0	33
0	26
0	1081
0	145
0	58
0	30
0	4
0	68
0	38
0	81
0	71
14	48
29	512
5	424
0	313
0	73
29	41
73	103
54	99
0	2
1	97
0	8
0	2
0	0
0	0
4	32
0	0
5	149
7	128
5	76
3	3
14	1
0	6
8	26
0	18
6	11
4	2
0	6
1214	718
233	705
0	4
0	4
0	0
62	77
0	76
0	28
0	0
0	0
312	2624
52	446
4	2059
24	1107
22	8
35	849
0	594
108	977
0	724
149	725
17	655
12	13
102	2156
0	2339
0	777
0	483
5	313
1	475
12	181
10	223
23	0
0	506
0	0
0	0
0	0
0	0
0	0
0	0
7	1
0	1
0	0
0	0
0	0
0	0
1045	3
0	0
0	42
0	121
0	44
32	37
0	0
2	485
0	569
1	15
4	74
1	142
2	151
0	112
0	71
19	9
34	202
30	116
23	282
134	120
0	20
1	8
5	0
0	0
0	0
0	15
0	16
0	15
0	16
0	0
0	0
0	0
0	0
0	0
0	0
0	0
0	0
0	0
0	0
0	0
55	3184
0	2256
46	732
2	1612
65	1016
0	1323
13	3
6	346
20	851
16	116
7	6
1	7
0	5
0	0
0	0
0	0
0	0
0	0
0	0
117	25
0	25
74	1
6	2
0	1
76	0
14	0
0	66
0	14
23	140
590	169
9	0
17	53
26	118
0	98
0	1419
0	1204
43	72
3	1081
1456	1489
3	113
11	33
0	0
0	0
0	0
0	3
388	1926
2	1774
1	73
5	355
1	144
6	182
6	1630
1	129
0	287
0	241
180	26
4	5
11	86
6	21
7	173
1	45
0	0
12	220
15	21
16	49
2	226
0	224
14	345
6	225
308	481
2	0
0	0
0	0
2	0
0	0
0	0
0	2
0	2
0	0
0	2
0	0
0	0
0	0
0	0
0	2
0	2
0	0
968	1517
0	915
2	662
6	555
45	37
51	295
0	1562
0	185
0	144
0	383
84	1022
2	580
1	1092
81	1562
10	205
12	3187
24	2723
16	2329
6	2
69	103
2	11
0	11
0	5
0	8
0	2
0	9
3	0
0	1
0	4
0	0
0	11
0	11
213	189
0	10
1	0
0	177
5	173
1	6
0	5
2	4
0	13
2	11
1	15
6	5
0	49
0	327
0	46
0	664
0	4450
0	4266
0	4688
0	86
0	391
0	2190
0	155
0	233
0	302
0	307
0	198
0	1925
0	150
0	129
0	608
0	212
0	610
0	417
0	586
0	874
0	26
0	232
0	33
0	267
0	91
0	29
0	255
0	3571
0	4474
0	1
0	1
0	0
0	1
0	1
0	1
0	2
0	545
0	693
7	1079
0	1277
0	1261
5	1344
4751	6372
6	3647
0	3368
2	4756
13	1099
4	13
0	51
2	2
10	6
11	1430
3	2928
1	91
1	91
0	2612
6	6931
9	5707
0	378
0	77
4	5705
2	1144
3	1332
0	369
26	1879
0	1864
82	1530
0	2850
0	0
0	0
0	0
1205	419
2	47
0	0
0	1
0	0
1	0
0	1
0	0
0	0
0	0
63	473
38	449
0	174
2	118
61	8715
131	268
557	5521
44	1867
252	209
125	6785
208	471
0	336
15	1218
92	2799
786	4639
0	7133
11	4992
0	6162
2	31
0	10
0	28
0	40
25	1405
6	171
3	1245
0	1337
1	53
0	1316
0	61
5	23
1	1403
0	0
0	0
0	0
0	0
0	0
0	1
0	1
38	67
0	1
0	3
0	4
0	2
0	1
0	1
0	4
0	0
0	0
0	0
0	513
0	544
0	61
0	357
0	152
0	11
0	63
0	291
5	5
93	76
3	45
0	23
0	19
5	7
15	41
4	4
0	3
0	2
0	0
3	292
1	17
99	236
1	10
27	448
11	460
72	484
64	471
21	459
92	1568
3271	1910
20	179
21	275
3	326
4	879
0	175
0	93
16	44
190	46
5	1291
5	460
11	23
1	252
7	10
15	2
209	253
0	3
5	0
116	349
41	359
6	24
28	48
1	44
7	526
202	1748
17	478
0	518
20	745
1	262
2	1663
0	67
9	44
8	47
1773	17
1	3
0	3
0	0
0	43
0	43
0	27
0	1
0	0
1	0
0	1
0	0
0	0
0	1
0	3
0	46
0	812
0	774
0	608
1	636
0	1155
0	19
31	1209
0	1209
11	174
0	192
0	890
11	237
7	517
3	771
1	17
9	9
67	3854
9	734
3	1289
1	3437
23	310
0	1353
2	108
1	81
6	0
3	92
4	54
17	30
3	1265
13	41
7	163
11	0
28	1286
1	188
4	778
0	759
70	720
1	631
2	282
0	1
16	148
26	46
0	3484
112	257
175	29
0	53
2	271
0	12
28	7
19	30
20	48
24	2
7	0
65	634
5	10
4	29
4	487
0	594
3	482
2	80
2	447
17	251
0	594
17	10
7	24
2	5
62	79
3	54
6	11
2	15
4	12
47	0
7	702
0	774
1	605
19	605
0	26
11	10
12	4
3	4
0	0
0	1
9	25
0	1
0	0
0	0
0	0
2	3
0	1
0	0
562	174
4	174
155	369
0	352
25	153
39	129
0	125
76	36
0	0
0	2202
0	0
1	982
1	1179
130	167
8	188
0	89
55	45
1	96
1	1
13	114
3	18
0	79
6	20
0	0
0	2212
0	2137
0	0
8	0
0	0
0	0
0	0
0	0
0	0
0	0
0	0
0	0
0	0
0	0
7	19953
11	3508
6	2702
0	19962
12	17172
33	4769
262	9370
47	2334
13	868
43	1520
0	447
11	538
12	453
4	479
21	578
1	491
0	45
0	151
18	3
99	194
3	44
36	262
10	191
0	99
20	150
0	141
0	164
1	120
0	0
0	177
0	138
0	171
1	172
0	40
3	42
0	18
0	4
0	6
1	4
5	7
0	0
0	0
0	0
0	0
0	0
0	7
0	7
0	7
0	7
0	7
0	7
0	0
0	0
0	0
2	0
4	1372
0	1265
0	1211
0	1104
3	615
64	228
36	533
9	128
123	547
6	9
29	82
7	373
0	602
18	1791
17	1798
22	1641
140	1342
3	29
6	111
4	113
0	100
9	61
8	57
0	1750
0	1750
15	1781
0	1785
9	317
12	30
0	95
0	82
3	248
5	5
8	94
20	174
1857	10257
0	8675
22	5136
57	5177
84	2847
11	3968
5	576
0	4620
1	854
0	1589
0	1667
1406	2717
111	1587
23	1224
3	65
0	1178
0	48
1568	2694
11	63
23	229
20	265
18	262
0	109
530	1677
15	1554
1	2360
11	758
0	1646
5	1127
11	100
0	84
0	0
0	0
0	0
0	0
21	494
2	293
0	443
4	333
13	364
31	278
0	72
2	10
29	32
0	8
8	47
11	15
19	17
6	14
0	91
12	80
28	83
32	90
23	27
0	308
8	17
17	63
0	4
5	71
0	0
0	8
1	0
1	76
43	127
28	15
66	241
6	228
2	45
247	634
34	501
0	625
10	1
4	10
1	87
0	56
4	49
2	17
7	12
21	9
6	346
0	274
3	222
2	189
0	127
5	12
0	259
0	304
17	92
16	2
2	3
4	48
18	203
2	0
0	0
0	3
0	6
310	5762
120	5701
25	178
35	21
14	196
7	394
0	317
9	332
18	296
1	336
14	18
102	3142
26	2286
23	12
2	229
3	13
83	207
4	12
4	3
0	26
0	60
0	56
0	5
2	5
5	3
15	56
0	560
0	137
0	292
0	109
0	47
0	8
0	389
0	89
0	16
0	29
5	11
0	11
0	2
26	8
3	0
0	0
0	0
0	0
0	0
0	0
0	0
0	0
2	229
22	5444
8	195
27	118
2	630
123	8765
0	2072
0	4053
0	380
7	52
62	1802
14	5004
0	217
6	327
10	238
2	2397
59	273
11	8108
0	908
0	2372
0	743
0	649
4	22
30	240
24	204
1	26
0	35
0	92
1	46
3	100
1	75
26	309
0	394
15	407
5	364
0	185
4	239
2	52
6	28
0	55
0	15
11	11
3	43
3	0
0	366
0	352
209	285
1	107
1	34
8	10
7	258
6	0
1	70
0	61
1	16
19	91
0	2
3	146
1481	3421
0	984
4	24
26	174
108	2229
27	46
4	249
15	6
4	1018
0	2
0	0
0	2
0	2
0	2
0	2
0	0
0	0
0	0
0	2
0	0
0	0
0	0
0	0
0	0
25	24
0	4
16	974
44	466
0	904
0	1058
11	46
7	219
16	64
0	160
9	160
11	117
18	327
4	120
350	3204
0	294
5	161
1	3119
0	481
14	107
6	5
8	220
4	153
9	75
1258	176
4	152
13	51
0	31
10	184
3	8
6	2
0	2
0	174
0	65
0	900
0	9665
0	8848
0	4899
0	9613
0	9509
0	5915
0	1847
0	831
0	1952
0	256
0	5079
0	2
0	0
0	0
52	1508
0	8944
4	3159
81	957
6	269
4	745
0	1108
163	3113
6	8592
4	52
5	52
35	65
0	0
0	9
13	7
0	0
0	0
0	0
0	0
0	646
7	645
24	629
0	352
0	424
4	56
1	117
7	1
0	30
0	0
0	524
8	48
17	421
19	627
35	102
0	127
7	96
4	159
3	51
0	0
1	49
25	6
94	0
0	624
0	585
0	4326
0	908
0	2938
0	2638
0	3293
84	11959
109	15954
132	6963
415	313
10	9240
94	3
1	148
22	425
5	57
36	356
0	153
1	383
0	463
0	415
6	39
0	2
0	9
0	3
0	32
126	2532
0	1781
5	1854
46	1853
55	308
0	541
19	40
85	790
48	467
0	2
12	85
519	125
7	389
2	25
24	133
20	391
0	65
25	24
6	349
0	124
44	157
3	10
53	10913
4	6839
0	12102
11	12666
0	854
1	0
12	537
0	0
0	0
0	0
0	0
0	8
0	8
0	0
0	0
0	0
0	0
0	8
4257	3378
32	257
66	1136
9	756
5	165
14	112
42	34
18	611
271	913
29	275
166	86
115	162
125	1303
4	1196
9	111
56	417
0	288
2	18
0	111
0	33
0	0
3	0
14	47
0	1
0	0
0	0
0	0
0	0
0	18
1	45
1	46
0	15
0	14
0	10
0	7
0	0
0	46
5	253
36	199
3	138
3	176
5	143
1	137
9	152
2	123
0	40
0	31
0	1
0	0
0	0
0	0
0	0
0	9
0	28
0	8
0	8
0	64
0	3
0	0
0	3
0	0
0	3
0	2
0	1
0	2
0	2
0	3
0	6
0	9
0	9
0	4448
0	3892
0	1165
0	373
0	1204
0	2871
0	391
42	512
30	71
50	338
0	373
11	55
8	32243
4	30
0	1
0	1
0	0
0	0
0	1
866	2373
31	2359
4	1250
1	1162
0	1485
12	1791
4	1576
0	1725
11	841
2	845
0	947
0	657
0	134
3	192
0	18
4	535
0	14
0	0
7	64
0	2005
0	65
0	130
60	138
1	56
0	4
0	3
0	0
0	55
1	3
0	3
0	149
7	37
1	9
1	2
0	1
2	1
1	1
5	10
15	24
0	0
0	2
0	35
0	34
0	34
957	36
9	36
3938	20954
318	20954
18	715
2743	1755
8	1094
35	627
1	3
6	8
0	1
1	0
0	3
0	0
0	0
0	0
0	25
0	0
0	0
0	0
0	0
0	25
190	1639
1	1594
28	1284
0	1393
1	1385
0	202
8	1224
2	1214
1	1225
0	1
4	207
0	0
0	0
0	0
5	235
0	18
48	3746
0	333
14	304
1	167
24	1225
0	3
0	4
0	126
5	1
16	100
16	0
28	3764
0	0
0	0
0	22245
224	32851
284	18023
170	4088
44	922
55	1913
3	29921
4	13701
41	10534
7475	10702
29	275
258	3548
436	1986
4	12115
44	4293
641	4838
19	26
17	8
0	0
0	0
166	84
3	63
10	22
0	0
0	0
0	0
0	0
0	247
0	239
0	236
0	235
0	249
0	226
0	235
0	239
0	227
0	230
0	238
0	2
0	9
0	97
0	9
1	3
0	0
0	5
0	5
0	367
3	123
5	138
2	171
41	22
1	31
1	16
4	539
4	1707
1	26
0	806
7	609
0	304
0	7
6	75
3	64
95	20
0	2122
0	2050
0	5
4	18
0	59
0	84
0	2
0	0
4	89
1004	256
9	267
5	5
40	7
0	7
13	387
1	939
100	705
6	213
0	488
0	351
0	242
0	220
0	217
2	103
0	0
73	0
9	4750
2	1017
36	4535
248	328
1	136
3	36
4	73
0	41
0	94
0	95
2	86
0	86
3	91
0	78
0	52
32	126
4	11
0	49
4	50
4	17
137	446
134	72
0	95
49	322
0	307
0	308
0	225
0	295
3	925
0	925
1	3221
35	347
0	2819
0	2292
11	70
0	14
0	19
0	1
21	28
0	70
0	2
0	24
0	24
0	0
78	2
2	2
8	69
1020	69
0	156
10	2164
36	2111
3	143
49	0
3	482
9	469
0	90
10	40
0	92
15	26
304	171
1	13
8	191
4	275
8	360
173	3646
243	4200
0	4039
104	4720
22	91
6	263
64	99
1	55
0	3489
0	3996
0	5
0	17
0	42
0	3
0	1
0	7
0	20
0	23
0	14
0	91
0	0
0	0
0	39
0	39
0	39
0	1
0	0
0	2
0	150
0	1
0	1
0	80
0	71
0	0
0	1
0	0
0	0
0	0
0	151
0	39
0	4
10	5
0	1
0	1
7	1
0	62
0	62
0	4
0	9
2	122
18	2
6	114
11	34
0	3
0	1
0	3
0	1
0	3
0	2
0	0
0	0
1204	1275
0	29
78	1256
28	108
0	0
0	0
0	0
0	0
0	0
0	0
0	0
16	341
6	356
2	5
4	2
0	12
1	12
1	616
0	15
0	0
0	0
7	9
0	2
0	0
245	17
13	3
4	83
1	92
20	502
1	497
5	525
23	497
2	496
1	118
1	146
9	202
0	142
10	0
3	0
1	1
3	8
0	13
0	18
0	28
16	28
4	85
0	88
0	6
3	3
5	10
57	6
0	0
0	0
0	0
0	0
0	0
0	961
2	933
0	967
0	1154
0	1128
0	1170
21	1070
2	822
0	330
4	35
0	816
0	934
2	934
492	154
362	307
28	187
3	86
8	124
14	32
0	141
0	79
3	35
0	0
0	1
0	1
0	5
1	5
0	3
0	3
0	0
0	0
2	1
0	1
0	990
0	33
0	573
0	489
0	445
0	440
0	374
0	27
0	316
0	160
0	9
0	201
0	101
0	7
0	12
0	0
0	0
1	1
28	84
2	34
0	893
0	57
0	341
6	30
0	346
2	1329
2	1353
0	0
0	0
1	9
0	0
26	181
3	20
1	20
4	159
19	150
1	107
0	24
0	20
4	21
0	5
0	12
0	5
9	31
0	18
0	34
5	1470
0	417
12	408
0	182
24	334
3	83
0	1482
6	1375
3	1
0	0
0	0
0	1
4	1
0	0
0	0
2	93
0	79
1	86
0	87
12	85
0	60
0	82
0	4
2	13
3	72
0	40
0	4
0	24
0	0
0	17
3	7
20	2
0	92
0	62
0	0
6	390
0	271
3	5
0	273
0	392
55	1874
19	1626
8	1773
0	950
0	427
0	137
2	78
9	275
8	56
0	261
18	2
5	295
3	159
2	77
0	73
4	52
0	52
1	53
0	27
0	26
0	19
12	23
0	1773
0	1482
19	1811
55	1954
3	135
15	50
92	518
5	98
17	30
17	3
8	17
15	190
38	179
27	2325
2491	2332
19	1920
0	41
5	116
6	171
4	337
9	218
1	15
0	4
0	0
0	0
0	0
0	0
0	0
27	9
0	0
0	1
0	0
0	0
0	0
0	4
2344	3
28	3
1095	486
6	37
0	188
1	125
9	0
98	639
72	523
0	282
21	274
4	34
115	0
0	0
0	41
0	41
0	0
0	0
0	0
0	0
54	2943
20	14936
188	15754
51	88
11	101
25	26
13	49
4	190
12	570
0	7433
17	429
351	78
26	1
45	490
6	15886
21	1047
5	1097
5	966
0	1002
1	851
8	570
1	305
14	16
2	3
5	96
7	79
0	24
0	9
0	14
5	13
19	0
0	54
1	32
10	60
25	44
0	72
4	8
0	15
4	6
0	3
9	0
15	3
65	9
0	7
1	1
0	0
0	0
0	24
1	0
0	8
0	1
0	0
0	24
0	21
0	19
0	4
0	4
0	14
2	0
0	8
39	58
1	8
0	21
0	1
0	28
0	0
0	0
0	0
196	519
0	12
0	32
0	1
0	0
0	1
0	0
0	0
0	1
0	49
0	224
2	0
0	8
0	226
0	34
0	34
63	2
0	313
0	313
0	317
0	0
92	722
3	630
3	256
31	273
1	130
22	345
0	206
36	331
1	33
3	16
1	2
6	38
10	133
0	136
7	158
0	138
144	238
9	131
4	88
0	70
0	90
1	1
0	4
0	16
4	36
0	134
0	134
5609	759
0	751
0	1
0	1
0	1
0	1
0	0
246	3664
8	228
6	324
0	3427
7	29
0	431
15	39
15	395
134	1001
1	90
3	378
0	77
21	244
0	1239
0	44
0	76
0	1180
0	92
0	767
0	0
0	0
0	0
0	0
54	2
1632	1456
25	1443
20	0
0	6
188	820
13	22
5	552
2	47
14	318
14	133
5	610
12	93
0	7
3	0
31	17
0	13
0	12
0	13
0	14
0	0
0	1550
21	5
315	2029
8	0
22	1395
20	1813
2	7
1	2
23	35
0	2
0	0
0	7
0	3
0	7
43	1315
24	1741
0	1960
0	1665
25	1389
14	1478
0	320
5	169
17	874
10	126
5	399
6	252
5	359
7	5
11	18
575	6374
87	1001
31	600
0	783
0	1686
15	5536
70	588
32	89
13	3
0	16
8	2818
1	2608
8	2033
0	2822
0	493
0	27
32	143
115	613
1	2372
3	2876
0	0
0	2
1	2
28	777
0	644
1048	1761
48	88
13	1423
11	26
6	8
0	226
0	93
12	27
0	123
0	34
0	392
0	83
0	372
0	31
0	416
0	23
0	352
0	49
0	368
0	748
0	739
0	882
0	237
0	44
69	1758
0	4472
0	1009
0	1103
0	1080
0	1082
0	1123
0	1600
0	3534
0	3502
0	1040
0	1062
2	438
0	386
0	937
73	140
0	283
0	349
0	373
0	393
67	817
1684	2494
0	32
280	2530
32	140
0	1080
0	1134
0	1123
0	1079
0	1075
0	1094
0	1103
7	10
11	396
0	322
1	254
0	299
16	7
3	128
1	21
4	34
0	79
2	11
10	11
6	16
0	49
6	1
0	4385
0	4941
0	1165
0	1697
0	482
0	3358
0	373
219	533
19	439
2	355
20	0
6	1007
77	870
57	71
2	326
4	195
40	333
81	78
28	626
4887	1519
0	1016
1	952
24	624
12	240
69	2
0	0
0	0
18	73
128	216
0	0
3	560
0	501
55	506
17	33
37	58
18	7
1	17
38	14
1	72
9	34
1	2
76	4
49	1131
1	1328
16	1893
43	3
2	2318
10	1232
0	0
36	506
10	33
0	506
5	489
2	33
0	13
16	2
15	59
0	511
150	1743
1	1619
9	109
1	119
0	116
9	28
2	138
29	1200
0	123
0	129
0	157
9	1159
12	1484
22	8835
1332	11044
32	9843
10	519
13	322
5	12
42	1171
8	159
5	83
0	509
0	370
46	522
21	515
17	1350
0	1071
0	318
6	1209
6	1232
0	76
9	888
1	47
1	43
1	1044
0	431
0	106
4	1403
6	208
36	134
0	374
0	1257
8	357
0	317
11	73
7	77
11	1147
21	1
0	0
0	0
0	0
8	29
8	7194
39	6832
54	7527
0	6833
1	6512
4	1159
1	1610
9	306
4	912
0	291
1	558
1	474
47	12
27	505
0	186
13	14
11	15
3	6845
0	0
0	0
0	0
9	2
1	7
71	174
1	2
4	159
0	0
1	5
72	53
0	11
0	2
0	0
5	3
16	741
0	485
13	713
84	484
14	549
0	648
1	237
5	135
0	170
0	268
0	196
0	194
8	97
30	3
14	143
0	102
49	73
0	676
0	650
0	30
0	0
0	30
0	2
0	28
0	30
0	30
0	30
0	30
0	30
0	28
0	33
0	33
0	30
0	0
0	0
0	0
0	0
0	0
0	0
0	0
1	0
0	0
0	0
0	0
0	0
16	6
56	210
0	18
0	0
0	0
0	0
0	22
0	57
175	3103
0	1274
110	1547
0	1169
1	1456
84	1348
10	825
30	1430
39	273
0	92
0	19203
0	19
0	19307
0	18438
0	18577
0	18651
0	18942
2	19190
0	18652
0	18732
15	24346
1	23970
0	16350
0	18745
156	23759
46	23047
65	20578
0	18661
2	15845
1	18634
0	18192
11	20663
25	18689
0	18572
0	18775
4	2550
7	18130
2	19192
25	19663
2	19001
0	18333
1	18794
25	13994
1	19095
0	18843
0	18470
0	18646
0	17793
0	19019
2	18472
1	17111
0	19294
0	18625
0	18690
2	18957
0	18387
12	18635
0	6054
9	2261
0	1432
0	2540
2	27
0	1240
0	457
0	1374
24	1368
7	247
4069	1216
134	1038
2	179
5	0
20	21
0	16
16	21
19	21
0	1
1	4
12	2790
17	9877
0	5466
1	6965
0	1794
0	6818
0	1604
14	6791
81	115
8	94
88	6914
0	4
148	6532
32	7033
20	321
0	1575
1	1046
20	6565
17	4491
1	464
25	559
0	7930
0	7651
0	9837
0	9831
3	7640
0	50
0	50
0	1030
0	847
1	180
10	284
0	1
0	289
56	714
0	85
0	290
0	254
0	555
1	513
0	530
0	525
0	478
0	441
1	380
0	358
0	15
92	384
0	156
0	302
0	364
0	52
0	210
25	253
0	6
2	118
0	0
0	21
31	16
29	66
17	53
18	61
865	281
1	31
0	1
0	63
0	61
6	20
132	97
0	13
24	74
0	0
4	40
0	0
0	0
0	0
0	0
0	0
0	52
0	15
0	4
0	3
0	0
0	2
0	0
0	0
3210	0
0	0
0	137
0	357
67	2221
38	2852
0	500
0	1403
0	2473
0	2164
0	887
0	905
0	508
0	599
0	317
0	341
3	12
0	99
0	19
1	1
17	38
0	28
0	1
12	89
0	42
0	64
0	33
0	57
0	3
0	14
10	92
0	1
0	21
3	3
0	1
0	35
6	20
4	3
1	27
0	22
4	27
24	20
1	3737
6	3912
0	1366
0	3889
52	1177
123	2856
0	902
2	742
7	121
18	6
5	165
9	1
1	1100
0	219
28	54
0	0
0	0
0	0
0	0
289	5470
7	5359
0	3652
7	241
2	155
30	615
12	275
9	127
907	1045
8	66
91	65
2	14
2	32
4	0
27	65
2	57
2	805
57	746
1	37
0	776
0	800
254	234
3	721
0	5
0	0
0	0
3	77
2	81
2	168
2	194
19	181
3	18
1	15
9	0
38	6
7	54
17	33
0	65
2	61
2	10
2	206
1190	4448
283	4129
5	3194
61	4050
1	737
10	634
6	695
9	687
7	154
3	456
20	1
4	20
0	0
0	0
0	0
0	0
0	0
0	0
0	0
0	0
0	0
0	0
0	0
0	0
0	0
0	0
0	0
0	0
8	20
0	0
0	0
24	1362
61	1460
49	77
0	388
0	389
0	40
51	186
49	372
0	169
3	4
6	256
7	57
2	65
13	0
0	1414
0	0
0	0
0	0
0	0
0	99
0	17
0	20
140	417
3104	1422
7	717
46	714
19	540
11	52
4	224
0	0
0	0
0	0
0	0
0	0
0	0
2	3
0	0
0	0
0	1
0	0
46	118
0	0
0	118
0	1
0	2
0	2
8	457
6	6184
28	7796
0	10779
0	7904
25	10481
0	10752
43	14
1	7999
3	308
14	5972
6	1432
43	1501
20	2190
1	4876
0	13
12	859
13	1661
30	725
0	856
26	269
0	381
34	230
17	1217
0	490
4	7
0	1
0	1
0	0
1	3
0	2
0	3
1	3
0	2
0	0
0	7
0	5
0	1
0	0
0	5
0	0
27	20
0	22
0	16
1	5
0	6
0	5
0	5
0	6
0	964
0	852
0	409
0	624
0	636
0	27
0	510
0	11
0	5
0	6
0	11
0	55
0	13
0	210
0	80
0	0
0	0
0	0
0	754
0	745
0	763
0	562
7	8
1	0
0	7
8	529
47	296
0	54
5	40
2	41
6	47
0	14
1	7
0	742
0	736
1	219
2	5
1	1
13	0
208	301
14	4
41	104
29	1
5	35
2	2
3	81
7	0
0	86
0	296
0	323
0	389
0	360
0	364
0	427
0	201
0	425
0	447
0	143
0	34
0	164
0	128
0	10
0	9
0	0
0	0
0	0
6	1
0	10
0	1703
0	1345
0	1156
0	410
0	281
0	1216
0	56
0	32
0	748
0	644
0	49
0	323
173	57
397	335
48	323
1	15
9	184
1	46
0	5
1	26
0	34
6	14
6	13
2	6
4	4
7	8
1	8
13	1677
708	1809
0	1009
0	154
2	395
33	269
65	202
4	288
0	921
27	3223
0	3581
185	2779
2	3215
4	1410
0	265
10	191
15	30
0	1025
0	635
11	355
0	148
2	124
4	3163
0	1
0	0
0	0
0	0
0	0
0	0
27	61
233	889
6	50
2	153
0	824
0	1
4	1
0	146
0	25
13	33
0	0
145	1183
23	1230
26	5
28	228
51	18
25	316
0	5441
0	3645
0	1624
0	24
0	31
0	1610
0	1687
0	697
0	307
0	28
0	271
0	57
0	3626
0	85
6	0
2	80
0	3
2	0
4	64
0	26
4	25
2	22
1	5
0	5
0	4
0	3
8	22
45	42
0	37
0	23
9	13
0	1
0	108
0	155
0	125
0	148
0	125
0	83
0	63
0	123
0	104
0	12
0	45
0	21
0	36
0	21
0	27
0	42
0	129
0	107
0	1665
32	82
0	1869
0	1673
0	12
0	98
8	57
2	446
0	143
0	128
0	147
0	2
0	0
0	0
0	0
0	0
19	3275
3	2895
5	2310
0	2336
229	1042
3	2274
8	2793
3	611
1	322
0	261
0	1153
47	324
1	75
0	974
47	1470
0	884
0	1466
4	85
5	161
12	92
9	50
0	30
9	4
15	27
2	73
1	8
2	39
3	79
3	29
2	558
7	54
57	444
0	441
0	163
0	863
168	1371
1147	1349
54	143
241	825
260	454
18	116
6	430
1	0
1	219
0	28
294	836
15	621
5	531
12	140
0	121
20	0
0	17
20	0
20	0
0	0
0	0
23	206
0	46
16	128
1	19
9	51
1	32
0	0
0	47
15	33
21	171
6	11
6	0
7	41
0	1
0	1
23	3
0	0
0	0
0	0
0	0
0	0
0	19
0	0
1	11
57	17
0	2
0	19
1	0
3	5
0	2
4	5
17	2
1	55
84	67
0	48
4	79
1	34
0	7
19	6
6	2
10	2
12	1
4844	836
12	525
7	311
0	0
11	3812
90	3735
40	270
0	3146
8	2
5	153
5	108
4	113
22	66
0	73
0	109
18	76
2	7
6	38
20	4
0	4031
0	834
0	808
0	178
0	83
0	3
0	5
0	2
0	17
0	12
0	209
0	141
0	82
0	22
0	23
0	13
0	7
0	3
485	411
16	62
29	16
15	41
30	115
19	285
12	0
569	652
2	77
10	312
10	462
1	284
0	130
46	11
15	123
0	0
0	0
0	0
0	0
0	0
0	0
0	0
0	0
0	0
0	0
0	0
36	0
0	0
2	0
0	830
0	1783
0	914
0	1415
0	2466
21	69
17	69
1	1
0	0
0	0
1	1
0	70
8	51
51	43
0	42
0	61
0	18
0	2
0	3
0	0
0	0
0	283
10	268
6	73
0	0
0	0
0	0
0	0
0	0
0	0
0	0
0	0
0	0
0	0
0	0
0	0
0	0
7	1054
4	4
0	1
0	1
0	0
0	1
0	0
0	0
1	0
0	0
0	0
0	30
0	2
0	3
0	3
0	0
0	3
0	9
0	0
0	3
0	28
0	8
0	2
0	1
0	64
0	2
0	27
0	8
0	9
0	9
4	721
0	527
50	370
0	99
0	81
0	35
0	31
11	10
0	143
0	460
0	30
1	162
0	376
0	33
0	0
0	0
0	0
0	0
0	0
2	569
12	212
12	86
8	34
1	473
0	573
7	403
1	94
0	441
3	4
2	312
0	399
1	69
3	361
1	463
0	120
9	2
7	283
2	68
0	3
45	117
0	39
0	456
0	0
0	0
0	0
0	0
0	0
0	0
0	0
14	418
67	421
0	113
1	49
0	42
0	1221
0	1056
5	50
0	50
0	17
2	39
0	7
0	9
0	9
817	3507
1	21
0	71
29	72
5	1899
399	3187
0	3615
4	671
0	1024
13	69
5	574
5	83
1	695
0	2275
115	1743
67	16
22	100
0	16
14	195
94	2052
0	1007
0	0
0	0
551	1715
23	1715
6	142
16	17
212	2596
0	2091
0	1709
1	1547
0	990
8	292
0	273
1	273
4	30
1	8
8	2099
0	0
0	0
0	603
0	660
0	691
0	583
0	487
0	587
0	585
0	82
14	82
174	190
4	4
19	30
1	109
16	15
0	143
0	24
0	331
0	716
0	962
0	1
0	70
0	312
0	0
0	0
1	0
139	2547
3	2230
4	1346
16	1491
0	339
3	273
17	6
40	1121
0	720
2	949
7	40
0	211
177	17
5	17
956	1382
19	1301
10	106
0	804
0	468
0	2
0	331
0	158
0	304
0	55
0	73
0	2291
0	18
0	4497
0	4398
0	4410
0	3845
0	4338
0	4374
0	939
0	649
0	3657
0	352
0	4395
0	4372
0	13
0	12
0	1
0	11
0	204
0	259
0	115
0	367
0	322
0	214
0	248
0	134
0	119
0	27
0	10
0	1
0	36
0	37
0	71
0	35
12	0
0	75
0	75
0	44
11	0
0	0
1	0
0	0
0	174
2	234
2	178
0	202
4	202
0	163
0	123
0	34
0	392
0	83
0	372
0	31
0	416
0	23
0	352
0	49
0	368
1317	1332
63	1255
0	943
0	146
1	122
6	119
3	6
0	0
44	809
4	7
0	11
5	6
1	88
10	768
0	18
15	3
0	799
26	773
2	770
1	893
128	1118
0	935
6	234
7	23
17	37
29	38
0	935
0	4
0	4
0	4
0	4
0	4
0	0
0	0
0	0
0	0
0	0
0	0
0	0
19	4392
0	697
0	3685
5	1072
0	3618
0	18
0	438
1	531
0	576
0	663
1	619
0	514
0	150
0	419
0	27
0	1
16	843
0	41
1	94
2	795
27	795
1	138
1	112
10	163
5	204
3	321
32	73
31	0
8	173
9	149
63	2182
5	1943
8	1980
5	76
5	18
5	1
2	175
3	15
7	108
0	3
10	0
7	527
22	525
0	24
0	0
1	214
1	210
0	29
0	214
2	11
1	21
0	15
1	29
1338	28
5	28
0	0
0	1587
17	1620
14	1385
0	691
6	581
3	517
7	15
2	1620
0	1
12	140
2	136
0	1468
2	1701
16	883
0	80
0	80
0	103
3	170
0	19
4	1004
0	258
8	219
1	166
0	148
5	31
3	23
3	37
30	1
13	2
0	1410
6	1
0	1
0	0
0	1
0	0
0	0
0	0
0	0
0	0
0	0
0	0
93	468
2	422
0	257
2	41
3	124
0	4
2	35
1	58
1	7
2	4
0	0
0	0
0	0
0	0
0	0
0	0
0	0
0	0
0	0
51	1151
5	1437
0	1541
0	1391
50	250
0	117
8	1424
35	1447
0	1378
0	1085
3	1382
0	1069
1	116
3	145
0	308
9	83
0	143
1	32
0	318
3	91
1	56
112	180
29	1489
1	157
0	127
3	170
106	2363
0	1145
0	4378
44	258
376	148
2	149
36	4565
4	1334
0	1
0	8
0	1
0	1
1	0
0	0
0	4
2	0
0	8
0	8
12	174
0	34
2	178
3	401
13	0
0	20
0	401
31	1081
15	41
0	93
10	16
0	1058
0	9
0	7
0	9
0	7
0	9
6	1
0	1
0	0
0	34092
0	34403
0	20097
7	18001
0	11964
0	9863
0	15426
0	6439
0	5262
0	573
0	0
0	0
0	1
1690	1726
176	1514
8	1520
1	549
0	333
3	115
0	1
0	1
0	2
1362	6
0	15
0	6
0	6
0	5
0	2
0	12
0	0
0	6
0	0
0	233
0	218
12	587
0	899
0	119
0	541
0	3
9	3
1	0
0	782
6733	1900
7	629
15	1520
26	10
12	130
0	135
4	279
2	24
1	30
1	51
0	0
0	41
4	2
1	130
0	91
0	218
0	0
2	4
11	108
1	24
328	272
99	290
0	236
0	70
3	74
0	2533
0	1854
0	30
0	1295
0	2517
0	74
0	314
0	11
0	0
0	0
0	0
0	0
0	0
0	11
0	0
0	0
0	0
737	4680
39	4127
32	3696
46	119
50	25
17	443
71	35
201	47
0	10
0	24
3	1
65	31
3	14
2	1375
1	1351
0	1199
9	1625
0	249
32	7
5	143
1	322
1	5
1	1682
55	750
10	693
0	91
0	22
6	15
1	5
0	16
0	96
1357	8461
8	8461
1	0
0	6
0	0
2	0
0	0
13	25
0	0
0	0
0	0
0	0
0	0
0	0
0	0
297	1107
5	1001
11	775
3	686
196	206
3	123
2	195
571	894
0	386
1	152
0	0
0	54
1	212
0	16
3	50
1	52
10	7
0	897
1690	1001
2	42
0	187
4	268
0	264
2	242
1	207
3	306
8	12
0	392
1	302
0	203
1	168
6	92
1	5
0	8
0	0
0	0
0	0
0	0
0	0
0	0
0	0
0	0
0	0
0	0
0	0
0	0
0	0
12	34
14	107
2	811
2551	1069
31	0
120	77
16	231
748	414
14	1
20	5
0	12
2	6
0	868
0	589
8	819
8	361
1	387
3	0
2	78
2	8
1	26
0	22
14	17
4	6
26	866
0	590
0	3535
0	3629
0	3299
0	2689
0	3442
0	3634
0	111
0	1876
0	1786
0	2956
0	960
0	1231
0	2239
0	2079
16	921
0	2048
0	2618
5	1162
6	871
4	2702
0	2398
0	1005
2	432
0	785
24	352
13	342
0	1288
0	262
57	1033
0	194
1	680
1	2178
2	2163
0	2151
17	442
7	103
0	103
0	0
44	340
6	26
1	785
0	1458
7	1033
0	1269
5	752
0	796
0	385
0	696
16	20
7	830
0	555
2	718
0	766
0	606
0	568
0	498
7	246
12	78
5	463
4	36
1	1
2	108
6	448
5	283
34	290
25	5
0	209
0	1319
2	79
7	155
9	166
8	71
3	155
0	118
0	0
55	1820
1	59
3	48
5	1795
2	24
42	699
1	156
0	0
0	0
0	0
0	0
0	0
0	0
0	2
0	0
0	1
0	1
0	2
0	2
0	0
0	2
0	0
1	35
12	885
4	884
0	761
3	598
2	500
0	579
9	520
8	0
0	127
6	1
9	109
0	39
3	85
1	40
2	100
10	42
14	68
34	557
18	556
1	20
32	33
4	18
0	122
3	96
3	132
0	67
0	242
0	91
0	317
0	91
12	52
0	20
2	42
0	0
0	73
2	33
0	36
0	35
0	18
1	0
0	16
0	68
87	1743
53	1223
0	1020
2	236
4	257
3	73
6	268
25	35
2	44
17	197
0	1377
0	1197
1	16
46	271
5	1575
0	1269
5	2
36	505
0	1682
3	1520
15	1732
0	1591
11	1652
0	1682
6	1580
0	249
0	249
0	0
0	23
0	0
0	0
0	0
0	0
0	0
0	0
0	0
0	0
0	0
0	0
0	0
0	1
0	0
0	0
0	0
0	0
2	190
1359	194
41	202
244	8047
1	21551
2	17366
19	22951
0	9190
221	30643
24	9449
398	33418
56	26776
4	15738
3	12101
13	16638
228	7585
7	342
3	0
112	680
4	650
6	618
11	19
13	0
0	372
0	16
4	255
13	628
23	347
25	144
0	89
1	176
8	75
3	74
13	84
2	68
6	72
0	59
0	47
9	2
1	7
4	320
0	231
5	176
0	3
4	107
0	4
0	189
0	1
2	19
0	25
1	30
0	102
1	73
2	67
3	26
1	41
1	64
0	10
1	9
1	9
0	8
0	10
0	9
50	524
2	518
2	30
2	253
0	17
3	3
0	0
0	6
0	0
0	0
0	0
0	0
0	0
0	0
0	0
16	6
0	0
0	0
0	0
0	0
2	0
8	5
0	5
0	3
0	0
0	0
0	0
0	4
0	0
0	0
0	4
6	4
0	5
142	513
16	451
8	25
5	57
0	0
0	61
0	128
0	0
0	0
9	626
0	0
0	2
0	16
0	0
0	0
0	0
0	0
0	951
0	327
0	51
106	1073
0	101
0	33
0	83
0	12
0	105
0	526
2	215
101	298
4	227
5	280
12	298
61	153
12	41
0	154
1	140
0	153
0	134
0	80
4	77
5	45
6	73
0	29
11	4
1	20
30	854
152	287
3	599
0	422
0	529
17	599
1	223
5	297
0	62
33	5
1	122
131	322
0	290
3	45
16	88
21	21
5991	5619
165	5171
34	724
3	705
20	444
6	100
2	1229
1	437
144	1230
25	571
6	120
2	549
0	535
0	705
16	482
4	245
64	293
1	85
6	39
45	4
12	5
1	41
0	1
0	0
0	0
0	1
0	0
1271	788
5	30
13	259
0	599
0	627
0	382
0	13
0	12
0	1
0	11
0	0
6	2023
2	95
14	267
3	265
1	268
0	105
1	5
3	369
16	1843
9	366
3	1
0	4
0	9
50	1102
29	976
1	10
6	181
2	139
0	4
0	0
0	1
0	0
0	0
32	1030
1	2
0	25
6	10
0	11
12	4
10	4
0	1030
0	581
0	324
0	184
389	342
4	189
6	2
5	306
1	426
117	1343
5	998
8	1380
4	291
0	157
0	313
0	789
5	1203
0	625
0	674
3	776
4	67
0	133
0	1162
0	1007
0	1199
16	1721
51	1667
5	154
0	77
28	1267
14	4
13	58
2	3
24	146
22	99
2	352
2	0
0	44
3	71
19	253
169	1440
3	1353
2	67
14	67
0	0
0	0
0	742
9	675
0	716
28	504
5	59
0	26
4	7
0	37
0	2
9	34
16	0
0	0
0	1
0	1
0	0
0	1
0	1
0	0
0	1
0	1
0	0
471	2589
74	2589
18	47
9	54
8	0
2	0
0	0
0	0
0	0
0	2291
0	2580
0	1135
0	972
0	773
0	697
27	543
0	2281
5	139
91	1139
0	310
7	69
0	94
151	40
0	19
0	569
352	53
6	53
0	0
47	4127
0	4228
2	1208
1	1145
3	113
0	0
0	0
0	0
0	2
0	1
0	1
0	0
0	0
0	0
0	0
0	2
0	2
0	277
0	418
0	183
0	216
0	172
0	141
0	142
0	141
0	169
0	137
0	98
0	14
0	8
0	17
0	8
0	0
0	14
0	308
1702	1102
12	25
2	1042
2	118
0	3
4342	5123
8	2839
12	2634
7	837
2	773
0	3
2846	250
24	250
42	84
58	270
0	84
14	3
1	13
4	4
0	107
0	166
1	11
0	0
0	0
8	1
1	5
0	56
0	0
0	0
0	0
0	0
0	0
4	1775
42	1981
21	2325
3	410
3	393
0	300
0	298
36	187
3	453
571	2006
54	2021
313	1682
8	21
3	86
69	41
0	24
0	24
14	2092
630	2092
0	6
0	810
0	822
62	480
0	480
0	19
18	485
3	235
3	143
9	192
5	243
1	102
3	78
0	196
0	168
4	29
9	107
2	60
7	0
0	836
0	753
62	982
3	1001
0	2
0	15
4	995
1	990
3013	4135
2	558
79	211
30	215
8	172
8	134
80	70
1	721
9	3
0	940
20	479
16	938
25	975
10	581
10	214
35	464
209	1298
165	1298
1	2042
48	980
17	2203
0	578
4	33
4	176
0	799
0	295
0	994
3	970
11	2210
0	0
11	2
0	0
0	0
69	34
30	36
1	29
0	15
0	33
0	0
11	93
0	35
345	5093
0	7
1	104
1	1
0	60
4	59
0	49
0	81
0	0
0	0
0	0
0	0
0	0
0	3
0	0
0	0
0	0
0	0
0	0
0	0
0	0
6	33
0	0
0	0
2526	1184
0	31
0	349
5	214
83	119
0	110
1	35
0	250
56	164
0	44
0	218
0	0
50	947
21	1146
11	153
10	500
0	321
0	0
0	0
0	5
0	1
0	2
0	3
0	4
0	4
0	0
0	3
0	3
0	0
0	206
0	0
0	206
0	2
2	2
0	1
0	0
51	2368
21	1720
31	1558
2	319
11	66
0	52
4	2004
11	36
21	93
1	328
8	240
28	318
145	252
7	44
0	76
6	81
27	151
89	35482
1	816
63	363
92	38196
43	28832
423	2347
0	22475
0	4705
130	443
170	17410
143	2650
0	14073
0	7431
295	7244
0	4556
196	494
2	226
134	167
0	59
1	52
235	156
0	124
0	1
0	24
3	109
2	0
677	1134
0	255
15	335
101	767
7	213
16	182
1	188
30	8
340	411
2	362
0	374
0	8
10	4
0	50
0	0
0	0
0	0
0	0
0	0
0	0
0	0
0	0
0	0
0	0
0	0
1	2
0	0
0	0
0	1
0	1
0	0
0	0
0	0
0	0
0	0
0	0
0	0
4	2
10	2
4	22
1	22
8	34
47	388
3	17
0	374
10	6
0	0
0	0
0	0
0	0
0	0
0	0
0	0
0	0
0	0
0	0
0	0
0	0
0	0
933	61
0	0
0	0
0	0
0	0
0	0
0	0
0	0
0	0
0	3
20	30
1029	22219
8	21837
0	315
5	829
18	600
12	70
7	38
7	636
9	255
11	7
21	142
2	0
19	11
3	2
4	463
0	103
0	4
1	65
0	42
2	786
3	228
4	332
24	1
3	189
6	722
65	724
2	27
0	8
9	148
15	126
4	31
0	782
6	95
0	87
0	82
0	9
0	9
0	3
0	20
0	6
0	10
0	1223
0	1611
0	1057
0	264
0	738
0	1105
0	1218
0	1219
0	750
0	424
0	678
0	634
0	299
0	246
1	451
8	81
0	10
2	30
1	42
0	34
0	25
0	7
0	20
0	7
1	7
3	1
0	1
0	1
0	220
0	222
0	619
73	34
0	8
0	10
3	10
0	34
0	11
0	0
0	0
605	0
0	237
18	222
48	176
6	239
4	48
1	13
2	12
274	3386
80	3744
32	3679
35	935
15	541
4	216
65	82
360	3394
84	272
80	270
74	415
19	313
4	400
1	8
9	25
0	26
0	94
0	69
2	42
0	126
7	43
1	36
0	60
10	69
0	89
0	49
12	27
0	14
0	23
2631	1510
30	1510
0	422
35	15
0	3
0	3
0	0
0	0
0	0
0	0
0	0
0	0
0	0
0	0
0	0
0	0
0	0
0	0
0	0
2	23
0	0
0	0
610	1128
140	494
4	56
1	488
22	644
17	279
68	116
0	0
38	49
72	50
2	25
0	38
342	1226
170	62
1	38
2	8
0	18
0	5
1	19
1	15
0	3
18	19
12	21
13	39
3	0
0	0
0	8
0	173
28	1111
16	1191
4	615
12	1160
78	962
39	475
0	49
3	721
0	587
5	366
20	48
0	21
13	10
0	4
0	66
0	11
0	5
0	61
0	11
0	0
0	1
0	0
0	0
0	0
0	1
0	0
0	0
0	0
0	0
0	0
48	798
25	290
17	235
9	316
0	60
16	243
4	194
83	321
44	74
19	156
16	40
52	769
14	575
16	486
2	1
26	4
2	102
183	10406
3	968
232	6914
12	8614
3	1137
0	1906
18	170
20	590
15	385
50	26
9	2051
5	511
0	977
8	1117
4	345
3	134
205	2161
20	2161
1	27
0	7
2	7
6	7
0	2
11	0
0	25
9	1
3	1
0	25
3	20
5	772
13	723
5	748
14	13
19	258
0	59
1533	331
3	330
2	72
0	72
5	137
690	1304
9	14
2	847
0	309
0	1867
0	202
0	57
0	159
6	156
61	260
3	14
3	68
0	70
3	45
37	84
0	0
0	0
16	20
73	22
11	4
0	0
0	0
0	0
87	540
11	75
0	460
38	59
0	25
93	0
5	330
418	497
2	237
0	42
16	42
0	163
6	101
4	125
8	59
2	392
23	40
0	30
0	123
19	379
0	72
2	170
11	41
0	93
0	11
0	43
1	126
0	0
0	24
0	77
0	6
1	1
0	74
1	283
28	589
158	72
0	531
1	154
7	14
2	62
7	51
1	10
1	30
2	154
5	1178
15	1304
7	2
264	1492
0	1121
2	201
0	235
0	1435
1	1232
17	66
0	24
0	199
19	989
2	9
7	32
0	5
36	31
1	8
1	11
0	0
1	3
0	1
0	1
4	1
0	0
0	19
0	95
0	92
0	148
0	81
0	3
0	10
223	0
0	429
216	549
0	116
11	134
0	80
11	23
18	89
3	81
2	59
2	50
6	0
53	3
0	0
0	0
0	0
0	0
0	0
0	0
0	0
0	0
0	1
0	1
0	1
0	0
0	1
0	0
0	0
0	1
0	1
0	110
28	7811
565	8565
3	647
3	760
9	355
2	539
3	71
12	298
3	295
0	255
96	495
1	117
0	270
3	321
0	52
8	251
11	275
4	21
13	3
64	1
15	0
4	2057
4973	10188
15	1928
15	4293
22	3538
0	0
0	0
0	0
2	640
3	871
66	1964
37	1021
0	1017
0	1807
3	1046
1	48
0	86
0	979
188	2038
0	3
9	443
0	526
12	446
3	372
0	507
9	30
33	44
5	258
0	209
7	584
40	184
0	1932
0	0
2	1
0	0
0	0
0	0
0	1
0	0
8	0
3224	1768
12	287
11	1743
11	202
5	591
4	574
8	218
24	0
4	96
73	564
2	0
3	0
0	0
73	210
11	210
2144	788
7	21
0	461
1	7
64	43
0	2
3	1
0	2
91	3007
81	744
6	2478
3	260
18	1359
39	142
5	186
2	362
0	201
1	1556
23	47
8	25
20	0
3	39
12	315
3	91
1	289
6	292
21	446
7	483
40	1013
10	14
3	202
39	689
16	165
4	87
9	66
1	608
31	93
7	114
4	116
5	68
0	114
6	1
0	8
0	10
0	107
0	0
243	148
56	107
3	29
0	2
0	0
0	1
2	1
0	0
0	0
0	0
2	0
0	2290
0	1700
0	1805
0	1469
0	1185
0	631
0	654
0	225
0	491
0	111
0	143
0	3
114	1270
351	1252
47	18
0	534
31	48
31	125
0	1243
0	36
0	51
0	51
207	0
1	34
128	34
15	33
0	28
76	239
4	132
2	149
25	54
3	59
0	5
10	40
0	2
0	0
0	1
0	1
0	1
0	0
0	1
230	1547
41	1533
12	817
4	1019
93	27
0	312
0	0
0	312
10	234
29	320
0	312
4	111
0	295
15	10013
9	9862
6	10019
3	2
0	0
3	34
6	0
0	0
0	0
0	1
0	1
11	24
788	12
18	234
2	11
3	0
0	233
3	1000
20	333
211	430
0	203
24	443
0	359
0	0
23	1293
15	17
0	97
0	1045
0	22
12	113
0	209
0	453
1	1199
0	373
0	70
76	1165
9	228
8	17
0	1232
0	62
2	34
0	120
105	593
0	122
9	55
0	139
17	5
9	99
7	25
22	152
0	0
0	0
0	0
0	0
7	8
0	3
61	7
0	0
103	6
0	1
0	0
18	21
0	0
134	421
29	421
0	304
0	180
0	126
1	307
1	13
3	18
0	13
0	6
5	7564
996	7549
220	371
11	730
11	4473
146	1348
95	11
64	19
15	124
121	80
0	253
464	29
0	2400
0	1173
11	345
0	0
0	0
0	0
0	0
13	1718
5	322
1	1167
46	426
0	78
0	1794
0	512
0	598
14	369
1	676
7	1718
2	469
0	311
0	282
0	1876
0	1605
0	57
59	30
1	18
205047	373
4	22
4	186
6	6
0	13
3	0
3	20
0	26
2	0
0	20
6	5
7	6
2	28
0	0
0	19
0	345
48	1854
0	1854
0	3628
26	12347
7	8506
21	9237
0	6405
182	6128
4	3657
4	3764
0	663
0	8731
7	0
9	974
61	1488
0	3234
0	2702
9	14
5	14
0	161
6	0
0	350
4	82
1	14
25	52
10	9
0	3216
2	2890
0	0
0	0
0	0
0	0
1	0
3	2892
244	2896
4	129
3	85
0	59
18	14
2	213
48	108
4	38
4	34
0	1370
0	1488
0	1406
0	1594
1	1969
0	368
92	124
0	121
0	21
14	1249
4	63
0	68
0	24
2	1237
24	24
3	103
0	1242
0	1248
0	0
0	0
0	0
0	0
0	0
0	0
0	0
0	28
26	28
0	0
0	4029
0	3166
1	3959
0	17
2	73
2	3722
0	0
48	3365
85	5614
0	9977
0	4
4	10
0	83
0	5
5	9659
0	5230
0	4009
3	382
1	0
38	187
34	1138
2	2
3	503
48	10051
4	18
0	246
736	740
30	516
16	474
15	231
39	11
925	14656
3	14656
0	11
0	11
0	11
0	6
1	0
0	0
0	7
3	6
0	7
7	1
0	0
0	7
0	7
0	120
0	195
40	149
51	224
17	67
2	1322
338	1595
115	1994
35	1420
0	289
0	105
0	842
0	645
6	612
12	299
0	734
0	206
27	70
0	555
0	471
0	180
0	184
0	81
0	88
0	6
0	0
0	1
0	0
0	4
0	3
0	2
27	6
1	0
0	6
7547	2627
78	2557
5	1042
0	0
0	0
0	0
0	0
0	0
0	0
0	1
0	1
64	2790
4	2747
2	1106
1	2820
22	2017
11	1125
5	86
4	29
0	0
1	1518
426	1518
0	83
0	206
25	3
0	3
0	0
0	0
0	0
0	0
0	0
1755	4982
148	3571
1	1022
0	1261
1	777
0	2925
0	2556
0	1155
0	2754
0	2469
0	913
3	743
0	2526
0	1398
0	1946
0	2855
0	870
0	1385
0	0
5	2962
0	1234
11	22
0	0
9	70
2	2
3	0
0	1757
2	1846
8	1660
0	1516
1	1385
1	1430
1	236
0	346
0	386
0	66
1	203
8	526
11	486
21	355
10	11
1	276
0	276
0	3
4	263
0	0
0	0
0	261
1	277
29	4984
47	4994
11	4850
2	149
10	26
10	191
2	174
5	133
1	73
0	4984
0	2074
0	1643
5	958
5	1426
0	1136
13	824
1	1305
0	0
0	0
13	22
0	0
0	0
0	0
0	0
0	0
0	237
0	585
0	4974
0	4788
0	5210
0	45
0	661
0	101
0	654
0	2429
0	217
0	276
0	313
0	307
0	198
0	1939
0	150
0	129
0	608
0	212
0	610
0	417
0	586
0	874
0	34
0	232
0	33
0	288
0	91
0	29
0	255
0	4916
0	3684
29	1997
4	196
0	3226
4	3183
34	651
29	416
4	124
20	404
2	220
0	4
0	2
0	0
0	1
0	0
0	0
0	0
0	0
0	0
0	0
0	0
0	0
0	0
0	0
0	0
1408	1493
0	188
36	1425
83	39
49	1216
338	1175
6	268
45	405
51	236
1	1099
1	22
0	30
3329	3165
63	3165
7	119
0	2751
0	119
0	471
0	26
0	0
0	0
0	0
4	98
19	9
17	209
83	35
6	37
0	168
3	29
0	162
4	88
1	0
0	22
0	6
0	79
0	0
0	1
0	0
0	0
0	0
0	4
0	0
296	4163
227	4163
51	39
0	93
50	24
9	1
4	344
22	210
16	661
3	289
6	132
0	13
0	6
4	125
15	135
6	138
2852	8595
202	9086
88	3809
3	7
83	8
0	139
292	1006
2	4
19	215
5	716
1	0
0	110
3	365
1	483
2	75
9	114
11	83
0	367
18	427
0	70
256	16
1	16
32	473
506	1217
1	359
9	518
242	4796
103	4041
17	138
0	3264
13	1568
0	1452
48	552
98	598
95	112
171	113
0	4767
14	0
0	0
20	0
11	275
6	328
0	190
51	5
1	146
44	19
13	147
0	21
71	323
37	174
1	22
2	45
0	117
0	48
0	48
0	339
110	0
10	4
2	32
0	30
0	76
1	3
80	163
21	0
4	0
23	17
1	0
0	0
17	120
1	120
0	766
0	684
0	666
0	658
0	614
19	663
0	697
54	673
2	1
1	9
0	4
1	16
0	5
0	1
0	5
0	7
0	47
0	110
1	23
4	0
2	25
0	178
4	32
0	38
6	26
10	295
1	80
2	83
85	138
0	2
0	675
2	707
2	3086
22	3401
6	4102
6	3818
6	835
11	27
24	69
24	102
1	4
8	329
1	348
3	160
0	159
1	156
0	2441
16	3398
0	43
0	0
30	73
344	269
1	0
40	269
0	4
33	838
132	1817
0	1762
0	3544
23	1822
26	6709
1	1737
13	382
2	490
8	1415
2	5499
0	1568
20	1075
4	2236
23	132
33	1046
0	5956
10	769
120	15893
49	5305
215	3742
87	13097
69	12795
13	1164
2	2240
33	3371
658	1390
24	1162
0	2
5231	3457
1	3428
26	2727
0	698
2	1
18	19
667	40
40	32
21	32
1473	1742
3	65
12	17
7	62
1	123
7	677
2	100
0	202
10	5
3	34
4	380
11	26
0	3
9	9
10	8
1	1413
51	106
1	77
14	4
1	15
0	6
0	5
0	4
0	37
0	5
0	37
0	0
0	11
2	37
0	6
0	41
6	12
2	1469
122	537
0	717
22	103
0	1473
21	1620
0	568
12	568
0	0
0	0
0	0
0	0
0	0
1	9
4	9
0	3
11	43
87	5401
0	17
10	302
22	111
49	5098
0	0
434	132
0	110
3	86
4	56
0	0
0	0
1	3
0	0
426	458
6	5
141	116
4	437
20	37
5	92
21	155
0	367
0	0
6	2
0	916
0	913
0	805
0	802
0	412
0	316
0	187
0	268
0	7
0	0
0	0
1	1
68	1
0	1678
0	1
501	787
10	207
0	151
4	644
32	299
0	4
0	4
0	2
0	0
1	0
0	2
0	3
0	3
0	0
0	13
32	4234
19	159
10	715
1	465
0	341
0	354
23	597
1	1004
31	408
54	2736
55	2786
17	3238
0	613
0	1435
2	846
0	683
121	718
0	0
9	319
2199	2050
5	1787
13	15
2	101
15	6
5	66
0	0
0	0
0	0
0	0
320	292
0	0
0	0
0	0
738	8479
40	7679
0	965
22	7236
19	5577
6	5862
1	2355
47	1771
6	235
1	405
0	0
0	0
0	0
823	1
276	3917
107	1631
3	1843
3	262
0	126
0	89
0	75
27	2481
0	33
15	371
1	234
18	6
7	106
43	248
0	209
26	3
5	7
5	20
0	20
0	20
0	1
0	0
0	0
12	519
37	993
46	756
2	331
0	478
0	317
0	4
0	0
0	0
0	0
3	75
1	3
22	50
3	46
1	5
0	5
2	29
0	86
0	192
0	171
0	44
1	7
0	34
0	129
0	90
3	18
0	79
0	21
7	44
9	15
0	39
1	158
0	3
0	87
0	49
0	163
0	109
8	647
2	22
0	15
0	484
1	376
8	497
2	6
0	23
13	375
6	498
2	550
47	9
0	19
0	841
0	605
38	45
2	480
7	2486
88	1420
0	2244
70	2146
31	2111
0	488
12	387
0	621
0	39
48	26
2	939
0	18
0	11
10	13
0	29
0	19
20	352
19	223
0	217
0	149
0	44
0	0
0	279
3	70
0	178
0	111
0	105
0	14
0	10
0	1
0	104
994	1523
0	361
32	1162
89	531
0	0
10	0
2	6942
22	6948
266	6949
13	330
15	32
0	1
0	8
0	35
0	33
0	31
0	6
0	5
0	1
0	0
1	758
0	101
0	161
36	367
9	55
51	374
0	623
1257	1460
31	55
11	1438
3213	116
0	0
0	0
0	0
0	0
23	26
0	0
0	0
0	0
0	0
55	377
96	323
3	130
34	243
4	98
1	125
13	125
2	288
4	12
0	20
0	51
1979	150
1	27
29	140
9	109
4	9
8	16
1	144
0	757
0	547
1	2
0	83
0	727
0	78
48	278
2	0
0	546
9	15
11	16
2	14
2	51
0	51
0	42
3	0
0	5
2	0
0	457
4	88
9	757
0	546
1326	2061
31	2061
1	1831
26	293
65	253
4	183
0	0
1	95
0	1422
8	1441
0	71
0	0
3	29
2	1183
537	43
3	524
2	2
8	102
1	67
0	1421
0	0
1	0
0	0
631	0
469	6277
33	6285
0	3
0	3
0	3
0	2
0	2
0	2
0	2
0	1393
777	1423
18	815
0	17
0	18
0	20
0	2
0	0
2	2
298	67
10	35
4	25
0	10
7	12
80	23
7	2565
57	416
3	667
18	137
0	2382
1	2086
5	0
1	7
0	0
0	0
1	3
478	637
53	610
3	12
8	26
3	75
23	14
349	1044
0	67
5	39
0	64
5	109
5	126
11	862
1	121
1	15
0	285
0	15
0	94
0	97
19	528
89	587
4	573
98	545
12	29
14	67
21	3
3	16
0	26
4	240
9	54
0	0
0	0
0	0
0	0
32	0
694	2155
7	3769
0	1264
0	1251
2	3673
91	11
12	271
42	1832
23	2266
41	2250
35	99
0	1248
3	120
18	48
19	1427
5	78
147	99
3	34
86	358
206	1015
0	1217
6	863
32	50
37	273
14	150
0	0
0	0
0	0
0	0
0	0
0	0
0	0
2	0
0	0
0	7
36	617
19	0
1	63
6	13
0	617
18	1627
2	1584
1	1806
214	1765
9	1205
545	1511
38	1816
0	574
2115	692
35	692
0	0
0	0
0	0
0	0
0	0
0	0
0	0
0	0
550	1573
3	391
12	211
186	624
61	444
91	108
101	397
22	828
0	906
0	682
3	291
0	48
2	132
10	31
9	112
50	59
0	0
153	0
0	0
0	0
0	0
0	18
0	0
13	23
1	0
0	0
0	18
0	9
0	0
60	9
0	22
858	1
911	229
0	229
0	587
0	584
7	279
4	31
22	17
0	663
0	556
7	187
0	557
48	158
0	85
0	408
53	17
29	25
523	108
13	108
0	1
0	75
0	13
2	11
2	50
0	5
0	23
0	92
0	3
0	13
1	9
8	73
0	7
0	14
2	12
0	11
0	23
0	14
16	60
1	35
1	0
0	30
1	34
0	30
0	36
0	23
0	6
0	7
0	269
0	1055
0	86
0	33
17	2158
71	2413
1	970
3	865
11	184
12	7
1	45
3	116
0	202
0	17
13	202
1	7
48	817
3	129
0	32
47	79
14	740
87	0
2	44
0	102
0	140
5	37
8	114
2	69
36	11
34	19
1	274
79	180
2	6
4	111
0	626
0	185
0	94
0	119
0	77
0	67
0	150
2	101
0	91
31	115
0	56
0	56
0	70
2	8
0	55
15	7
4	56
0	0
0	2
0	2
0	0
0	0
0	0
0	0
0	0
0	2
0	0
0	0
0	0
0	0
0	0
0	1
0	1
0	8
25	51
0	0
0	1
0	0
0	0
2	16
1	1483
0	697
8	763
9	223
28	288
2	792
2	37
0	118
5	159
48	1023
0	29
0	761
42	707
1	311
0	56
0	83
0	15
0	0
0	0
0	0
2	10
2	0
0	1
0	1
0	1
0	1
0	14
0	0
0	0
1171	122
19	1
0	64
95	4335
3	3882
24	67
15	1765
1	2204
7	153
9	1395
0	562
5	137
2	270
11	11
0	1
0	1
0	11
2377	1014
11	112
150	238
0	408
119	57
3	114
9	359
13	2
25	1644
168	776
20	1425
0	328
3	499
10	179
25	1381
5	156
126	239
0	68
0	5
1	13
0	7
2	0
0	13
1	5
0	3
0	0
0	123
0	84
0	88
7	102
2	39
0	54
0	6
2	13
0	1
0	1
0	2
0	0
0	7
0	4
0	6
0	4
0	4
0	5
0	1
0	0
0	0
0	2
1	2
0	120
0	0
0	0
0	0
0	0
0	0
0	0
1	9
0	6
6	438
6	469
0	475
4	140
0	17
0	22
3	0
0	1
5	157
0	220
0	183
0	0
0	44
0	27
0	192
8	21
7	196
1	197
0	9
0	0
0	34
0	34
31	24
33	184
0	174
0	5757
0	5865
1	5729
0	406
2121	5991
0	1705
0	5827
25	19
22	1650
10	13
2	13
8	1
1612	657
15	657
6	2
8	76
0	5
9	844
14	1689
4	1595
13	752
0	167
50	93
6	6
0	1422
0	1570
0	6
0	6
0	0
0	0
0	5
168	6754
10	7854
0	6759
5	5030
20	3955
32	1418
23	2400
0	2389
7	2327
0	2249
8	1367
8	1974
6	54
94	1651
2	2119
29	2248
2	596
0	542
57	478
18	273
1	445
0	95
5	174
9	123
11	40
328	310
0	246
0	0
0	0
0	0
0	0
0	0
0	0
0	0
0	0
0	0
0	4
0	2
1298	2887
2	224
2	1666
1	163
12	254
46	336
10	467
70	242
0	71
0	154
4	7
4	266
5	354
12	8
0	33
0	33
0	1
0	1
0	1
118	15
0	0
0	0
0	0
9	112
57	459
3	121
6	62
0	41
0	388
10	3271
208	3132
0	806
9	306
5	1059
11	10469
0	1625
6	9653
46	3
189	1121
77	1837
328	9034
25	416
109	479
78	1569
259	286
2	167
54	453
1	340
0	432
0	37
8	312
84	505
26	640
10	707
0	1004
2	545
25	528
37	268
3	507
0	0
0	799
0	5744
0	6314
0	9158
0	6527
0	9398
0	8417
0	4921
0	5365
0	5527
0	2109
0	3814
0	3526
0	3563
0	3512
0	1999
0	2562
0	2969
0	416
0	110
0	416
0	502
0	249
0	521
0	180
0	669
0	536
0	415
0	445
0	544
0	388
0	229
0	233
0	181
0	137
0	105
0	12
0	151
0	55
0	113
0	150
0	126
0	232
0	5553
0	8457
0	8201
0	9120
53	58
0	5
5	417
13	380
62	308
4	247
4	8
37	79
9	503
0	156
9	19
0	2
5	7
5	2
7	50
1	51
17	379
0	14
0	501
0	2180
0	2075
2	2
16	124
1	99
6	23
0	2088
1	1989
1	2092
0	1986
0	1
0	0
0	0
0	0
0	0
0	0
0	1
0	0
0	228
133	1592
0	428
90	167
47	1
23	1268
8	1080
0	0
0	0
0	0
0	0
0	0
0	0
0	0
0	0
0	0
0	0
0	0
0	0
0	0
0	0
0	0
22	214
1	232
0	121
9	593
5	841
2	150
1	863
7	842
10	159
3	809
1	138
0	116
59	57
19	568
0	44
2	80
4	13
6	60
15	0
18	14
0	2
0	0
26	624
3	149
0	453
0	4
0	553
0	24
0	1
0	4
0	5
0	247
0	1126
0	1126
0	1126
0	1105
0	1126
0	789
0	681
54	14
0	15
0	0
179	0
0	0
0	8
0	5
0	0
1	32
0	4
0	2
0	8
0	0
0	0
0	2
0	2
0	0
0	0
0	0
0	12
0	2
0	4
0	4
0	199
0	0
0	0
5	1
8	0
0	1
0	2
2	2
0	13
0	3
0	34
0	4
0	2
0	2
0	1
0	34
0	34
0	33
4	2097
2	908
105	221
0	1955
31	2020
16	1802
94	1751
2	1524
0	1652
4	103
0	1406
6	1281
15	23
0	496
21	124
0	305
1	217
0	152
0	54
0	101
0	9
0	57
0	51
1	115
0	80
0	85
20	30
12	47
0	2003
9	247
4	3
253	260
0	11
0	2
0	0
0	0
0	0
0	0
0	0
14	2
0	0
0	0
0	0
0	0
69	450
8	290
0	457
20	5
0	26
11	38
0	16
34	380
7	413
0	143
48	346
856	842
7	112
2	44
21	53
2	488
3	67
5	71
2	5
3	23
3	154
0	791
10	791
3	158
4	640
0	180
1	536
2	392
5	374
0	206
83	167
6	56
0	246
124	144
0	366
1	347
0	141
0	220
42	234
17	169
0	0
0	0
0	0
0	0
0	0
83	3409
172	3203
0	2421
28	304
86	125
0	517
141	497
28	284
8	134
59	258
5	443
10	217
0	87
0	176
7	97
0	119
0	83
0	110
14	0
2	0
497	291
82	84
0	47
21	202
1	3
0	30
3	7
2199	339
28	303
592	1222
0	498
13	207
0	264
0	543
693	553
10	316
0	0
0	88
0	127
0	50
0	88
0	34
435	996
82	1003
0	29
0	10
7	563
12	980
1	478
0	75
5	738
0	108
1321	878
2	132
17	146
17	93
1033	497
0	200
7	709
0	1531
38	15
69	1154
0	167
2	1353
0	27
0	38
0	50
0	36
4	8
0	45
4	49
0	95
0	39
0	10
2	30
0	10
0	50
21	153
0	44
0	11
0	6
0	0
0	0
5770	0
0	14
1306	3506
13	680
7	115
7	36
73	288
0	171
1	0
0	19
107	974
185	2162
4	1933
0	2373
0	2373
2	218
0	2353
0	2380
0	939
1	189
1	2203
13	5488
4	3492
4	3761
0	5455
0	756
0	2161
1	669
0	335
0	114
5	82
2	222
2	236
2	120
0	41
0	4784
0	0
35	22
0	0
0	0
0	0
432	1715
0	1127
61	1286
10	1630
0	1169
7	0
4	6
0	38
0	38
1	162
1	2
12	1146
0	1139
219	908
29	251
0	74
5	780
8	23
3	19
72	936
3	796
4	553
0	271
0	914
99	269
1	97
0	756
27	262
67	278
12	267
0	672
31	13
0	379
0	765
25	414
0	41
0	678
0	13
0	2
0	2
0	2
0	0
0	0
0	0
1	6
2	0
0	0
0	459
0	354
2	160
6	403
1	272
0	151
2	1
0	62
0	28
27	485
22	512
0	35
0	29
24	52
34	8
307	1932
75	1919
1	561
6	334
1	7
14	23
52	14
11	227
1436	232
5	18
71	10
13	4737
23	4737
3	6930
0	149327
7847	149323
51	11
52	112521
44	81
15	7290
189	35307
123	1392
232	26883
0	39329
0	1
0	0
0	1
0	0
0	1
40	8
1	2326
1	14388
54	18998
241	14616
51	18048
0	4500
14	20526
0	18485
0	20473
0	18432
29	881
64	14022
0	14251
0	3597
0	1477
33	6668
0	1817
5	120
35	9767
4	1792
246	274
8	247
6	32
0	83
1	35
0	10
6	9
0	0
2	3
0	3
3	0
0	42
0	1
0	0
0	1
0	0
0	41
0	0
0	1
0	1
2218	2658
59	1932
0	1176
3	899
0	0
0	0
0	0
0	0
0	0
0	4
0	5
0	26
0	26
0	36
0	8
0	28
21	660
0	4
0	1
0	0
0	0
0	0
0	0
0	0
0	0
0	0
0	0
0	0
0	0
9	559
216	687
0	71
0	15
4	216
7	53
6	131
0	1
0	0
0	30
0	0
0	0
0	0
0	30
0	0
0	0
0	0
0	0
0	0
0	0
0	0
0	0
0	0
0	0
0	0
0	0
0	0
0	0
0	0
0	0
991	546
1	141
0	384
0	39
7	8
20	0
13	45
9	64
5	152
2	20
4	88
10	1
6	7
1	85
978	745
8	402
0	14
8	658
0	176
0	0
0	0
0	0
0	0
0	0
0	0
0	0
1	9
0	0
12	7
0	0
10	4351
85	4779
59	4852
7	3749
33	4432
1	4294
36	1469
15	161
14	1086
23	5
13	485
0	1889
0	0
0	76
0	0
0	14
0	0
0	0
0	0
0	0
0	0
0	0
0	0
0	0
0	0
0	0
0	0
0	1
0	0
0	0
0	0
0	76
9	580
11	193
6	4
0	581
0	1
0	1
0	1
0	0
0	1
1	2973
0	2967
1	3137
0	1645
13	347
3	2120
24	2126
4	1883
14	203
3	72
5	232
84	3130
7	0
0	441
53	635
3	188
2	514
20	119
24	147
66	292
37	209
1	252
0	218
0	13
12	0
7	30
0	86
0	78
2	77
0	77
0	46
1	48
0	48
0	46
0	42
0	45
0	46
0	46
0	47
0	46
0	49
0	31
0	47
1	50
0	33
0	48
0	50
0	86
0	87
0	83
0	85
0	86
0	87
0	85
0	95
2	30
0	0
0	0
0	123
0	103
0	124
0	106
0	107
0	104
0	100
0	106
0	105
1	57
0	23
0	89
0	107
0	124
1	68
11	112
62	238
3	206
49	205
0	156
3	1
0	0
15	206
908	755
2	251
120	551
10	1429
16	2
0	1429
4	4894
0	5
8	3987
504	7068
0	4
148	3
22	1287
126	4894
10	0
4	802
1	978
23	1031
2	1239
0	859
14	275
9	426
0	810
7	816
3	742
21	275
6	139
0	0
0	0
0	0
0	0
0	0
0	0
0	0
0	0
6	48
0	29
0	0
0	64
0	596
0	473
0	567
0	1
0	8
0	9
0	144
0	11
0	68
0	90
0	20
0	87
0	17
0	91
0	533
0	1
0	0
0	53
0	0
0	0
0	3
61	357
11	268
3	69
10	82
73	16
4	12
0	12
0	12
0	12
0	0
0	4
0	4
0	1
1	2
0	1
1	0
0	0
0	0
1	0
0	0
0	0
0	0
0	1
1	0
0	0
3	13
0	0
0	0
0	0
0	0
0	0
0	0
0	0
0	0
0	0
129	2411
25	405
0	974
65	939
5	675
29	677
0	216
30	13
3	24
28	0
0	1920
0	0
0	0
0	0
0	0
0	0
0	0
82	378
0	264
0	267
4	207
0	0
348	972
11	120
56	352
131	34
0	451
16	336
0	142
0	339
0	339
1	338
2	0
19	566
24	634
2	5
11	102
48	18
51	6
0	31
0	53
2	39
9	3
0	221
0	1
1	12
5	19
30	784
522	775
4	78
8	68
0	466
3	346
0	265
6	75
1128	0
50	12
589	438
8	397
36	3796
0	75
11	429
3	63
123	61
12	6
13079	3685
1081	2229
0	164
0	213
0	146
20	638
203	99
11	73
3	7
14	57
119	432
34	475
0	80
0	309
0	440
5	52
0	275
1317	16
221	217
0	1
0	1
0	1
0	1
0	1
0	1
0	1
0	0
1	0
0	0
0	8
0	8
0	0
0	349
1	64
0	65
0	50
3	34
0	226
0	398
0	353
0	310
0	363
8	341
3	92
7	63
0	54
0	81
2	64
3	48
0	121
0	91
0	35
0	42
1	0
1	90
3	222
22	12
9	7
5	61
3	150
3	93
26	15
15	408
0	1477
3	3276
9	30
0	2691
40	1032
2	684
3	481
14	2491
152	2220
15	203
0	333
2	253
7	497
15	435
0	873
3	254
28	1
144	1298
25	233
8	48
12	99
4	88
3	107
0	81
4	1029
56	1029
996	1029
44	45
2	38
0	3
1	7
0	0
1	2
0	36
417	1336
0	1137
141	552
0	2
0	2
0	2
0	2
0	2
19	55
9	72
2	14
42	9120
171	9100
6	736
6	7
27	551
115	682
30	990
81	104
1	742
3	49
0	1992
1	1820
0	2452
0	1810
0	1658
0	1957
0	104
1	3
10	641
1	1478
0	104
6	0
17	41
9	10
11	2497
3	2121
2	2468
0	2472
0	2306
0	1314
0	1788
10	774
3	247
3	38
4	1788
135	5486
93	5486
0	0
0	0
0	0
0	0
0	0
0	0
0	0
189	888
0	888
4	45
202	535
0	879
0	185
0	150
0	424
29	13
11	461
44	27
9	510
0	131
1	165
0	354
31	253
0	202
1	296
98	342
73	286
0	431
9	400
0	398
0	1207
0	916
9	0
145	606
26	656
4	30
2	22
27	83
3	186
0	139
11	112
26	29
1632	11704
805	11186
2	7019
80	5176
9	4861
16	3569
85	2746
1	648
0	6412
14	10
0	0
2	0
0	0
0	31
0	85
0	85
7	7
9	5
88	5
0	1
4	180
39	5
7	12
0	24
3	11
7	33
0	7
0	5
0	5
0	1
0	1
0	1
1	126
0	0
1	1
32	0
606	227
1	82
3	42
0	6
0	153
0	160
15	441
1	192
13	105
0	150
6	199
8	249
0	12
0	166
3	215
2	53
9	3
0	52
0	11
227	278
0	310
1	17
0	146
64	138
0	353
0	0
3	121
121	1316
6	304
23	591
0	188
4	410
141	489
0	7
0	7
0	1
1	2
0	2
0	0
0	0
0	0
0	7
0	7
2642	1882
91	1872
12	660
64	10
4	8
0	5
0	8
4	8
0	0
0	0
3	5
0	0
162	22
6713	4515
171	2858
33	1546
2	2052
21	1265
47	1227
4	1167
0	338
0	318
35	130
32	5106
7	38
0	0
0	0
0	38
0	0
0	0
0	0
6	2
39	1334
61	1397
8	1481
0	425
39	558
1	289
11	196
1	525
2	512
49	38
169	349
19	459
0	46
49	10
2	29
0	0
0	0
0	0
0	0
0	0
0	0
7	4
0	0
0	0
0	0
0	0
0	0
0	0
0	0
0	0
0	0
0	0
0	0
0	0
0	0
0	0
0	0
2	8
0	0
0	0
0	0
0	0
0	0
0	0
5	7
33	147
36	155
7	8
43	121
37	50
0	0
0	24
0	24
0	2
0	22
0	24
0	24
0	24
0	24
0	24
0	22
0	27
0	27
0	24
32	70
2	46
0	2
0	4
0	1
0	2
0	10
0	9
2	5
1	0
3	0
0	1
0	0
0	2
0	0
0	0
0	0
0	7
0	9
0	0
0	2
0	5
0	0
0	3
0	2
0	5
0	3
347	477
22	477
32	6
10	110
19	682
15	54
3	848
21	848
1	712
1	28
34	1542
45	17
0	20
20	104
6	1466
0	0
7	0
6	1065
4	945
0	835
8	921
3	0
1136	3953
42	239
85	3006
0	1815
85	1745
23	596
0	2
0	12
0	2
0	1
0	0
0	4
0	13
0	1
0	12
0	12
0	37
0	5
0	12
0	13
0	9
0	0
0	0
0	0
0	0
0	0
0	0
0	0
0	0
0	0
0	1
5	43
0	0
0	1
7	4
0	0
25	75
0	0
0	0
0	16
0	0
12	13
0	0
0	2
0	0
0	0
0	0
10	10
12	3
0	19
0	22
0	21
1	2
0	2
0	0
0	8
2	0
0	799
6	1334
14	4233
0	5744
179	9098
0	6314
0	9158
0	6527
1	3579
0	9398
0	8417
0	4635
0	4921
0	5365
0	2526
0	5527
0	58
0	2109
0	3814
0	3526
0	3563
0	1274
0	3512
0	1999
0	2562
0	2969
0	416
0	110
0	1079
0	416
0	502
0	249
0	521
0	180
0	669
0	536
0	415
0	445
0	544
0	388
0	229
0	233
0	181
0	137
0	105
0	12
0	150
0	55
0	113
0	150
0	126
0	232
0	8201
0	8457
0	9120
0	5553
147	124
0	51
5	94
151	103
0	149
0	134
12	11
2	2066
42	2140
3	1765
7	187
27	1568
1	1556
0	1668
2	1036
2	18
61	587
17	14
26	4
6	46
6	30
207	802
13	802
0	1
0	0
0	1
3024	1
0	0
0	0
0	0
0	0
0	0
0	7
0	7
0	0
0	0
0	0
0	0
0	0
0	0
0	0
0	0
0	589
0	19
0	199
0	553
0	562
0	464
0	52
0	154
0	81
0	613
0	334
0	351
0	64
0	60
0	202
0	141
0	0
0	0
0	0
0	0
0	45
0	1
0	3
0	0
0	87
0	315
0	266
0	320
0	119
0	222
0	43
0	241
0	42
0	64
0	135
0	326
0	9
32	671
26	914
16	49
43	17
0	62
0	26
30	46
0	18
0	18
46	655
0	1
0	1
0	1
0	1
0	1
0	0
0	0
0	1
0	7
0	7
0	5
0	7
0	5
0	5
0	3
0	3
0	0
0	0
0	0
0	0
0	0
0	7
29	32
25	74
19	34
20	1212
10	215
19	54
1	539
0	559
7	1163
1	507
0	47
7	99
9	13
6	0
5	0
0	41
61	50
0	1
0	1
0	1
0	0
0	39
0	39
1	38
2	30
0	38
0	39
0	39
0	39
65	0
0	0
3	7
0	0
0	1
0	1
0	0
0	0
0	4
0	0
0	0
0	0
0	0
0	0
0	0
0	0
0	0
0	0
0	1
0	1
0	1
0	2
0	0
0	0
0	0
0	0
0	2
0	0
0	0
0	2
2	0
4	6
110	0
0	0
0	0
0	0
0	0
0	0
827	1462
4	17
55	1377
29	88
0	5
5	6
135	595
0	5
5	112
0	16
160	0
0	25
0	25
2	23
0	25
5	25
0	7
0	2
4	1
0	0
3	0
10	1683
2	15
136	37
8	7
9	448
0	10
21	1
0	1673
54	434
0	434
0	35
0	11
0	2
48	48
0	12
0	0
0	17
0	30
20	12
0	1
0	30
0	29
6	29
0	0
0	0
0	0
0	6
0	0
0	2
0	0
0	0
0	1
0	0
0	2
0	0
0	1
0	5
0	5
0	774
3433	5720
36	4271
11	124
21	1980
13	58
0	0
0	0
19	0
0	0
47	85
0	0
38	1
0	13
0	13
0	0
0	0
0	0
0	0
0	0
0	0
0	0
0	0
0	0
0	0
0	0
302	1215
0	936
5	835
15	868
1	185
2	19
0	19
0	2
1	17
9	12
0	82
0	82
0	0
2	18
1	18
0	9
0	1
0	0
1	25
5	0
2	718
78	752
5	197
0	378
1184	1684
0	316
10	83
0	1575
10	104
0	55
0	169
0	129
2	11
0	6
11	11
22	15
0	0
14	21
0	3
0	11
0	4
5	101
0	11
122	8
0	25
0	47
0	6
14	48
1	16
0	8
0	104
0	104
4	0
8	14
3	7
0	0
15	47
2	7
0	8
17	54
0	1
0	1
0	1
2	11
0	43
0	70
0	27
0	43
0	0
3	32
0	0
3	0
0	0
0	0
2	1309
4	1465
20	1383
0	1375
0	1494
4	1249
8	10
22	353
2	373
15	260
0	184
3	80
2	176
2	79
7	177
8	66
5	4
1	32
12	28
0	41
0	38
0	38
0	38
0	38
0	39
0	38
0	38
306	80
0	0
0	0
10	30
0	0
0	0
0	0
0	0
0	0
0	0
0	0
0	0
0	0
0	0
5	9
0	0
0	1713
0	1658
0	1929
0	4054
5	3547
0	3943
0	3983
7	4124
0	349
0	222
0	55
0	443
87	531
0	508
0	531
1	507
2	330
2	82
1	30
0	0
2	34
0	13
0	11
0	9
2	8
0	6
0	8
1	1
0	7
0	0
0	0
0	0
0	34
7	434
0	145
53	113
45	96
18	329
2	60
2	367
30	10
0	0
0	0
0	0
0	0
0	0
0	0
0	0
0	0
0	0
72	8
0	1
486	16
15	16
14	453
4	264
0	6
0	276
0	124
14	325
0	7
5	8
3	23
0	3
0	3
1	1
0	25
26	205
1	2
2	27
1	2
34	3
0	5
0	5
0	2
0	0
10	0
647	0
0	0
26	39
0	19
0	0
0	0
1154	1
2	1
0	37
1	37
0	21
0	21
0	31
0	31
0	39
0	15
0	39
0	39
0	32
0	3
0	3
0	0
0	0
0	5
0	4
1	20
4	0
8	588
47	588
0	2291
41	2840
15	6992
4	3036
0	6991
0	5073
16	3066
5	26
0	4298
0	3459
24	3861
911	30
0	847
0	735
0	800
0	690
0	513
0	537
0	761
0	569
0	465
0	692
0	602
9	739
0	146
22	0
2	876
0	858
0	777
0	946
0	673
0	775
0	519
0	797
0	552
0	721
0	118
0	146
0	1062
0	615
0	789
0	137
0	601
1	666
12	676
0	611
0	704
0	10
0	281
0	658
0	483
0	46
0	123
0	122
0	5
0	37
0	39
0	265
0	246
0	277
0	1
0	682
0	0
0	115
0	115
218	151
1	0
0	79
0	77
0	68
0	44
0	64
0	63
0	61
0	67
0	61
0	65
0	63
0	61
0	58
0	66
0	61
0	56
0	66
0	68
0	60
0	68
0	61
0	58
0	67
0	61
0	68
0	66
0	63
0	58
0	65
0	68
0	68
1	2
25	10
0	72
0	5010
0	697
0	290
0	3767
0	26
0	438
0	532
0	576
0	664
0	514
0	270
0	564
0	539
0	176
0	1
46	1443
0	1705
46	341
34	21
1	333
3	385
0	32
10	14
83	1735
0	757
46	613
72	2982
0	3034
4	22
0	1489
0	5070
0	5066
0	979
0	365
0	184
11	5
15	126
0	318
0	292
0	14
96	1632
10	207
3	150
3	185
16	1452
0	168
2	9
0	9
0	1
1	15
2059	38610
27	14914
5414	38630
0	17313
154	29
3	11776
1	2706
71	2332
39	26
7	13257
0	69
0	35
0	22
24	119
0	66
0	45
1	3
5	3
1	5
0	2
0	4
6	29
0	73
8	211
0	269
0	288
2	345
7	157
3	48
0	110
1	57
4	11
13	26
0	8
1	4
6	63
9	65
29	488
13	9
4	20
6	629
12	162
0	472
0	42
5	70
0	1713
0	1658
0	1929
0	3247
0	3954
0	3843
0	3842
0	3956
0	349
0	222
0	55
0	275
418	105
0	77
1	95
3	74
4	8
0	0
0	210
0	690
3	602
0	0
189	82
0	67
7	378
9	8
3	111
1	344
3	100
0	191
7	155
0	449
0	449
0	449
0	191
0	101
0	0
0	2
0	2
0	2
0	2
0	2
803	8102
48	8102
0	0
0	0
0	0
0	0
0	0
0	0
0	0
0	0
0	0
0	0
0	0
0	0
0	0
0	0
0	0
0	0
0	0
0	0
0	0
0	0
0	1
0	0
0	0
0	0
0	0
0	0
0	0
0	0
0	0
0	1167
0	871
0	5
8	0
267	842
47	1016
201	1010
0	38
0	89
73	906
22	843
0	115
1	64
40	39
16	145
66	1178
0	2384
180	2217
14	2219
0	47
8	181
0	0
257	224
6	212
25	202
54	138
93	2665
41	1027
184	2431
131	1200
100	535
258	348
404	13843
1525	13924
13	147
10	241
13	9
5	319
11	166
8	192
0	104
0	73
0	73
1	0
0	0
0	0
0	104
0	29
0	0
0	0
293	1629
0	3
12	1411
10	377
8	161
0	200
7	85
21	148
0	1
7	39
39	7
18	20919
0	26625
0	725
0	8159
0	680
2	8
10	753
14	1444
17	1427
14	861
11	3
124	1084
22	394
119	4854
137	25837
0	86
0	235
0	323
0	389
0	326
0	364
0	427
0	201
0	425
0	447
0	143
0	34
0	164
0	128
0	20
0	0
0	0
0	2
0	20
0	40
0	38
0	38
0	38
0	38
0	38
0	38
0	38
0	2
0	603
0	2207
0	1876
0	380
0	100
0	488
0	19
0	171
0	1158
0	1831
0	1284
139	3100
0	2368
0	1892
0	1040
4	51
0	433
1	294
0	2483
3	2699
5	2445
8	118
1	22
0	375
0	112
2	176
0	204
105	879
1	5
33	5
5	159
0	163
0	2343
128	23
110	80
163	87
9	39
9	8
0	12
0	11
0	11
0	7
0	12
0	1
0	8
0	7
0	8
0	8
0	8
0	1
0	0
0	7
0	7
0	0
0	0
3	34
4	27
0	20
0	6
20	6
38	1
2	0
0	45
0	10804
0	10598
0	725
0	64
0	455
0	683
0	561
0	122
0	16
0	3136
0	28
0	290
0	284
0	40
0	239
89	41
7	25
4	95
5	3428
70	3177
1	1368
4	1369
38	965
2	3266
0	0
0	46
0	46
0	46
266	793
0	700
442	1014
8	255
1	259
6	50
1	106
2	21
5	46
99	53
2	224
0	38
2	7
0	26
1	90
3	0
17	198
0	0
0	0
0	4
0	1
0	0
0	28
0	0
0	0
0	0
0	0
0	0
0	0
0	0
0	0
0	0
0	0
0	0
0	0
0	0
834	473
3	50
0	429
0	113
7	135
1	128
0	63
0	0
0	23
14	493
3	4
3	293
13	493
0	47
227	321
7	48
4	224
6	20
7	8
0	22
10	26
7	33
8	223
1	2
9	50
1	46
82	7745
0	7745
35	471
0	256
3	47
0	21
0	127
0	120
0	19
0	102
0	31
0	12
0	83
0	65
0	65
0	120
0	6
0	398
0	140
11	8857
8	7827
53	3626
146	4058
7	3130
11	2624
411	2318
102	2368
26	1791
0	2160
4	1413
11	1803
1	160
39	549
25	153
28	122
13	70
5	0
2	0
0	0
0	0
1	0
2	0
0	0
0	0
0	0
0	0
4	8857
16	158
0	0
0	0
0	7
0	70
19	72
1	2706
111	89
9	72
25	2691
15	3058
1	1932
0	1218
0	443
0	2896
0	2396
0	2965
18	2616
29	271
3	2925
0	2874
1	2665
0	2863
0	2179
0	2677
0	2835
0	2768
1	2918
0	268
0	996
0	2357
0	662
0	1608
0	2832
0	2703
0	2232
0	895
5	1267
2	1146
0	336
0	2733
6	1509
0	263
14	2472
1	2336
49	400
9	11
0	1592
0	454
0	2759
0	2186
0	2313
6	231
712	92
183	1113
0	2546
2	2203
0	1807
0	689
0	180
2	1907
0	37
0	298
0	1885
0	655
4	153
53	26
0	17
1	39
0	5
0	1350
85	198
1	1346
0	37
0	1343
1	1926
0	392
0	1852
0	1755
0	1840
0	1720
0	1486
0	1541
1	1734
1	960
0	236
9	219
1	1375
1	37
0	1533
0	81
0	1054
1	521
65	1460
0	37
22	1226
0	10
73	1084
0	713
2	471
0	260
224	3318
16	1321
17	2816
13	50
98	10
63	102
6	47
0	1
0	1
0	1
0	2
22	31
0	0
0	0
21	0
7	7
62	361
17	489
6	241
191	337
6	65
16	12
5	12
181	129
4	6
1	111
0	1
1	5
0	0
15	20
10	1
0	5
0	0
0	1
0	17
0	120
0	1813
0	1242
0	13
0	6
0	389
0	388
0	231
25	549
18	570
21	22
0	311
0	0
16	63
19	79
0	51
0	79
23	8
0	39
41	20
2	12
2	67
0	68
13	81
2	72
0	6
6	6
35	3961
34	4635
91	5270
0	811
155	3965
117	4812
0	218
0	54
0	190
0	153
0	4
0	5
0	2
0	3
0	24
0	139
0	34
0	55
0	8
0	33
0	16
0	18
0	24
0	57
60	531
2	515
0	524
107	33
0	526
0	0
0	0
0	0
1	8
1	8
0	0
0	5
13	154
7	361
41	5068
868	6356
26	224
1	822
4	165
28	399
27	82
42	2513
37	30
0	171
0	3
104	8
0	5
0	0
72	8
0	8
37	129
53	856
102	134
26	199
9	199
5	158
8	0
0	28
6	99
3	118
2	26
0	0
0	0
0	0
0	0
0	0
0	0
0	0
0	0
43	64
0	54
5	16
6	667
1	23
8	4
903	667
5	0
3	46
0	0
1	0
10	0
0	0
0	0
0	0
0	0
0	0
0	0
0	0
0	97
191	1089
5	1098
0	16
0	0
3	99
6	120
25	2816
20	7
0	139
0	51
3	65
3	1964
2	18
7	17
1	118
13	3
10	0
4	0
2	124
0	119
0	84
1	25
0	2815
106	1119
0	1044
2	313
0	838
1	3
7	78
4	34
0	3
2	22
2	1
37	1
0	11
3	4
0	1
4	6
1	0
153	257
13	85
3	8
7	41
0	168
1	43
5	315
3	46
283	3974
0	166
0	3137
6	2760
10	1492
18	272
64	11
35	10
18	56
113	225
0	312
5	223
119	3966
57	2891
14	2123
2	2762
630	2902
0	2025
0	2066
26	830
53	1653
37	276
21	164
18	358
14	29
0	29
0	11
1484	200
2	91
0	65
7	51
0	50
0	0
0	0
0	0
0	0
24	30
0	0
72	980
2	2328
0	2455
5	2090
0	1909
11	141
0	543
0	416
28	80
7	369
0	356
0	314
0	314
0	315
0	277
6	271
0	223
3	68
0	134
1	106
0	112
0	1
0	1
936	0
0	4
1	11
1	4
0	4
2	4
0	4
0	4
0	4
0	4
0	0
7	5
0	0
0	4
0	0
0	835
0	1496
9	807
76	775
1	45
0	107
0	39
0	782
0	720
0	781
0	1329
8	65
13	763
0	60
7	3
0	93
0	17
35	752
0	76
2	49
0	1472
2	1479
4	1501
11	29
0	1
0	1
0	2
0	12
0	1
0	2
0	19
9	22
0	12
0	8
12	14
0	0
0	0
0	0
0	0
0	0
0	0
0	0
1	0
0	121
0	308
8	134
0	181
30	557
6	43
8	56
15	523
0	13
11	11
1	143
0	189
2	0
0	524
1	1229
31	1371
8	1820
102	93
0	1191
5	19
14	294
7	304
11	11
1	510
95	336
109	3383
3	35
0	2523
22	3119
0	3025
12	1789
0	2573
7	36
27	0
18	518
1	16
0	0
0	0
0	1
12	19
0	18
0	8
0	0
0	0
0	0
0	0
0	8
21	6
0	8
0	8
0	185
313	8082
9	474
17	2
3	8082
0	0
0	0
0	0
0	0
350	2853
0	11
0	31
18	493
239	217
16	327
4	15
1	912
0	709
0	742
4	504
79	0
0	2539
3	149
0	112
2	38
0	145
4	50
0	14
26	108
4	117
0	2446
0	80
0	37
0	6
0	188
0	1515
0	122
0	100
596	42
1456	223
0	223
392	1169
15	1164
6	522
21	0
1	16
6	2104
0	99
0	2063
0	1975
0	2079
0	1924
0	2027
0	51
4	1751
19	73
10	1857
6	56
30	2058
10	72
8	158
11	32
6	63
10	328
0	76
53	75
7	0
41	79
9	31
89	2734
152	3306
839	7784
1	3530
0	5858
0	7989
0	5853
1	4458
0	317
11	361
41	57
48	165
1	104
2	24
3	167
2	63
55	60
0	124
4	29
1	10
0	21
2	85
0	1
0	25
10	6
2	16
2	6
1	0
0	0
0	0
1	0
4	29
0	0
2670	3957
164	1082
4	118
228	2915
10	786
0	112
59	1076
63	2
0	1
17	621
367	313
0	173
0	193
0	48
2	23
0	26
0	22
0	18
1	18
30	265
1	156
1	116
12	103
1	49
0	265
3	2959
0	2889
0	244
34	195
6	235
18	257
40	2869
0	56
5	0
2	14
3	18
10	43
24	53
3	15
214	931
60	3
0	56
0	156
0	676
0	615
77	439
0	13
7	437
2	299
0	237
88	199
0	0
0	40
0	2
3	42
0	20
0	2
0	0
0	3133
0	3117
0	0
1	25
0	0
0	0
0	11
0	0
0	0
0	36
0	36
0	36
0	0
0	0
0	0
0	36
4	0
2	0
4	3
767	6342
252	5429
3	5452
22	4408
7	4357
9	1498
6	6
0	5882
121	528
20	750
157	770
0	20
10	165
51	21
0	62
0	30
16	30
0	25
0	4
108	63
79	47
28	24
0	48
2	0
0	0
0	0
0	0
0	0
0	0
0	0
0	0
0	0
0	0
0	178
5	146
34	491
0	415
18	720
5	405
13	533
0	292
0	2
34	183
0	40
0	414
0	0
0	0
0	0
0	0
0	6656
0	512
0	4700
0	670
0	5439
5	41
30	32
0	0
0	194
6	159
0	151
1	104
0	29
1	2
7	9
2	43
2	29
0	9
7	13
2	5
18	56
3	0
0	2
4	0
48	950
1	942
0	0
5	936
0	108
59	304
0	82
0	975
1	100
0	135
10	70
190	888
0	109
6	897
1	39
2	90
4	281
2	43
0	105
23	228
9	0
0	2
0	359
0	0
18	23
21	375
5	3
0	0
3	12
0	0
0	0
0	0
150	139
7	94
6	0
0	8164
4863	8167
64	1046
38	896
50	4
67	47
4	386
43	526
9	138
339	224
77	43
0	4
379	878
40	781
17	781
11	458
0	38
0	33
0	1
0	4
1	5
0	0
2	8
0	2
0	2
0	3
0	1
0	1
0	1
0	0
0	0
0	0
0	0
0	3
0	0
2	3
0	0
1	2
0	2
0	0
0	0
0	0
0	0
0	0
4	0
0	0
0	0
0	0
0	0
11	928
40	859
0	1075
129	1118
321	1194
6	1077
3	950
13	997
0	328
0	6
6	177
0	362
1	318
13	309
9	316
0	262
0	182
2	182
4	186
0	198
0	16
0	122
20	21
2	147
0	83
2	75
0	107
0	81
0	85
18	89
0	11
0	33
0	9
0	22
0	97
3	28
0	70
2	84
25	73
0	61
3	2684
0	2164
0	312
1	1810
0	70
3	73
11	1580
0	149
10	82
0	114
4	41
41	0
31	199
0	106
0	95
0	100
0	55
0	5
0	2
0	4
0	57
0	97
0	49
0	30
0	6
0	37
14	113
2	114
0	113
1	112
0	17
7	112
0	1
0	1
0	0
0	0
0	11
0	0
25	281
0	505
0	505
1	128
36	3684
6	12069
0	978
3	23
5	26
4	14441
14	805
102	14583
0	10637
5	777
0	10594
0	1657
0	1161
39	979
3	1190
23	480
12	15
107	1977
488	1637
5	78
0	766
0	6091
0	5013
0	4694
0	4704
0	4704
0	0
2312	0
0	1269
0	1
0	1
15	956
0	959
3	976
0	447
9	339
2	186
7	65
1	89
6	7
5	12
54	128
0	143
0	9
10	967
1	422
6	482
15	431
3	4
0	4
0	59
1	41
3	112
4	67
33	1068
1	3882
8	2160
6	3689
0	3833
7	4148
1	2190
0	341
9	98
29	55
6	1401
25	1179
0	850
0	795
0	0
0	3
0	1
0	2
0	23
0	0
0	18
4	1861
652	4606
10	2874
11	41
9	2137
7	522
2	1388
4	773
27	191
0	0
0	0
0	0
0	0
0	0
0	0
0	0
0	0
0	773
0	178
0	600
0	21
0	158
0	0
0	292
0	172
0	7
2	0
1	565
4	797
53	63
0	0
5	0
0	0
0	0
0	0
0	0
0	0
0	0
0	0
0	0
0	0
0	740
0	94
1	176
5	209
25	253
0	119
4	183
7	196
0	0
0	0
0	0
0	0
0	0
0	0
0	378
0	1
0	4
0	42
0	5
0	13
0	23
0	1
0	41
0	57
0	49
0	2
0	0
0	344
10	157
1	14
0	20
2	9
0	101
1	152
0	153
1	4
0	9
0	9
0	3
0	3
0	6
0	3542
0	1503
0	193
25	10
9	10
0	0
0	14
0	14
3	845
223	4798
26	316
6	4540
1	975
0	881
0	444
10	260
0	625
17	165
0	1069
2	362
0	21
3	86
0	57
0	49
0	97
0	100
0	106
0	95
0	4
0	55
0	2
0	6
0	5
0	30
0	37
0	498
0	3
0	2
0	36
0	405
0	405
0	355
0	358
0	81
0	119
0	47
0	102
0	86
5	195
11	184
2	44
6	39
36	107
41	133
0	2
0	0
0	0
0	0
0	0
0	0
0	0
3	18
0	14
0	18
4	0
0	627
0	382
129	624
2	627
9	21
0	0
0	0
0	0
0	0
6	339
15	1926
0	1844
0	1214
1	1856
16	348
0	746
2	322
0	1156
21	225
66	4076
10	98
0	4033
7	3931
16	29
1	8
12	3761
2	239
15	244
17	232
8	1034
16	172
4	304
11	143
0	4006
280	2084
3	764
3	236
3	2069
9	433
6	1480
1	4
61	637
0	333
0	120
0	87
0	10
9	11
0	19
0	22
0	82
0	79
5	3020
131	3639
9	1760
8	438
51	21
0	3
0	0
0	26
0	26
0	0
0	0
4	10
0	0
0	2
0	3
0	3
2	1
0	0
0	1
0	0
0	1
0	0
61	148
23	332
70	5160
130	1788
4	5759
121	7146
28	12396
459	10090
39	12396
0	0
324	249
7	193
30	28
23	17
0	117
11	1367
10	1600
605	13621
513	12726
7	12764
35	7
5	17
44	1
14	200
0	1243
0	1
0	14
0	1
0	3
0	0
0	1
0	2
0	0
3968	16
1	6
0	5
0	6
0	0
0	0
0	0
659	0
0	0
0	0
0	0
0	0
69	64
0	0
90	3
2	3
0	10
13	135
13	117
13	115
71	2608
0	2408
4	22
8	268
0	1659
0	2101
0	405
2	208
0	1831
2	1713
14	4
3	125
0	363
14	173
0	223
0	32
0	228
0	466
0	207
0	208
0	205
5	306
1	14
1	164
6	30
2	78
0	17
0	1
1	4
0	4
0	50
0	33
0	36
0	19
2	20
0	18
0	10
0	0
0	0
0	1
0	0
867	370
9	46
9	339
0	0
3	1
0	0
0	0
0	3131
0	2088
0	510
0	449
2	21
10	216
0	316
0	3015
0	0
12	1
0	0
13	104
0	0
1	0
0	41
0	61
0	310
0	85
0	28
11	1
10	58
0	266
0	18
0	262
7	222
1	24
3	170
14	5
9	3
7	398
0	964
0	1087
0	1190
9	629
1	526
1	132
0	154
1	78
0	71
0	16
22	393
0	83
5	0
3	28
2	48
2	39
0	54
3	188
0	100
4	56
0	169
1	62
3	52
13	119
3	1
0	1
21	19
0	0
0	2
0	0
0	0
0	27
93568	1095
199	94
4	32
3	20
22	1
0	1
0	2
0	2
0	3302
0	3019
0	1996
0	3093
21	187
0	27
15	151
4	3055
19	2709
6	644
117	2825
184	1945
0	2435
0	61
6	387
17	177
0	0
674	1728
8	625
7	190
14	768
38	30
0	883
2	1335
0	162
0	171
1	102
2	28
0	50
0	825
14	735
15	241
0	37
13	107
4	0
47	71
0	8
0	148
31	77
0	1104
173	1198
1	895
0	117
8	0
4	471
10	10
13	914
0	606
1	251
2	278
880	7868
0	0
15	7501
13	677
10	1010
50	1668
0	427
17	3
19	19
73	2606
7	150
2	9
20	54
131	153
2	0
1	1
0	0
0	0
0	0
168	364
0	293
0	274
5	7
12	62
0	33
0	0
0	0
0	0
275	1531
2	1912
9	1767
103	1843
34	453
467	423
5	261
0	838
126	362
1	553
0	529
13	213
3	171
10	98
1	145
37	196
3	175
2	28
4	68
5125	3601
31	3600
4	29
0	5
2	8
0	2
4	7
5	1
32	28
6	10
652	329
2	126
2	0
4	0
1	200
2	13
3	71
0	60
1	16
2	13
6	18
212	18
0	0
2	1732
318	3353
1	713
0	973
94	2454
8	229
1	31
0	150
15	985
14	1401
10	659
232	1324
6	452
86	353
34	846
62	19
0	28
4	30
0	25
1	25
0	2
0	0
0	2
179	12145
192	3342
2	11585
0	3037
0	12133
0	11579
1	158
0	173
8	114
0	0
0	167
35	413
0	413
0	336
0	213
0	222
0	162
0	25
0	33
2	3
0	15
0	15
0	15
0	0
0	10
0	6
0	1
0	0
0	409
0	409
0	409
0	397
0	1372
0	1488
0	1406
0	1594
0	1969
2	47
1	13
0	12
8	11
4	17
0	12
5	12
25	16
0	1424
7	1424
4	632
0	813
10	578
0	138
1	69
8	384
5	322
4	452
0	374
0	393
0	357
0	81
0	187
19	1
4	33
2	38
0	49
9	390
29	141
2	421
8	8
1	1
0	705
0	0
0	0
0	0
0	0
0	0
0	0
0	0
0	0
0	1
0	1
0	1
0	0
0	0
66	1231
178	1350
24	306
4	18
0	113
0	68
0	0
0	0
0	0
1	0
196	711
3	423
10	419
36	84
18	86
5	193
0	412
0	419
4	5
1	104
4	0
0	602
0	0
1	206
5	207
0	2
0	1
2	0
1	6
17	6
0	0
0	0
0	5
0	1554
10	2344
9	1425
8	1932
0	1506
24	1852
0	2061
0	2042
0	1304
15	506
0	1429
1	1379
0	1394
19	939
6	56
0	382
0	454
0	305
12	774
3	312
3	210
0	450
0	39
4	167
10	10
10	4
0	24
0	845
0	34
0	92
0	189
0	272
0	282
0	25
0	62
0	128
0	76
0	23
0	20
0	1
0	1
0	0
0	0
10	0
34098	66
0	24
0	0
0	0
6	11
0	0
0	0
289	1560
6	1547
3	532
12	1532
7	1
4	170
17	1
0	29
0	29
1	16
0	16
2	11
0	13
0	13
0	10
0	14
0	3
8	0
0	0
0	50
0	51
66	1437
29	2684
2	1796
221	2705
2	2068
0	35
5	801
6	1321
0	98
0	9
14	29
23	2
0	0
145	0
0	2
0	0
1	0
0	0
0	0
0	0
0	0
0	0
0	45
0	1
0	3
0	0
1169	1701
247	90
46	466
21	183
1	288
3	568
0	1465
2	125
0	245
1	152
102	189
0	373
0	351
1	25
7	721
36	250
0	163
14	697
289	1001
61	629
1	5802
0	5790
8	2622
15	2646
13	1844
31	1560
13	734
97	187
1	86
0	22
4	356
195	318
0	280
0	93
0	54
0	74
0	82
0	23
0	13
9	53
0	1
19	11
100	42
1	25
64	33
0	43
0	12
0	20
0	25
0	432
0	1917
0	117
0	1987
0	1962
0	1915
0	139
0	130
8	125
0	31
0	19
0	2005
0	14
0	14
0	1898
43	7968
9	2245
11	96
49	3153
35	17
37	1358
74	0
2	401
39	34
0	2059
0	893
17	7
10	1815
0	6770
0	5623
86	678
12	479
0	968
8	831
0	1141
0	356
59	203
23	889
15	706
32	681
5	606
22	109
1	48
19	30
1	1088
0	234
128	1874
38	1870
10	81
10	11
157	1874
2	31
17	3
1	33
1	0
7	18
3	0
796	86
1	58
1	20
1	28
0	9
11	17
5	31
5	31
0	33
0	30
0	1
1	142
2	141
0	29
0	34
7	9
5	5
1	13
0	17
62	42
1	1
0	4
0	143
2982	435
4	431
3	136
1	141
0	112
2	37
24	38
1	38
0	37
239	227
194	38
10	0
0	6901
0	6399
0	902
0	1864
0	4188
0	2932
0	0
9	158
22	46
1	356
44	776
23	279
0	407
11	199
9	132
6	87
3	8
3	8
4	106
481	755
6	171
0	0
1	760
0	0
0	0
0	0
0	0
0	0
0	0
0	0
0	0
0	0
0	0
0	0
0	0
0	0
0	0
0	0
554	4292
0	2831
4	2172
17	995
5	2487
6	2140
22	2003
0	1693
5	443
30	839
47	282
30	11
105	11
0	2
0	2
0	2
0	0
0	0
0	0
0	0
0	0
0	0
0	0
0	0
0	0
43	137
0	3
61	94
2	38
6	62
4	0
2	0
67	3
0	1
0	1
15	1
0	3
4093	204
0	204
0	312
0	350
0	0
12	268
0	339
27	155
12	0
5	4
12	100
7	264
0	140
22	1139
478	1364
156	225
0	5010
0	3767
0	697
0	290
0	26
0	438
0	532
0	576
0	664
0	539
0	176
0	514
0	564
0	270
0	1
1118	767
51	686
69	393
668	0
0	1
33	33
0	0
5170	2734
7	2681
49	607
61	13
48	172
0	1
2	2
0	1
0	0
0	0
0	0
0	0
0	28
0	0
0	0
0	0
20	28
0	28
0	28
0	28
0	28
0	28
0	28
0	28
0	28
0	0
1	531
4	23
2	28
4	84
0	154
6	325
1	90
5	132
1	455
1	152
0	470
6	22
0	0
13	65
1	552
0	192
472	68
1	24
0	3
0	19
2	0
2	19
4	1
0	0
0	0
0	0
0	0
0	0
0	0
0	370
0	142
0	135
0	24
0	119
0	46
0	101
0	4
0	4
0	0
0	166
0	18
0	1
1	2
0	1
0	1
0	1
0	0
1	1
0	41
1	42
5	22
0	7
1	1
0	0
1	0
0	1
0	1
0	1
0	1
0	0
0	0
9	0
0	0
0	5
0	9
0	5
0	5
0	2
58	28
2	0
0	5
0	1
0	0
10	3
2	0
0	0
0	0
0	0
0	9
1781	1025
7	921
1	300
1	33
2	15
14	66
0	0
854	2719
94	3070
24	2967
2	4
0	161
54	25
1	10
0	54
0	0
65	0
0	0
0	0
0	54
0	9
1	12
0	31
0	0
0	31
0	5
0	8
0	0
0	10
3	66
0	33
0	58
1	25
0	69
0	67
27	4
0	4
0	17
0	6
1	8
1	1
0	15
0	0
0	0
14	30
0	72
2	73
0	70
0	66
18	166
1	173
7	7
44	79
6	28
3	10
0	0
0	3159
6	3117
41	2883
3	359
0	3
2	185
7	25
15	1175
0	507
12	19
0	3254
0	3115
4	454
366	806
168	780
12	50
77	23
54	3
8	233
33	1537
2	124
15	1434
15	70
19	350
0	108
43	1083
29	930
13	7
0	12
5	1269
4	7
67	967
3	1274
9	1373
0	933
0	674
0	503
3	617
3	1
1	207
0	1410
18	636
0	136
9	147
0	36
0	121
1	100
101	741
10	62
0	550
3	73
20	558
0	188
1	11
0	23
1	26
0	119
0	11
8	155
30	79
2	555
205	2837
6	453
56	1249
18	2547
0	89
2	188
4	2426
46	1579
33	1268
90	1130
0	625
0	658
3	381
8	364
0	476
0	480
0	55
0	28
24	104
0	134
0	50
0	128
2	72
4	4
0	90
0	77
11	124
0	5
0	47
3	22
5	18
0	52
0	52
0	4
0	3
0	1
0	7
0	5
3	2
5	5
0	0
0	2
0	2
6	19
0	0
6	0
1	32
5	32
0	7
4	0
0	0
0	1
22	2
5	70
14	288
213	1705
22	1329
1	30
26	264
0	317
121	164
18	120
3	276
5	116
8	7
0	129
36	204
12	5
0	0
0	0
0	0
0	0
0	0
0	0
0	0
46	3629
0	943
0	862
0	386
2	39
0	3482
0	3563
0	3482
0	345
0	2579
0	4121
0	501
0	56
0	3611
0	12
0	12
3	13
0	1
0	0
0	0
0	0
0	0
0	0
1	7
1	10
0	26
6	32
0	0
0	0
0	0
0	0
0	0
0	0
0	0
0	0
0	0
0	0
1867	2215
11	258
6	392
58	1569
14	760
0	0
0	0
210	757
0	775
0	5
4	965
2	54
4	278
0	99
0	154
0	168
13	613
2	972
0	0
0	0
0	0
5	343
0	325
0	400
0	61
0	25
2	618
0	414
15	717
0	420
69	270
0	493
0	529
0	455
14	445
0	451
34	386
0	378
1	374
2	407
1	41
14	398
0	342
0	29
0	323
4	330
0	417
0	36
0	69
0	10
0	338
4	324
0	74
1	229
0	38
4	234
0	37
13	0
6	0
0	635
202	5193
1	4998
111	3825
0	92
1	1923
1	1366
8	0
3	351
5	504
12	787
3	32
4	90
14	40
4	203
20	15
0	10
0	83
0	4
0	83
70	130
0	130
0	23
0	0
5	26
13	20
92	268
0	278
0	57
1	174
2	164
3	20
2	193
0	110
0	105
0	111
9	80
0	83
0	166
0	205
1	137
0	81
1	51
0	28
0	176
2	177
3	79
0	82
0	5
3	0
3	31
6	1
1	23
1	7
0	0
0	0
0	0
1	0
0	27
7	0
0	4
3	10
0	5
0	218
0	227
1	196
0	0
0	16
2	282
27	316
3	179
0	334
2	210
0	187
28	140
0	0
0	198
21	125
2	226
49	1349
3	1234
2	953
17	911
1	1202
0	25
12	307
0	0
0	0
0	0
0	3
0	0
0	160
18	530
9	523
0	675
1	224
3	174
3	11
0	320
0	125
4	83
0	46
12	48
0	17
6	2
0	25
35	22
0	4
2	4
0	0
25	0
6	89
0	44
29	37
0	38
0	36
1	1095
4	1138
0	1122
11	78
8	947
0	208
3	65
1	80
0	311
0	135
0	179
3	1028
1	31
0	124
121	16
0	79
1	315
0	0
1	0
0	0
0	0
0	0
0	0
0	2
10	20
0	12
0	2
0	2
0	6
0	7
0	3
0	1
56	2
0	2
0	12
3	20
11	0
1242	133
0	106
215	344
102	357
81	317
7	227
29	220
0	210
6	155
9	174
0	0
0	1
1	1
0	2
3	2
42	1067
9	447
52	1077
21	268
3	645
13	0
5	97
7	143
0	329
0	311
0	5
12	14
5	14
1	78
0	10
131	530
11	409
6	11
12	204
3	11
2	6
0	69
0	0
14	423
1	423
10	3500
0	3215
147	557
73	296
11	106
2	1486
110	72
327	2261
13	1359
15	2420
1	64
59	132
2	1259
0	1
0	403
9	373
1	1780
14	186
39	377
10	231
1	228
0	92
2	198
9	46
0	31
10	3
0	0
0	0
0	5
0	0
0	0
0	0
0	0
0	0
0	0
0	5
0	125
0	263
0	468
0	282
0	173
0	466
0	517
0	280
0	259
0	134
1	1057
1	937
0	372
0	251
1	233
1	165
15	151
25	199
15	86
7	63
0	646
0	8
8	21
8	51
2	1
12	12
4	21
0	4
46	94
2	88
0	30
5	5
0	646
0	7
19	5
0	0
911	1608
18	476
9	162
0	13
7	154
2	232
4	229
37	449
16	503
175	123
2	115
0	6
10	4
6	5
0	41
0	1397
9	1309
38	179
10	104
3	83
0	98
0	299
27	1315
0	3
0	3
0	14
0	14
0	0
0	0
0	0
1	0
0	0
0	0
0	0
0	0
0	0
0	0
0	0
8796	36002
194	7102
373	31173
2	29565
662	946
11	193
102	484
0	928
770	942
342	43
2	28
0	0
5	0
15	102
659	98
196	354
443	354
0	6
4	118
0	52
0	10
0	8
9	55
0	118
0	0
0	0
0	0
0	0
0	11
0	11
0	11
0	6
200	3601
0	3601
5	502
13	176
0	2655
15	199
30	15
32	10
0	69
16	1474
6	936
17	166
1	12
3	291
0	740
2	972
1	50
0	40
1	384
3	1052
26	1069
25	0
5	20
0	96
35	800
2	182
47	19
42	15
1	5
0	5
2	5
0	2
0	0
0	556
1	1515
292	1516
3	469
0	468
13	756
19	785
29	32
0	8
9	8
3	66
3	20
15	31
0	21
21	162
0	21
22	80
5	87
0	29
23	24
59	74
0	0
5	185
0	22
0	487
6	571
0	68
2	327
2	442
0	1293
0	784
0	1294
0	1699
0	6
0	30
0	174
0	858
0	854
0	854
0	26
0	0
0	19
0	19
0	0
0	0
0	0
0	0
0	0
0	19
1765	937
13	10
21	216
5	483
21	2
29	463
0	463
0	183
0	165
0	191
0	152
0	156
0	0
6	15
0	11
0	6
0	7
2	3
0	7
0	0
1	0
0	0
0	428
6	1809
20	29
178	1807
5	834
3	18
1	90
10	21
2	0
13	2
0	2
0	3
0	1052
0	20
4	1009
1	1024
0	36
3	762
0	102
7	1062
0	1013
0	193
0	200
0	1094
0	672
0	732
0	149
1	111
0	126
0	954
0	1072
0	0
0	1922
0	138
0	59
0	1418
0	45
0	0
36	1243
11	1916
0	94
0	1171
5	98
8	179
13	35
0	1818
0	6
0	1
0	0
25	11648
8	5
228	12053
0	1192
0	967
70	36
18	5
0	4
1	4
0	0
1	77
4	15
11	8
0	4
0	76
0	4
0	4
0	4
0	77
0	74
0	0
0	3
65	74
0	0
0	7
1	7
0	9
0	2
0	0
0	4
0	0
0	0
1	33
2	44
0	3
0	0
0	1
0	1
0	1
0	1
0	0
0	7
0	7
1429	3848
0	162
26	187
57	120
0	347
1	278
134	441
2	724
0	0
28	476
9	1078
2	282
31	95
4	508
23	240
2	670
10	729
102	3
72	296
0	0
0	0
8	0
10	14
0	0
0	0
1	1
0	0
6	1
2	385
2	250
0	249
0	123
4	63
10	68
0	19
21	20
0	16
3	3443
20	1861
14	2048
0	17
125	202
0	5
4	12
0	32
4	245
0	23
2	26
2	13
2	74
7	37
117	3443
137	144
4	40
20	94
0	3
4	0
0	8
5	13
7	50
2	1930
18	1023
15	1107
35	2074
20	2122
2	149
2	314
5	228
0	294
2	23
0	51
3	65
0	139
4	31
0	63
0	175
0	1
0	284
6	4
1	291
5	201
0	5
0	272
2	3
1	0
0	283
0	279
0	289
0	391
0	1017
0	965
0	1210
0	26
0	22
0	206
0	99
0	480
0	331
0	17
0	27
0	926
43	723
36	744
0	474
0	230
6	88
7	111
0	109
1	102
2	104
0	99
0	98
2	99
2	96
0	93
9	2
9	67
9	65
1	37
0	0
0	0
31	1170
1	950
27	1067
6	1078
21	814
7	112
0	107
0	92
3	87
0	46
3	13
2	63
10	49
51	16
34	2736
6401	3917
46	619
9	300
34	440
5	3
140	63
37	26
77	28
60	15
3	155
6	894
6	23
42	323
15	218
0	209
1	104
0	1
2	1
6	168
0	140
15	15
0	15
0	0
0	0
0	0
14	32
6	4
0	0
0	0
0	0
0	0
0	0
0	0
63	1207
26	951
0	787
0	284
0	697
2	298
0	342
21	7
0	82
1	54
29	504
0	145
4	31
0	35
0	788
0	705
0	697
0	369
1	320
0	71
1	36
0	332
11	248
0	43711
0	31076
0	20222
0	24869
0	17526
0	31432
0	1239
0	12360
0	116
0	1
0	1
0	0
0	0
0	0
0	0
0	0
0	0
0	0
0	7
0	7
0	1
0	0
31	1706
8	914
0	240
0	0
5	1480
0	131
0	17
0	7
0	215
0	851
0	880
0	649
0	50
0	98
0	58
0	129
0	91
0	105
0	15
0	22
0	23
0	809
0	0
0	0
0	0
0	0
0	0
0	0
30	0
0	0
0	0
0	0
0	0
0	0
0	0
262	2761
5	27
39	2761
7	372
3	1977
0	0
0	0
6	2082
1	73
4	1715
15	44
25	1453
14	36
129	72
1	42
19	76
44	34
6	116
2	954
5	4
3	126
24	163
2	818
0	913
2	49
3	3
10	75
0	719
0	913
506	41
3	41
1	114
0	155
0	111
0	118
0	71
0	51
0	52
0	53
0	37
16	52
0	14
0	8
0	2
0	5
0	32
0	295
251	295
1	0
0	2
0	2
0	1
0	1
0	1
0	0
0	0
0	0
0	0
0	0
0	0
0	0
0	0
0	0
0	184
3	4030
12	4707
2	300
24	179
13	498
27	4292
0	3919
40	20
40	194
64	699
2	565
5	64
3	951
0	524
12	257
8	563
14	264
16	190
10	529
35	273
98	194
0	0
0	0
0	0
1213	1223
5	1076
3	315
4	142
2	14
0	115
0	8
4	109
17	9
3	6
13	0
0	1
3301	2036
38	1
2	167
10	467
62	522
67	1360
6	251
1	1021
176	1121
0	1058
2	960
77	860
0	1268
0	1146
0	506
0	361
0	370
0	155
0	190
14	0
0	0
0	0
347	264
0	244
0	11
0	98
2	91
1	55
2	18
3	25
5	3
15	14
2	0
0	4
0	1
0	14
0	1
0	5
0	0
0	2
0	1
0	0
3	148
24	357
0	347
0	344
4	69
1	101
0	166
0	28
1	34
1	82
0	20
1	35
0	17
0	1
0	0
41	18
0	1
0	0
0	40
0	29
0	25
0	9
0	13
0	4
0	20
0	31
0	7
0	0
0	1
0	0
0	0
0	1
0	0
0	0
0	0
0	0
0	0
0	0
0	0
0	0
0	0
0	0
3483	2318
17	1304
50	573
26	980
19	326
59	921
0	21
0	0
0	0
0	0
4	36
0	0
0	0
0	0
1	0
0	0
0	0
0	0
33	8
0	2642
0	521
0	1303
0	1068
0	696
0	320
0	232
0	871
0	271
0	53
0	7
0	28
0	0
28	375
49	276
14	104
0	148
24	246
5	39
0	466
0	0
0	0
0	0
0	3
0	3
0	0
0	0
0	0
0	1
0	0
0	3
1	0
0	2
0	0
0	0
0	0
0	2
2	817
3	681
0	583
9	569
58	52
2	33
8	193
6	191
9	3
0	127
28	162
4	72
43	118
230	1991
28	0
1	283
4	622
15	1
20	120
2	1829
2	1634
0	1810
231	99
0	18
1	17
0	29
0	23
0	581
0	94
1	5
0	0
433	144
1	0
1	44
8	1
0	28
0	0
0	0
0	0
0	0
4	40
0	9
0	0
140	4440
0	4291
14	3520
43	391
2	204
4	273
0	7
1636	0
3	77
0	188
4	250
0	6
0	78
12	59
0	510
0	16
25	475
1	414
0	1
0	277
0	24
0	18
3	1
0	511
0	77
0	627
0	382
397	61
0	61
4	87
0	170
1	99
0	2
8	97
0	73
33	455
18	141
9	112
2	3
0	73
0	0
5	7
6	1
0	23
0	0
8	10
5	0
15	99
13	1820
9	1
0	1856
0	0
0	0
0	0
0	0
2	5
0	5
1	15
0	15
0	2
0	37
0	40
0	35
0	76
84	445
22	49
2	130
0	4
0	86
0	11
5	28
0	25
0	7
0	26
5	23
0	423
0	0
2	7
16	64
0	62
0	56
1	0
0	26
6	71
2239	855
0	13
0	0
21	180
0	109
88	3191
20	2558
8	334
6	357
9	417
30	12
47	2218
6	41
4	592
17	213
8	197
0	253
7	611
6	1777
18	2772
0	2948
0	0
249	896
1	92
0	332
0	822
15	449
10	607
0	16
208	13
0	830
0	821
93	1
3456	2599
38	2572
7	1
2	197
2466	2023
0	4
53	198
10	1417
21	676
95	867
39	151
0	9051
132	8026
16	5122
129	9
50	4244
0	341
57	43
0	62
0	4002
0	4029
0	248
5	8
7	295
33	433
4	277
46	221
17	238
78	31
0	6984
0	5497
1201	166
0	145
11	12
45	66
0	270
0	551
0	97
0	501
0	1598
0	2848
0	2370
0	1567
9	4
0	26733
0	22600
0	22641
0	22712
221	135
0	0
49	770
1	580
0	7
0	609
0	655
1	158
5	9
0	144
0	106
4	53
1	8
17	105
0	76
1	37
6	17
0	59
0	13
0	92
0	47
6	3
0	652
0	580
0	0
0	0
0	0
0	0
0	0
0	0
0	0
0	0
0	0
0	0
0	0
0	0
0	0
1	0
0	0
0	0
0	0
0	0
0	34
0	92
0	189
0	272
0	282
0	25
0	62
0	128
0	76
0	23
0	5
0	5
0	0
489	218
14	61
1	42
1	182
18	37
0	98
77	1235
2	11
16	10
64	231
7	131
84	690
33	1554
59	1108
0	309
0	632
3	443
2	406
14	225
31	11916
3	12944
19	3
74	990
32	460
61	1542
9	8873
1	44
87	1967
0	1615
10	5
20	10
28	546
14	7092
482	8260
9	166
23	200
26	610
7	1138
6	306
1	439
0	627
3	529
0	165
1	232
0	385
0	187
13	65
0	267
4	168
3	174
0	128
1	170
22	21
0	795
0	0
0	0
0	0
0	1
0	1
0	1
0	0
85	24
10	9
75	2815
0	17
0	1838
2	1971
8	1506
7	224
1	253
2	66
20	47
0	82
2	151
0	232
2	145
1	23
11	144
4	10
3	89
3	124
0	0
1	2468
0	0
0	532
55	1930
6	801
28	290
25	176
4	180
0	119
0	27
10	136
3	1478
2	1686
29	3433
0	3433
0	2286
11	1891
8	393
0	1269
0	892
42	19
6	892
26	340
26	21
8	11
44	2272
0	411
0	2350
16	274
3	75
6	4
0	15
2	0
7	251
0	0
0	0
0	0
0	0
0	0
778	145
0	34
6	18
1	47
1	54
2	58
3	56
0	55
13	311
5	221
36	932
1	879
18	111
30	966
1	226
0	561
0	451
0	836
32	626
0	134
12	891
16	1
62	13
379	509
0	381
6	24
7	1
16	3
14	11
50	193
11	69
4	28
9	55
0	2
0	591
0	600
7	526
3	588
0	524
0	42
3	113
0	154
1	72
24	20
10	40
4	23
70	19
1	423
0	574
0	586
0	12
2	16
0	325
1	14
8	323
0	2
1	57
0	321
1	387
8	399
3	238
9	86
0	85
1	13
0	6
0	53
0	44
1	184
3	87
0	2
0	19
0	25
0	9
1	29
3	93
0	0
0	7
0	15
1	22
0	57
2	29
0	12
0	139
18	145
0	69
0	176
3	40
0	15
1	191
0	15
0	198
0	27
0	24
0	0
0	46
0	11
0	191
0	1807
225	390
36	524
3	235
0	524
0	333
34	90
0	9
142	123
0	1
50	305
9	245
1	293
3	448
2	290
0	176
0	235
0	6
0	238
0	406
2	255
231	1224
11	671
3	252
22	2145
0	90
0	2266
1	630
15	2161
0	838
17	0
0	123
0	34
0	392
0	83
0	372
0	31
0	416
0	23
0	352
0	49
0	368
0	0
2	16
0	0
0	0
0	0
0	830
0	532
2	512
158	13
3	487
2	185
4	73
3	64
3	180
0	132
10	800
5	114
0	149
0	2
23	408
3	774
5	48
2	1
0	231
16	234
0	620
0	1
0	1
0	8
8	1
0	0
0	0
0	0
0	0
0	0
0	0
0	0
0	0
0	0
0	0
0	0
0	8
0	185
2	0
0	0
0	0
0	0
2	0
0	0
0	0
0	0
0	0
0	0
0	0
0	0
0	3
1845	0
0	67
0	67
0	0
0	0
0	0
11	74
0	32
0	20
0	2
0	2
0	4
0	29
0	12
0	4
0	0
0	2
0	12
614	213
5	7
9	107
5	99
0	96
2	1
170	157
0	644
91	644
0	2
2	79
87	216
0	3783
0	3871
22	178
0	3557
0	3793
1	138
3	88
112	76
18	159
17	140
1	1610
13	115
25	0
32	80
23	130
5	262
4	39
35	301
0	551
1	551
26	2774
0	2774
33	1836
11	539
14	4
1	665
0	249
1	27
2	575
0	2193
0	0
1	0
0	0
654	106
18	106
3	3
0	0
0	0
3	354
1364	7123
57	6636
9	91
4	129
14	464
24	326
8	44
1	485
13	542
9	1959
0	1908
0	1908
179	1959
6124	608
18	587
0	0
0	0
673	29461
9567	29624
29	3934
636	25955
0	593
586	273
0	3
0	1
1	9
0	4
0	5
0	0
0	0
0	0
0	0
0	86
0	83
0	52
0	44
0	41
0	11
0	5
0	9
0	44
0	0
0	0
8	1777
0	186
0	998
2	118
5	1571
3	241
4	16
8	128
12	32
38	731
3	63
0	4
2	63
0	0
0	0
1	58
0	0
5	316
1	14
1	129
1	32
30	145
6	109
26	273
0	97
13	177
12	1
0	13
0	13
0	0
3	0
0	0
0	0
0	0
0	0
0	0
0	0
0	0
12	24
0	0
0	0
0	0
0	0
0	0
27	0
0	0
1	0
1	49
8	60
16	55
4	47
46	67
0	55
12	93
1	51
2	24
7	330
2	343
7	158
0	274
0	2
0	355
0	250
0	20
0	8
1	0
0	7
0	33
0	4
0	23
5	21
6	57
3	3
1	394
0	6
0	0
0	0
0	0
0	6
3	563
0	644
7	772
0	749
0	665
0	725
0	204
0	22
0	62
39	11
11	4
0	77
0	13
0	24
19	7
7	6
3	74
2	107
8	44
1	30
0	716
3	710
0	723
0	644
312	1207
1	186
0	873
26	492
2	469
4	154
0	4
0	4
0	0
0	0
0	0
0	0
0	0
677	529
26	338
0	26
77	324
0	51
0	1
0	107
0	106
1	17
0	3
0	1
0	2
0	17
7	6
66	26
27	20
0	0
37	29
2	13
15	3
0	8
1	1
0	6
5	59
83	441
36	382
9	232
3	187
3	6
1	1
0	4466
39	1851
0	556
66	3041
0	367
0	80
0	867
0	518
0	441
0	101
0	228
0	1074
0	718
21	864
0	260
0	580
0	501
0	471
1	332
0	60
0	140
0	4367
18	1100
32	269
0	684
0	99
2	973
141	617
0	221
0	126
10	59
23	0
26	654
0	454
2	0
2	36
0	0
0	0
0	0
0	0
3062	580
0	180
12	400
0	1328
38	22
24	3
0	27
2	104
0	112
2	125
0	85
0	100
0	105
15	88
3	136
0	1229
0	1191
0	1245
0	1115
1	448
0	93
1	217
0	119
19	305
0	60
1	49
0	66
30	112
0	299
0	254
0	31
0	0
0	0
0	0
1	192
0	215
0	189
0	116
0	145
0	32
5	1
0	24
0	192
0	195
44	683
0	821
109	1034
32	410
0	19
58	100
0	4
0	2
0	4
0	2
0	125
0	263
0	468
0	282
0	173
0	466
0	517
0	280
0	259
0	134
17	13
14	13
165	728
28	659
15	79
1	2
0	219
10	142
6	153
12	0
0	62
0	91
299	1380
0	1338
9	2
16	312
0	1083
12	167
46	1456
0	33
9	757
3	83
0	33
1	12
3	527
0	783
7	81
2	103
0	28
1	67
22	569
0	61
0	107
0	530
0	75
0	52
9	41
0	64
2	516
110	1008
13	634
43	991
3	901
38	12
40	878
1	374
15	319
4	358
59	379
1	117
14	1
6	0
0	113
0	163
0	127
0	102
0	35
0	1
0	2
0	10
0	46
0	0
0	3
0	23
0	141
0	24
263	15
1	172
34	174
0	2
4	35
2	473
2	69
12	95
13	515
0	49
0	1
1	58
0	24
0	51
0	48
0	97
0	138
7	23
2	14
0	529
0	789
0	15
374	440
0	398
3	113
6	6
0	0
4	2
1	43
0	40
0	40
0	0
0	2
0	0
0	2
0	2
0	2
0	2
0	0
0	0
0	2
185	0
44	475
5	4
19	12
0	40
21	370
5	8
3	383
0	396
13	18
12	385
0	104
0	113
0	44
0	569
0	596
0	151
0	61
5	160
0	300
0	36
0	291
0	92
2	12
0	1
0	1
0	0
0	0
0	1
0	1
0	1
32	602
391	803
120	753
0	186
11	6
0	23
1	72
406	514
26	263
0	205
0	304
39	530
17	314
2	288
0	299
5	23
1	260
0	74
0	120
2	141
0	280
26	22
13	94
4	3
0	5
1	47
7	22
0	67
4	572
4	205
178	2916
6	422
97	719
3	340
10	295
63	7905
6	7913
0	173
5	173
0	11
31	118
0	134
0	427
418	2
8	5
20	4668
2	255
147	3724
24	2010
30	908
4	498
36	14
8	308
26	579
14	15
199	6022
0	6124
0	49
3	2008
0	4236
15	3791
2	3903
0	4156
9	1
5	6
1	87
3	315
1	14
0	0
14	227
5	13
0	5895
0	0
37	17
1320	2359
6	2358
0	875
1	1182
87	51
44	461
4	16
0	831
1	21
0	99
2	53
5	53
1	4
0	79
0	295
0	429
0	2
1	251
0	38
4	10
0	632
0	1
6	3
0	0
0	89
0	16
77	873
103	810
0	767
0	12
0	12
0	0
1	84
49	562
0	30
1	44
5	469
0	0
0	0
0	25
0	0
1682	210
1	189
62	49
22	2
35	2
0	4738
0	3468
0	3790
0	2687
0	2934
0	519
0	1609
0	251
0	1592
0	1400
0	15
0	0
0	84
0	100
0	0
61	984
509	1298
0	986
2	998
18	992
58	339
47	69
10	1817
71	3038
57	2542
0	34
20	48
19	57
0	0
20	53
0	1
0	1
0	1
0	1
0	1
1	1
6	0
0	0
0	0
0	0
0	0
0	0
0	1
0	6539
0	7849
0	6942
0	6558
0	223
0	6538
0	2262
0	1343
0	3642
0	202
0	5687
0	3068
0	365
0	2140
0	75
7	54
10	368
0	0
2	360
0	84
0	114
4	52
1	361
0	350
1	30
0	12
0	32
0	29
0	13
3	3
0	3
1	8
0	5
2	12
0	10
0	3
0	33
0	3
3	29
7	1
3	0
0	8
2	0
0	2
0	0
0	0
5	638
9	0
139	1009
0	259
25	230
0	572
18	565
88	522
0	0
0	433
3	59
0	0
4	446
0	483
16	356
32	96
0	126
0	132
0	107
0	61
0	312
0	340
7	69
1663	20305
0	15452
186	1333
46	1064
39	15
81	1244
2	16195
10	9784
1	1073
0	8613
8	4611
2	2163
284	2274
0	355
1	9317
16	6923
76	6116
3	4998
95	553
4	11874
2	12
0	1
11	3
69	2118
20	1798
7	2065
12	8
0	916
9	296
0	309
4	197
0	231
2	8
34	2
8	2
0	0
19	0
0	0
0	0
0	0
0	0
0	0
0	0
0	0
0	0
0	0
0	0
0	0
0	0
0	0
0	0
0	0
0	0
0	0
149	1560
19	67
0	0
4	1311
8	245
8	163
3	385
6	354
4	526
35	36
0	0
0	0
0	0
0	0
0	0
0	0
0	0
0	0
0	0
0	0
0	0
0	0
0	0
0	0
0	0
0	0
0	0
0	0
0	0
0	0
0	1
0	0
0	0
0	0
2	2018
22	1971
0	1945
0	2167
0	2019
2	111
0	95
0	95
0	89
7	83
4	98
64	19
0	2414
17	2521
0	2668
10	418
0	277
5	156
6	2517
0	275
0	1331
0	51
0	1
0	146
0	25
1948	0
0	2
0	3
0	1
0	1
0	0
0	13
0	0
0	0
9	168
1874	274
10	181
16	8
3	9
3	471
4	273
45	522
121	410
57	1290
0	892
9	884
0	135
39	458
0	321
3	345
0	126
2	167
1	48
11	97
0	97
0	30
23	605
9	356
8	594
0	586
0	50
0	555
0	492
0	527
0	423
0	524
0	430
0	477
0	469
0	440
0	528
0	508
0	463
0	490
0	354
0	461
0	531
0	425
0	521
3	560
35	444
0	92
0	112
0	356
3	296
0	191
2	226
0	281
0	264
0	189
0	205
0	280
0	294
0	239
0	227
6	155
2	198
0	286
0	177
0	38
0	33
0	24
0	73
1	3
0	45
3	0
2	121
18	123
0	78
1	134
0	100
0	133
1	21
0	47
7	35
1	106
0	49
3	98
0	96
3	3
1	0
7	8
0	7
18	5
1	4
443	9221
15	8732
35	8758
8	952
1	550
31	1674
11	8
46	220
1	451
18	10
57	0
0	0
0	0
0	327
0	1
0	4
0	42
0	5
0	13
0	23
0	1
0	31
0	37
0	29
0	1
0	0
0	295
0	184
0	47
2	6
0	149
3	164
1	142
2	74
9	130
8	17
6	99
1	1241
1	306
4	1345
4	392
0	1439
0	41
0	1172
1	106
5	1367
1	150
1	73
8	24
0	38
6	857
11	12
31	617
3	85
4	2
0	24
0	11
1	64
1	96
3	66
2	1372
0	1
0	1
0	1
0	1
0	0
0	0
0	0
0	1
0	0
0	0
1	0
0	0
0	0
0	0
0	0
0	0
0	0
2	3
0	0
0	0
0	0
0	0
0	0
2	0
0	0
4	72
1	5
0	3
0	2
2	4
2	5
0	0
1	2
0	57
0	64
2	69
0	4
1	3
0	2
0	1
0	5
0	74
0	74
1187	36
100	19
2	2
0	1
6	13
15	30
1	7
18	81
231	497
2	399
6	247
0	99
0	15
81	89
0	81
2	34
48	24
5	19
8	54
12	37
21	27
0	0
0	0
0	4
0	0
0	0
0	0
0	0
0	0
18	32
0	10
10	219
28	130
438	773
22	280
2	479
16	57
22	609
12	33
1	75
17	63
23	83
0	6
0	110
7	177
3	33
7	31
7	19
26	12
73	431
0	201
16	408
2	429
0	26
1	6
3	2476
0	2662
1	3404
23	498
0	2930
4	632
21	758
212	1412
3	1732
18	1470
6	414
0	310
0	209
0	170
0	151
0	106
0	109
3	13
0	104
0	79
0	107
58	181
0	139
0	16
6	55
3	130
2	120
0	64
0	111
0	100
0	111
0	108
0	123
0	121
0	138
0	101
0	122
0	142
0	75
0	116
0	59
0	106
0	91
0	107
2	40
1	42
0	19
7	59
11	45
0	9
0	27
1	14
0	20
0	18
1	14
1	5
1	6
1	9
0	5
2	0
0	5
0	6
5	0
0	2
1	2
0	8
0	1
0	1
0	0
0	2
2	6
0	2
0	0
0	4
1	2
0	0
0	23
0	25
0	0
0	24
1	1
2	0
2	1
0	4
4	4
0	371
14	52
1	4
0	0
102	1087
2	620
9	673
0	1037
0	1300
2	913
23	110
10	44
7	805
0	67
16	1
7	1092
194	1587
7	19
24	1587
2	3
33	30
1	7
0	8
0	8
2	4
0	6
4	8
5	27
0	4
1	2
0	0
0	0
0	0
4	11
7	87
0	87
32	57
209	632
7	14
0	555
0	555
0	4
0	26
0	148
0	1514
0	1
0	1
0	0
20	24
4	5
0	0
0	0
6	5
0	539
16	568
1	533
0	342
0	254
0	234
14	137
3	49
0	47
0	29
3	23
3	30
14	10
9	8
1	1
82	335
0	180
0	179
0	133
3	719
0	26
0	748
0	590
0	5
1	635
70	820
0	679
4	729
3	140
0	37
0	68
0	707
0	52
12	43
102	16
0	0
8	506
70	503
0	506
13	365
5	5332
6	5
10	295
23	206
46	4
0	5332
0	4569
0	4506
0	0
0	0
0	0
0	0
159	11
36	36
0	7
2	3
0	4
0	0
0	0
0	0
0	0
0	0
0	0
0	0
3	36
2	19
0	6
0	2
0	1
1	6
0	3
62	1040
14	204
5	828
0	227
10	434
12	47
3	696
14	111
30	3
80	20
10	8
0	1
24	56
0	1
1	2
0	1
6	706
48	943
10	864
10	864
0	263
6	313
1	240
12	134
2	136
12	82
7	19
1	49
0	72
0	30
0	17
8	48
0	0
0	28
0	28
0	0
0	0
0	0
0	0
0	0
0	0
0	0
0	0
2	0
0	8
4	0
35	9
2	0
0	3
9	2
0	182
180	182
0	160
0	7
4	6
0	17
6	1
0	14
0	164
5	19
2	28
0	20
29	726
38	638
23	622
51	678
68	524
0	511
0	332
6	248
2	142
0	186
0	92
0	29
0	87
0	80
2	109
22	91
1	43
0	12
8	42
39	17
30	5
0	0
1162	190
210	72
53	167
5	4
0	0
0	0
0	0
4	4
44	1367
2	820
244	67
2	42
1	142
63	1147
0	63
4	287
0	54
0	88
3	18
3	1371
0	26
0	27
38	7
39	77
0	144
4	144
31	14
24	82
231	47
14	10
22	177
0	0
52	45
59	1665
36	1415
27	174
218	396
112	187
8	49
20	38
1	86
0	190
0	198
148	317
58	109
1	119
0	25
0	0
228	2252
0	2191
0	2134
13	35
71	250
17	107
2	2134
0	498
0	2898
0	2457
0	2104
2	229
0	245
0	2554
3	2701
0	154
0	1860
0	2296
0	61
6	2031
0	84
2	879
2	16
0	19
0	64
0	394
1	67
0	92
0	2222
2	0
12	91
5	1597
402	3347
9	86
1	77
0	305
0	395
2	254
2	295
15	89
0	353
9	67
2	7
1	8
4	89
6	2
0	377
0	118
0	119
0	145
3	151
6	6
0	24
7	45
1	23
8	19
0	148
2	923
114	898
124	8330
271	1294
37	2539
2774	9315
1	53
71	4423
51	1323
20	8
120	5
227	977
30	209
0	313
12	2677
43	2090
2	2328
7	111
5	24
10	2033
0	2392
7	1711
1	84
4	17
10	50
0	135
0	111
2	127
0	348
0	114
3	32
14	364
6	101
2	317
0	168
0	191
22	6
10	837
6	7
3	838
0	108
0	0
0	2175
0	6
0	6
0	1
0	0
0	0
0	0
0	0
0	1
0	1
0	0
0	0
0	0
1	1852
300	2529
17	1359
63	408
1	340
37	181
18	220
8	1005
21	67
15	121
4	94
44	100
8	638
3	859
55	895
10	55
0	93
19	211
11	59
94	354
0	720
0	137
17	409
0	123
0	47
0	30
0	459
0	89
0	16
0	29
1	23
1	23
0	7
0	7
1	11
41	133
0	132
24	2
8	1
2	47
12	216
44	214
8	9
8	0
17	175
5	31
14	153
4	154
17	0
0	40
10	0
0	0
0	0
0	0
0	0
1	325
14	141
7	9
1	23
3	1
4	165
35	277
0	4
0	2
15	720
6	705
8	81
1	85
14	309
217	2055
8	1269
157	1611
3	71
1	478
2	316
0	239
8	33
5	233
5	202
24	187
6	8
66	186
12	190
0	5
2	85
6	83
295	325
2	132
1	91
0	20
2	20
0	7
19	0
8	286
0	8
0	11
18	29
0	0
0	0
0	0
0	0
3	409
6	406
0	428
1	221
6	417
1	219
0	7
0	48
0	12
5	36
3	4
4	22
7	21
10	425
28	493
1	230
1387	148
14	14
0	73
0	1
0	1
0	22
7	2
9	20
0	0
0	0
0	21
0	0
0	0
0	1
0	0
0	10918
0	887
0	5192
2	9
2	0
1	0
0	0
1	0
2	21
0	21
0	0
0	12
19	1746
22	1959
0	1885
0	100
0	204
0	108
0	1479
0	263
0	116
4	60
4	304
5	252
7	239
3	235
2	56
9	52
2	1061
0	820
0	931
2	898
1	796
1	286
19	287
6	6
2	193
12	3
0	76
0	939
0	1049
0	1029
197	1333
160	1068
10	1375
0	330
0	798
8	96
6	8
0	0
0	0
0	0
0	0
0	0
0	0
0	0
0	0
0	0
0	0
0	0
0	0
0	0
0	0
0	1
0	1
0	1
0	1
0	1
0	1
0	1
0	1
0	1
0	0
0	0
0	0
0	1
0	0
0	0
0	50
0	50
0	0
0	0
0	50
0	0
0	0
0	2290
0	1700
0	1805
0	1469
0	1185
0	631
0	654
0	225
0	491
0	111
0	143
0	3
5	34
1	2
0	1
0	1
0	1
0	1
0	0
0	0
42	54
39	68
283	57
6	120
0	76
0	120
0	0
3094	121
5	116
0	0
0	0
0	1
0	1
0	0
10	223
6	419
0	741
8	377
6	4
0	729
0	0
134	1129
1	978
3	673
0	180
0	308
0	0
0	0
0	0
0	0
0	0
0	26
0	0
23	1305
101	1408
4	1279
12	1046
10	231
3	16
0	37
0	37
3	57
0	3
0	37
0	0
0	0
0	7
1	261
2	63
0	3
0	14
1	7
0	11
0	2
0	2
2	21
0	0
6	250
5	32
96	243
0	293
1	67
0	53
7	53
2	25
0	252
0	0
17	5035
0	5768
0	5971
1	3261
0	3211
1	3213
0	2688
0	3275
0	3022
0	3547
0	2949
1	453
0	2916
3	2686
8	34
9	7
13	967
4	5731
0	0
1	0
144	69
50	25
2	0
1	67
4	11
0	0
0	0
3665	763
0	763
13	24
0	0
0	0
0	0
0	0
0	0
0	0
0	0
0	0
0	0
0	0
0	0
0	0
0	17
0	28
0	17
0	5
0	5
1	31
0	5
0	5
0	5
0	5
0	0
0	3
0	0
0	0
0	0
0	0
0	3
2	32
5	4
0	0
0	0
0	5
0	376
3	426
0	299
3	31
0	318
0	311
0	23
0	110
14	256
13	238
7	238
0	11
4	11
12	34
0	255
9	211
2	183
17	11
11	0
5	2
0	211
0	0
0	69
4	71
9	467
4	501
0	524
0	274
81	1080
7	437
68	487
1	148
11	1016
19	371
0	136
0	73
0	10
0	0
1362	370
14	6
11	369
23	5
0	65
0	23
0	47
0	3
0	32
0	65
0	145
0	93
0	100
0	151
78	178
12	184
2	247
29	459
1	150
38	1052
6	1396
51	1150
0	114
55	51
0	93
6	43
0	43
0	42
0	22
0	21
4	8
0	1
0	1
0	1
0	1
1	0
0	0
0	0
0	0
0	0
0	0
0	0
0	0
0	0
0	0
0	0
0	0
0	0
0	0
5	7
0	0
0	0
0	0
22	0
0	0
1140	303
28	62
41	83
50	4292
190	5337
52	4861
47	20
39	3
30	148
5	339
77	475
42	2134
10	99
12	278
9	1900
74	106
310	891
12	92
0	449
0	729
61	0
18	79
1047	76
0	0
0	0
360	335
20	79
60	198
25	108
5	74
30	59
3	57
5	11
11	34
8	25
100	1229
3	662
1	1060
1	1082
2	279
1	322
9	77
0	1777
1	1513
2	367
37	121
0	1463
60	581
22	214
2	207
1	128
1	1752
3	256
4	70
0	33
0	9
13	6
0	19
0	562
0	1512
146	1590
9	1526
6	110
7	300
1	524
638	525
0	29
13	1290
0	17
0	441
0	299
0	41
2038	480
0	480
4	7266
22	2635
0	1279
0	33
4	7012
0	185
3	621
0	5984
1	1567
9	196
13	607
5	94
0	6124
0	1638
14	571
0	6141
8	5369
10	260
5	1510
12	70
34	449
4	41
53	6849
1505	0
94	164
5	5
1081	374
18	288
5	0
2	11
391	75
0	73
10	37
10	19
40	15
0	18
327	84
10	11
15	0
23	2031
1	1089
0	1616
98	49
0	619
7	247
8	13
89	1478
7	0
0	250
0	392
0	274
0	252
0	243
0	295
2	35
5	0
0	0
0	0
0	0
0	0
0	0
33	0
209	857
9	856
7	227
10	21
0	0
22	26
10	9
0	1
0	5
0	25
2	5
0	408
15	444
1	380
0	374
5	38
1	330
12	250
0	285
0	346
0	323
0	304
0	292
3	289
0	86
0	268
0	274
0	43
1	11
0	132
0	158
0	113
4	14
7	364
11	1
0	1
422	1518
6	1518
0	8
0	5
0	7
0	73
0	8
0	8
0	0
0	0
0	0
0	0
0	0
0	0
0	0
0	0
0	5
0	6
0	2
0	5
2	0
24	1818
0	370
0	938
0	1226
18	61
0	174
4	144
0	127
21	1
0	4
13	254
0	58
3	1063
2	313
0	203
15	1
0	9
1	869
2	1610
4	0
0	185
0	3
0	1
0	652
25	176
14	1324
4	22
5	849
0	381
16	805
6	741
0	81
2	282
0	287
0	479
0	0
0	0
0	0
0	0
0	0
0	0
3006	13203
81	1
9	13230
11	8545
90	9566
23	12983
50	238
40	1223
0	16
0	21
0	22
1	22
17	1146
17	792
217	1348
50	1188
1	449
6	563
13	319
1	435
15	97
15	91
0	139
4	165
45	60
23	62
3	30
427	0
5	77
0	77
8	6
0	5
2	8
0	6
1	0
0	0
6	5
0	4
0	0
0	1
0	45
0	42
0	227
0	200
0	61
0	217
0	57
0	26
0	14
0	23
0	192
0	12
0	177
0	204
0	200
478	1133
0	1130
151	1133
0	0
0	0
0	0
0	20
0	0
0	20
0	0
0	0
3	158
0	68
2	28
0	33
2	52
5	61
1	9
0	85
0	0
0	13
0	25
0	7
0	2
2	22
5	0
0	0
28	6
0	0
0	0
0	0
0	5
0	0
0	0
0	0
0	0
0	0
8	1980
34	384
0	918
20	74
114	1
80	350
27	419
12	1431
27	31
2	25
0	5
6	1037
0	2512
2	249
2	1957
10	486
0	316
0	292
0	292
3	1023
0	64
0	493
2	0
0	2174
0	37
0	493
22	2358
0	492
0	354
0	294
0	2144
0	200
1	2326
0	2326
0	341
0	293
0	126
5	644
6	133
2	2319
0	201
15	210
1	2302
0	2372
72	348
0	348
15	798
7	89
5	1
6	1105
59	1148
12	32
0	76
7	4
3	23
0	0
6484	213
26	30
37	181
19	595
76	4021
36	1456
27	1586
0	476
12	507
29	1653
56	3446
19	486
0	474
9	448
0	2294
4	235
2	0
0	16
5	14
2	2
0	7
0	2
0	2
0	2
0	2
0	2
0	2
0	0
7	0
0	0
0	0
0	0
0	2
0	2
0	0
1	5
26	23
0	0
0	0
0	0
0	0
0	0
0	0
0	0
0	0
11	3979
1	622
6	864
0	141
0	139
127	3488
0	474
4	3456
9	405
0	3313
2	13
41	109
380	236
1	15
1	13
52	100
6	9
11	6
0	8
15	1
5	89
819	743
2	590
0	678
5	208
2	0
2666	263
17	272
27	5
0	98
0	98
3	6
32	796
1	81
27	101
12	729
1	60
7	26
2	0
113	509
3	98
8	4197
63	3787
4	847
4	2
0	44
1	17
6	0
1	0
2	106
4	58
0	34
2	74
0	116
22	70
6	1
1	7
15	84
3	7
62	3677
261	3677
0	65
0	0
0	0
0	0
0	0
0	0
468	0
408	974
0	299
2	54
1	974
23	4348
41	4206
1	349
25	2838
0	0
64	57
0	184
0	162
272	185
2	2
3	31
2	13
0	397
0	382
0	295
0	240
0	10
0	98
27	5
0	3
0	382
0	382
0	105
0	57
0	57
0	55
0	37
0	33
0	19
0	0
0	0
0	103
344	675
13	544
90	31
7	37
1	422
13	617
14	0
30	11
7	196
18	97
0	86
63	173
1	77
3	78
0	72
15	2
29	86
583	1110
32	823
13	631
9	64
44	4
1	4
4934	0
25	32
0	15
4	20
2	13
148	404
3	310
45	598
21	661
0	127
47	371
6	56
3	109
14	80
0	15
6	1
0	0
0	0
0	0
0	0
0	0
0	0
0	0
0	0
142	612
98	612
0	1
0	0
395	401
18	400
3	62
0	62
16	25
881	658
2	555
4	199
30	89
12	260
2	52
21	54
36	23
5	31
11	84
2	145
78	220
0	3
1	99
0	143
18	10
16	123
2	71
0	110
2	228
3	18
5	14
0	2
60	43
15	49
0	3
0	0
0	0
0	0
0	0
417	3864
121	5724
401	6269
266	5528
0	812
8	440
34	18
0	29
8	6
0	3622
4	121
75	1177
1	38
1	815
6	504
1	76
7	68
56	1545
121	1545
5	252
0	1544
0	2
0	36
0	2
0	2
0	35
0	6
0	12
0	12
1	2
0	16
0	9
0	37
0	28
0	14
7	1622
0	8
0	0
0	8
0	8
0	0
0	0
6	49
1	2
17	566
3	521
27	74
0	4
2	32
5	7
1	3
3	14
6	3
0	1727
0	1813
0	1660
0	1624
0	1572
0	142
0	230
0	0
0	3
0	19
0	19
5	6
0	2
11	20
4	1341
0	1288
4	1254
3	1263
63	1699
10	1044
26	31
0	271
21	1
0	197
9	192
25	138
3	39
1	42
2	10
3	12
21	2
0	3659
2	3891
0	1676
0	424
0	1302
12	406
18	388
0	244
28	0
0	321
19	210
0	15
8	3626
0	0
0	3
0	3
0	3
0	3
8	104
1695	229
0	125
56	797
322	1051
14	843
64	68
9	56
0	4
0	4
0	4
0	4
0	0
0	0
0	0
0	0
0	4
0	608
2	386
88	339
1	191
484	587
0	329
137	662
1	653
16	675
19	234
8	43
25	37
3788	2379
40	2349
6	40
18	1394
13	55
0	30
16	1
1	363
0	40
1	436
0	36
3	35
1	33
0	439
0	363
0	381
194	780
0	494
0	445
0	412
154	4797
5	2385
8	2703
7	2044
2	3169
0	804
59	2014
16	159
0	198
23	291
0	47
29	274
9	92
2	21
0	17
7	43
2	60
4	0
0	38
6	266
0	65
0	1119
0	658
0	570
0	628
0	132
0	856
0	406
0	836
0	74
0	4
0	799
0	269
0	61
0	179
0	8
0	216
0	2
0	39
0	4
0	56
0	111
0	1106
0	1133
0	399
123	562
9	58
49	7
5	100
1	584
0	14
0	40
50	411
1	55
9	1791
299	928
24	3069
8	164
47	2232
18	775
0	1110
0	969
0	773
35	57
17	386
45	154
18	42
1	2504
102	44
9	29
1	26
1	39
0	34
10	76
0	62
6	6
0	39
288	203
8	110
0	123
254	169
15	21
8	60
890	257
27	193
29	230
14	174
0	106
0	8
0	0
8	2
0	6
0	6
1	6
8	627
0	218
0	1733
33	1580
4	1020
0	1703
22	126
0	1035
33	1553
21	1413
4	1582
2	1047
1	1171
29	1229
1	897
0	1094
2	365
12	487
8	147
18	139
2	423
31	108
5	338
10	87
2	267
43	236
0	1442
0	436
18500	10407
259	5649
1	9097
134	3624
1	7308
9	1593
1	1103
17	1465
8	1579
1	1568
1	1466
0	1186
11	381
0	699
59	697
0	674
0	225
0	15
40	66
92	13
353	125
34	243
0	243
22	66
112	202
5	105
1	105
0	71
31	94
1283	1818
5	1669
13	188
7	1445
1	9
3	32
94	1223
30	176
191	12
0	334
0	34
8	0
4	39
0	0
0	0
0	0
0	0
0	0
0	0
0	0
0	0
117	0
0	36
0	36
0	36
0	44
0	1
0	43
0	6
0	16
0	6
0	0
0	137
0	357
0	500
0	1403
0	2162
0	2473
0	887
0	905
0	508
0	599
0	317
0	341
0	2843
2	317
8	310
6	188
0	64
0	20
0	46
42	21
0	1159
0	2616
0	56
0	596
0	78
0	78
0	0
0	78
0	546
0	1220
0	1079
0	1070
0	642
0	166
0	269
0	272
0	66
0	521
0	272
0	1020
0	56
0	1073
0	1087
0	1072
0	1078
0	1072
1286	457
0	457
0	0
0	70
0	0
1	70
0	922
0	1350
0	1892
0	1771
0	568
424	380
0	318
0	2290
0	1805
0	1700
0	654
0	225
0	111
0	1469
0	143
0	491
0	631
0	1185
0	3
10	6
322	388
2	10
0	6
6	30
0	42
13	2
4	2
12	1
0	260
0	0
0	0
26	229
21	53
12	211
0	47
35	11
0	27
2	42
4	37
1	10
10	25
0	309
11	1621
10	1396
0	1068
0	777
0	203
0	197
0	1401
13	60
86	577
392	235
5	141
0	184
0	0
5	200
5	279
0	237
0	23
1	54
0	7
0	9
3	73
0	15
1	0
0	507
0	253
5407	610
11	359
18	211
0	33
0	28
502	615
0	0
0	0
0	1
0	0
0	0
0	0
1	0
0	1
1	0
0	0
14	617
85	442
11	795
0	504
14	260
9	127
3	53
0	1018
1	978
0	978
1	978
0	978
2	226
1	7
0	77
3	50
2	144
0	44
0	43
2	3
8	321
44	321
0	45
0	42
0	227
0	200
0	61
0	217
0	57
0	26
0	14
0	23
0	192
0	12
0	177
0	45
0	30
0	204
0	200
0	4
0	4
0	3
0	1
0	2
0	3
0	0
0	0
0	0
0	0
1410	2001
1	1658
6	631
1147	255
10	173
14	88
0	18
0	0
0	1
0	68
0	72
0	73
0	73
0	72
0	14
0	15
0	15
0	13
0	12
0	12
0	10
0	10
0	9
2	9
0	0
0	8
0	9
0	8
0	8
2	17
0	12
0	9
0	9
0	9
0	7
0	7
1	7
2	2
0	0
0	6
0	6
0	3
0	6
0	6
0	6
3	8
0	6
19	45
0	1
0	3
9	33
0	0
0	0
0	0
7	11
3	12
3	1
0	1
1	12
0	0
0	0
0	0
0	0
0	0
0	0
0	0
0	0
12	0
1	1
0	604
0	0
16085	15437
663	9528
10	10365
36	85
4	85
9	84
2	38
164	9
4	1173
0	870
256	855
0	922
0	1087
0	891
0	982
0	957
0	370
6	276
3	227
0	525
4	99
0	238
0	160
0	361
0	286
0	1174
0	992
0	1208
0	811
6	319
27	317
16	409
4	311
15	28
1	377
0	402
0	42
1	175
0	99
5	91
5	58
7	11
0	181
0	8
0	6
112	141
0	353
0	0
0	1
0	0
0	1
224	2
652	3372
1	2631
11	758
10	20
1	2024
19	27
17	633
1	16
10	28
5	94
4	92
5	110
8	71
3	66
116	0
0	0
0	0
0	0
0	0
0	0
0	0
0	0
2	0
0	6
2	15
1	1
0	0
0	3
1	0
4	3
0	3
1	2
0	0
0	0
0	0
0	1
0	1
0	0
0	0
10	9
0	0
0	1
0	0
0	1
0	0
0	1
0	0
0	1
6	398
751	948
41	124
3	0
1	716
1	57
3	0
0	32
0	31
1	0
1	0
4	19
1	25
4	138
3	86
0	76
0	17525
0	17
9	31
0	1
0	0
0	1
0	0
772	13
6	44
3	72
24	134
6	21
0	8
0	14
0	6
1	0
1	1
0	102
3	0
7	4
2	11
867	0
0	0
0	0
25	23
0	23
1	0
0	0
510	38
0	4
0	0
7	0
0	0
0	0
0	0
0	0
0	0
0	0
0	0
0	0
0	0
0	0
0	0
0	0
0	15
0	12
0	15
2	697
7	775
0	196
6	232
14	329
53	298
0	41
8	97
12	142
49	56
9	47
0	0
0	0
10	0
23	1188
0	1060
1	1047
0	1059
0	1198
0	1032
33	931
1	1018
40	45
60	283
27	52
36	3
14	0
14	600
3	93
50	34
0	69
55	81
4	373
0	320
7	40
27	1
1	24
0	22
0	85
0	66
0	0
0	0
0	0
0	4
0	4
0	22
0	16
0	16
2	6
0	2
0	0
0	0
0	1
0	0
0	0
9	23
0	23
3	0
0	0
51	1330
11	1195
20	145
0	88
5	0
4	57
1	59
4	241
1	6
0	7
6	10
5	11
4	0
0	166
0	140
2	10
892	23763
0	9330
9	15096
59	8307
24	18920
15	18920
0	1030
0	19053
0	16179
0	8320
5	7913
38	4939
0	213
0	210
0	492
6	42
1	40
10	666
95	1146
312	15799
12	28
0	15
0	213
180	951
35	955
0	361
481	407
0	305
29	45
22	8
0	1964
0	1888
0	110
0	541
0	88
0	0
0	293
0	211
0	207
0	469
0	2
0	1588
0	0
0	0
0	0
0	0
0	0
2436	2995
7	2759
31	2674
25	1491
11	4
24	311
40	2
1	7558
15	6985
113	8234
59	2130
13	1718
85	344
86	5
77	234
7	4
6	14
4	118
72	690
1	370
6	495
10	174
1	0
10	0
60	2265
219	2395
3	273
5	320
9	264
35	61
2	174
12	42
3	70
23	42
0	41
0	2181
0	8
0	7
0	4
0	8
0	5
0	0
0	0
0	75
0	0
0	0
0	6
0	0
0	0
0	0
0	0
28	4532
6	4829
219	468
8	995
0	992
53	3974
3	3931
0	8
13	101
6	201
16	17
22	135
6	96
23	180
13	110
0	0
0	179
42	121
196	1075
763	1334
7	176
166	610
1	94
29	0
14	602
19	77
5	77
8	54
1	0
0	25
0	25
0	0
9	10
0	92
7	382
8	12
3	62
0	12
0	10
0	20
0	18
0	3
18	0
0	16
0	45
0	8
4	30
0	377
1	371
1	390
0	1
0	0
6	366
0	379
0	26
0	370
0	377
0	922
0	1350
0	1892
0	1771
0	568
258	180
23	180
0	844
0	87
0	137
0	225
0	303
0	12
0	11
0	4392
0	697
0	290
0	3684
0	18
0	438
0	532
0	576
0	663
0	514
0	150
0	419
0	410
0	89
0	1
0	0
0	0
117	1038
7	14
4	135
139	135
0	0
0	0
0	3
0	0
0	0
0	0
0	0
0	0
3	3
10	34
0	34
0	34
0	1
0	1
0	19
0	41
3	6
5	291
0	238
1	230
78	142
4	1336
10	1476
7	726
13	987
2	446
2	646
29	95
2	348
0	29
24	0
32	0
65	1735
17	241
13	268
3	33
1	35
3	148
120	502
5	91
1	10
6	751
3	137
1	118
0	0
14	1611
0	107
1	128
1	154
0	129
3	119
1	7
1349	212
11	92
8	3
0	6
180	1380
6	1431
92	1347
2	1367
0	1335
13	1343
47	1169
53	1136
7	316
25	11
12	14
1	988
22	17
8	6
2	6
0	3
0	3
1704	47
62	37
224	11402
38	7747
96	1227
52	597
9	17
7	604
0	1560
26	1464
0	958
24	11814
10	11058
21	11781
2813	9420
0	6957
8	170
12	389
7	84
0	153
43	64
1	438
40	721
0	12786
1	9544
13	10581
1	7949
0	5895
0	1693
0	2343
6	415
15	1
23	1383
20	119
222	2034
7	160
52	124
18	177
34	1350
0	102
26	147
46	19
6	0
108	11130
4	72
65	202
0	16
29	193
7	51
1	56
2	66
3	2
41	429
0	0
16	12
0	0
0	0
0	0
0	0
9	90
0	0
0	0
0	2143
0	2180
0	2142
17	276
4	1085
6	32
0	1910
0	1910
18	536
0	1879
0	29
7	164
0	34
0	90
1603	47
0	1083
0	1915
0	533
0	1747
0	1738
0	53
0	32
0	206
0	67
0	1195
0	1211
0	7
0	28
2	18
1	0
2	27
4	26
0	21
0	21
0	25
0	24
0	20
0	20
0	2
0	2
0	25
0	26
0	26
0	22
2	2
10	1036
5	638
0	712
0	19
78	788
0	60
1	13
3	2
1	108
2	23
0	1036
2	134
0	23
3	194
12	353
1	3
56	353
0	2
17	9
12	117
6	15
0	7
0	0
0	0
0	0
0	0
0	0
0	0
0	0
0	0
0	0
0	0
0	0
1	6
0	0
0	0
0	0
0	0
0	7652
0	7104
0	830
73	7186
3	641
350	4705
9	7047
0	1266
2	191
42	46
3	6684
4	914
0	34
0	1726
0	759
1	50
5	123
1	1329
0	70
58	1262
0	4222
0	6
0	1
0	2
0	1
0	5
0	0
0	0
0	0
0	0
5	2
32	1
1329	728
3	67
4	975
0	429
3	1299
0	491
370	895
0	682
5	649
13	875
3	175
3	280
15	426
9	93
13	323
6	21
3	1160
22	12
0	1
0	7
0	1
0	7
0	5
0	4
0	0
0	0
0	0
0	47
0	0
0	0
0	0
0	0
0	0
0	0
0	47
0	47
0	47
887	61
1	20
5	41
0	48
0	0
0	0
0	0
0	0
0	0
0	0
0	0
0	0
0	0
0	0
0	7
0	41
3	26
0	0
4	14
0	0
0	16
1	1012
0	51
0	51
0	51
0	51
0	0
0	0
0	0
0	0
0	0
0	0
0	0
1112	3452
29	2016
0	2004
0	2023
0	2450
0	1455
0	1257
0	1095
10	20
4	36
0	1
6	154
0	189
0	1121
0	0
0	225
0	0
1	1
0	0
0	0
2	0
2	32
8	32
40	23
0	63
0	59
0	0
0	0
0	0
29	3469
7	461
1	27
0	155
0	2830
0	255
0	7
1	7
1	120
3	1139
1	163
0	43
0	49
28	3470
76	2465
0	106
0	391
0	456
6	3218
0	357
0	205
1	490
0	759
6	921
1	360
7	15
10	280
10	167
0	3188
0	254
0	12
0	12
21	808
3	642
0	552
2	684
0	81
1	86
0	67
92	665
0	212
27	784
0	0
0	0
410	737
1	513
37	722
18	167
9	0
14	25
9	0
0	0
71	1014
461	644
109	1193
3	44
34	485
755	526
4	29
10	0
1	146
2	9
0	37
0	16
0	37
0	59
0	48
0	74
0	72
0	14
0	20
0	39
0	60
0	6
0	5
0	23
0	64
34	1739
31	1603
0	4407
1082	11503
37	3684
74	3882
609	6686
174	5248
0	1
8	9
16	0
0	0
0	0
0	0
0	0
0	0
0	0
5	0
0	1
0	1
0	1
0	0
0	0
0	0
0	0
0	0
0	0
0	0
0	0
0	0
0	0
0	0
0	0
0	0
1	0
0	9488
0	9217
0	9552
0	4865
0	7254
0	1692
0	33
0	988
0	356
0	388
0	303
0	116
1	3835
0	16
0	549
0	229
2	157
1	177
0	94
0	95
0	39
0	5
0	32
88	536
7	536
3	157
0	150
0	96
0	9
0	7
0	6
0	8
0	5
1	4
8	156
29	1221
1960	1499
2	102
1	384
39	10
2	12
0	3
0	2
0	3
0	0
1	4
0	1
0	2
0	1
0	2
47	151
0	133
0	123
0	0
0	3
0	10
0	3
0	3
0	1
6	22
1	335
15	22
0	81
16	67
19	75
12	6
11	36
79	340
0	0
0	0
0	0
0	0
7	1
0	1
242	1581
51	1882
30	72
66	1584
0	111
12	91
24	12
138	0
64	1172
4	5
5	2061
3	925
0	628
0	2103
373	601
9	375
23	133
1	394
9	196
1	194
2	203
0	188
0	223
12	1027
10	1420
17	975
1	1922
0	1826
0	267
0	219
0	1234
0	168
0	175
11	1185
3	635
0	208
1	373
0	105
0	105
25	59
10	18
24	1015
10	1014
11	896
0	473
0	575
0	15
25	44
1	29
13	56
14	992
0	921
0	1030
2	4
12	253
3	4
1	13
0	6
0	22
305	523
45	7
111	515
746	669
50	225
6	78
15	350
122	376
7	580
0	575
0	528
19	575
0	580
0	529
7	471
9	592
0	581
3	513
0	363
0	426
2	38
0	53
0	16
0	48
2	1
0	0
0	70
0	18
0	18
7	0
0	55
0	5
0	5
0	55
3	51
0	45
0	17
0	13
0	10
0	10
0	7
2	584
0	583
0	528
0	583
0	583
0	2423
3	2257
4	1791
3	63
2	946
3	105
5	217
14	389
0	1682
17	2029
763	0
17	35
0	0
4	594
4	591
58	390
3	11
0	22
4	36
0	480
18	36
10	267
0	63
0	36
2	19
6	19
3	281
0	19
0	0
2	0
0	5
0	93
1	262
37	117
0	1
3	265
0	27
5	157
0	156
4	2
4	133
0	158
1	348
0	591
0	152
2	6
0	6
0	739
0	108
0	65
1	168
0	544
0	30
0	200
12	426
1	16
0	96
0	14
0	156
0	157
0	178
0	44
0	37
0	0
0	0
509	0
0	720
0	678
0	653
0	665
0	686
0	219
0	255
0	249
0	130
0	129
30	5
0	0
0	2
0	8
74	1644
108	65
74	980
0	1800
50	264
33	16
38	1741
27	16
0	9
0	1
0	1
0	0
0	0
1	2
1	0
0	235
0	0
0	0
0	0
3	33
2	1
0	145
5	120
46	98
1	21
0	7
6	119
3	5
1	64
0	0
209	1276
0	1292
0	898
27	355
44	387
11	200
28	102
174	585
53	585
0	16
0	189
0	43
0	187
0	0
83	282
0	263
0	23
2	36
17	10
28	17
3	5
6	2
11	11
8	37
0	8
2	17
8	1
27	2
6	94
16	181
5	3868
0	603
0	3858
5	2838
99	927
3	458
9	886
9	279
24	120
123	628
37	154
16	479
0	594
11	372
22	191
0	0
0	0
0	0
0	0
0	2446
0	80
0	37
0	6
0	188
0	1515
0	122
0	100
226	80
0	72
1	75
0	19
4	34
1	345
102	352
73	300
74	357
0	0
0	0
0	0
0	0
0	0
0	0
0	0
0	0
11	271
20	267
0	40
182	377
2	296
0	0
0	0
0	0
0	0
0	0
0	0
0	0
0	0
0	40
0	55
0	59
0	272
0	272
1	212
7	9
158	339
4	299
3	42
4	14
10	36
1	14
4	286
2	271
0	31
5	281
0	273
433	7484
11	367
0	7101
19	395
17	0
23	577
24	354
1	1170
11	766
9	10
300	0
0	1
66	583
33	644
0	643
39	17
19	35
19	24
22	41
32	312
165	136
0	0
0	0
0	0
0	0
0	0
1065	0
0	99
0	79
0	77
0	103
0	81
0	77
0	66
0	45
0	59
0	0
0	15
0	13
12	1386
48	1766
34	897
16	1249
1	278
111	908
15	82
13	0
0	66
1	14
0	238
6	244
29	174
0	83
4	117
7	31
0	19
0	544
23	1648
26	18
0	6
0	6
1	0
0	16
0	12
0	0
0	0
0	0
0	0
0	0
0	0
17	730
2	354
0	41
3	607
5	687
0	3
6	0
10	118
3	0
1	23
2	156
8	60
1	88
3	95
5	15
0	30
12	0
3	23
2	33
7	1
0	6
30	4
2	599
0	0
9	674
0	674
0	39
1	4
0	3
0	4
0	3
0	6
0	0
0	0
0	0
0	0
0	672
0	673
67	428
14	164
133	362
53	1299
6	884
216	1371
52	276
8	3
5	120
51	1273
82	949
0	725
0	1038
0	44
0	572
8	200
0	176
0	81
21	153
0	121
0	103
26	832
22	784
0	28
9	299
4	0
6	535
1	7
0	38
7	556
0	96
88	898
1	431
7	7
0	420
0	421
0	408
7	146
16	739
1	566
0	178
6	336
0	698
0	22
2	21
0	0
0	0
10	79
0	0
3	973
158	2130
0	229
16	1493
1	1296
12	1299
0	1552
51	1561
4	553
9	201
1	264
0	578
20	445
19	137
6	1917
14	655
0	439
0	1897
6	1208
139	1241
0	1
0	1
0	0
0	0
0	0
0	0
0	0
0	0
0	0
0	0
0	0
0	0
0	0
0	0
0	0
0	0
0	0
0	0
0	0
0	5
0	0
0	0
792	693
16	542
7	7
5	173
0	0
0	0
0	0
0	0
0	0
0	0
0	0
0	0
0	0
211	2159
1	3
40	1656
48	1687
20	1774
0	1673
0	1161
3	610
10	603
19	473
11	2117
0	1685
0	525
0	172
0	99
1	215
0	180
0	1836
0	536
1	86
5	372
3	200
10	10
9	890
9	761
0	81
407	632
14	133
52	517
14	269
3	35
3	18
0	10
0	27
0	11
0	6
0	1
0	5
0	0
0	12
0	2
0	2
0	1
0	8
0	3
0	0
0	3
0	32
199	3685
18	2671
0	3014
0	2823
2	3070
2	2379
0	2277
0	348
1	341
12	10
0	2
0	2
0	0
0	1
0	2
0	0
0	0
0	0
0	0
0	0
11	199
1	26
1	29
0	25
1	19
0	3
0	3
0	0
1	0
1	0
0	25
2366	989
2	308
2	0
0	11
0	91
19	92
23	356
2	23
4	2
1	2
21	6376
119	6811
9	891
2	986
61	68
15	447
6	1210
0	146
0	173
29	0
52	77
29	1414
9	1891
210	175
1084	304
34	169
9	266
36	36
99	1042
0	1087
4	1105
4	368
0	210
14	195
1	193
0	274
2	150
0	145
0	103
0	103
0	114
9	75
12	45
1	43
2	38
7	23
1	54
2	93
2	129
29	41
0	91
0	31
85	69
10	48
0	27
44	7
15	4
14	11
0	8
1	3
0	1
0	1
0	0
0	0
0	0
0	0
0	0
0	0
0	0
0	0
0	0
0	0
0	0
0	0
24	1115
138	1144
0	1551
41	1646
7	1435
28	16
0	78
0	0
0	0
0	187
71	2790
1	140
48	543
13	104
0	155
9	113
0	70
0	432
5	2650
13	444
0	182
10	195
38	98
7	411
52	1763
0	378
29	632
0	12
6	297
3	50
3	82
0	27
0	1
6	30
0	12
0	12
0	2
0	0
0	0
0	0
0	2
0	6
0	819
0	21
0	33
0	24
0	63
2	306
6	139
5	170
1	1112
2	1136
11	0
0	812
2	1
11	6
0	50
0	4
0	102
3	235
1	30
1	33
0	0
5	90
254	1169
10	239
13	271
19	469
2	30
102	788
51	14
0	0
0	0
0	0
0	0
0	0
0	0
0	0
0	64
0	210
0	306
2	1209
0	2910
0	1633
0	706
0	1247
0	3326
0	612
0	1055
0	578
0	2955
0	33
0	0
1	11
0	3
0	2
0	3
8	0
0	0
0	0
0	0
0	0
0	0
0	0
0	0
0	0
0	0
0	0
4	9
95	897
1	9
47	485
8	4
2	81
0	895
0	70
11	303
0	136
0	0
19	147
8	5
10	640
7	30
0	0
0	0
0	0
0	0
0	0
0	0
0	0
0	0
0	0
39	668
13	712
0	815
4	115
9	59
54	560
229	782
10	761
9	120
22	1726
119	4050
2	2973
26	1321
107	2469
33	239
74	250
30	440
0	398
17	365
0	388
0	21
12	51
54	113
0	3234
0	7125
0	7066
0	7551
0	3210
0	1367
0	4755
0	5011
0	644
0	184
0	4919
0	4807
0	4744
0	9783
0	7336
0	0
0	0
0	11531
0	6806
487	7433
1	9594
1	916
10	1506
0	10974
4	1188
5	11128
0	34
372	154
143	454
20	418
239	10
0	0
0	0
0	0
0	0
0	0
0	0
0	0
0	0
0	0
0	0
0	0
0	0
0	0
0	0
0	0
0	0
0	0
0	2
0	0
0	2
0	2
0	2
0	0
0	0
0	0
0	0
0	0
0	0
0	0
0	0
0	0
0	0
0	0
0	0
0	0
0	0
61	0
0	0
0	0
0	0
0	0
0	0
0	0
12	2
0	2
0	2
8	26
0	26
0	1
0	1
0	1
28	23
5	1
0	1
1	1
0	0
0	0
4	20
0	0
2	1
0	0
0	1
0	1
0	0
253	37
23	0
0	0
0	0
0	0
0	0
0	0
0	0
0	0
0	25
0	25
0	2131
0	183
0	201
0	102
0	97
0	138
0	88
0	33
0	93
0	0
0	0
0	0
0	0
10	55
0	0
0	5
0	5
0	0
0	0
0	0
0	0
946	249
0	9
0	150
3	26
48	140
0	145
0	25
0	16
5	117
0	229
0	214
0	224
0	26
4	244
0	102
0	550
0	550
0	353
0	473
0	84
0	29
0	2
0	0
0	0
1	52
231	1022
0	404
3	8
1	27
7	5
12	2
0	138
0	0
0	4
0	4
0	4
0	3
0	4
35	4
1	189
57	170
7	137
1	27
9	18
2	0
13	1
3	60
47	382
0	449
19	682
11	773
0	812
3	648
6	100
2	178
0	234
3	0
1	231
0	292
30	14
0	668
0	0
1269	310
90	303
0	3
11	308
87	93
145	0
28	637
0	210
5	504
1	609
39	216
2	74
23	249
12	37
0	4306
0	3883
0	363
0	197
500	1267
8	1267
26	1229
12	167
27	31
0	106
94	796
295	1258
6	202
19	71
35	1009
20	143
14	0
21	0
0	660
218	705
0	660
2	612
0	729
36	452
4	532
0	52
6	124
3	72
0	0
0	79
0	79
0	0
0	79
0	0
0	0
0	0
1	0
0	1
1	80
1083	280
20	173
21	22
4	24
54	49
25	43
11	45
2	14
0	6
0	12
0	4
0	0
2	3
0	1
260	210
50	187
15	69
26	101
392	94
16	47
7	18
0	18
2	18
5	44
0	233
3	22
6	161
31	159
0	17
6	47
16	87
13	80
0	27
14	133
4	1
33	60
0	7
1	0
3	1
2	203
42	687
12	8
17	607
0	962
0	777
0	402
18	93
4	952
56	1043
0	790
10	2060
1558	5278
1	349
38	5146
64	1623
0	1412
0	314
42	140
39	154
6	261
8	69
0	439
29	333
18	930
0	0
0	0
0	0
0	0
0	0
0	18
0	0
0	4
0	0
0	0
0	0
0	0
0	157
1045	83
8	71
0	0
4	79
0	75
2	109
26	14
0	0
0	0
138	2137
4	307
67	2256
33	143
4	201
4	71
7	98
371	714
7	1
233	1051
1	4
104	749
3	0
0	0
0	0
0	0
17	25
0	0
9	2771
3	2302
0	1992
0	1989
0	1901
0	2281
6	1091
30	507
18	600
0	702
1	557
0	261
7	124
0	214
0	82
0	270
10	10
0	113
0	108
0	95
21	8
1	25
1	1
12	9
3	0
0	0
0	0
0	0
0	2226
6	14
0	0
0	0
0	3
13	3
4576	10029
15	132
8	1135
0	7822
23	5758
0	1154
142	6299
0	8597
44	2922
0	0
23	0
0	0
0	0
0	0
66	2
2	10
738	579
1	562
25	46
13	8
361	1888
288	1682
62	284
5	1396
9	3
0	440
6	328
6	417
19	148
0	93
0	37
0	11
0	6
0	90
0	89
7	96
12	125
30	137
1	84
4	126
1	33
19	5
0	11
744	841
13	703
8	362
14	142
0	0
0	30
0	0
0	30
0	206
0	0
0	0
0	3049
9	3299
0	3942
8	3740
15	3288
3	3494
0	3690
66	116
0	1326
0	379
0	16
0	674
0	27
0	714
28	218
13	0
0	0
2	12
118	285
0	294
0	226
3	63
0	18
13	8
2	1
180	1745
23	419
4	567
0	1497
76	22
0	1940
0	1951
0	1807
0	1951
0	1951
0	1951
0	1883
4	172
0	1860
0	2018
0	524
3	1570
0	0
11	1214
5	14
0	2018
0	0
0	0
0	0
0	0
0	0
0	0
0	0
6	1298
85	1838
260	842
11	71
13	1588
1	1434
26	4
0	8
21	117
3	38
66	6
2	4
0	1
0	1
0	1
0	1
1	0
0	0
0	0
0	15445
15	14835
4453	19316
2	18533
1	13966
35	13012
55	3800
0	2429
0	1408
1	1121
0	1129
72	213
41	1774
32	1864
17	949
5	707
0	1607
11	1599
18	419
0	2092
2	4500
0	2016
50	54
0	1729
0	1585
7	1372
3	1012
20	1010
1	2064
38	522
81	1699
63	397
6	16
28	5
0	2087
3	68
0	54
80	64
0	68
11	63
0	1
4	17
1	12
0	15
0	15
0	15
0	8
0	15
0	0
1	6
320	9407
565	9680
317	8789
10	8647
0	8290
5	8388
5	4037
30	2614
21	468
25	331
1699	1462
161	1323
0	1251
63	361
0	249
0	275
0	229
0	12
0	12
79	134
6	172
0	71
0	31
2	2
0	0
422	533
0	100
0	369
3	391
2	340
0	295
9	10
86	31
6	6
0	3
0	3
0	14
1	90
0	3
0	6
0	7
0	0
0	4
0	0
0	15
3	5
1	14
0	4
0	915
0	1107
1	307
508	18059
0	16325
0	9946
3	796
43	3368
1	1080
10	3522
8	8931
0	924
13	19
11	3218
0	3293
49	4250
0	3490
1	1026
34	135
60	3631
0	1808
1	1722
1	746
0	636
25	1028
9	167
52	1896
5	11
48	2831
42	2139
7	879
0	705
19	21
18	5
0	2831
30	2718
8	3325
18	3014
0	3252
4	2297
3	295
1	0
17	35
2	33
1	255
35	449
2	19
0	128
1	374
5	1
24	7
18	0
23	1397
18	125
47	1317
14	111
2	25
16	39
0	8
7	147
0	11
0	834
3	66
4	75
15	352
6	201
0	8
6	27
1	17
0	167
3	153
12	132
0	119
0	12
0	87
0	1
2	856
0	459
0	452
0	91
0	33
1	12
13	3
1	460
1	458
0	455
0	449
9	1458
10	66
3	1190
0	1242
7	220
1	1239
2	128
0	106
2	0
7	319
5	566
23	1028
1221	2684
188	807
5	2347
58	815
0	585
155	1523
4	64
0	35
360	3
7	42
0	7
35	57
0	35
0	1457
1	247
0	431
0	492
0	79
0	0
8209	836
11	821
0	27
0	124
0	122
0	11
0	50
0	49
0	162
0	44
38	115
6	12
9	1669
30	1
36	448
2220	5486
2	1782
13	932
18	1581
22	58
13	1597
1	75
0	933
0	324
0	184
0	0
239	1247
403	595
15	249
380	178
92	0
27	340
64	72
89	148
12	19
0	1100
0	22
0	16
0	1
0	2
0	22
0	52
0	12
0	1
0	0
0	0
0	0
0	0
1	119
1	1
0	3
1	42
1	11
2	28
0	10
0	2
0	9
0	2
0	3
0	17
4	41
0	53
0	7
0	17
0	23
0	9
8	63
2	114
193	22
6	9
1	0
11	1
44	14
5	0
10	36
0	411
0	365
0	18
0	139
0	51
0	76
4096	1
138	391
1	208
18	207
0	275
0	163
5	0
9	85
6	86
0	0
0	0
0	0
1	0
0	0
12	0
5	1813
0	1719
0	1652
0	1652
0	836
0	891
0	859
0	613
0	150
19	64
0	41
0	4
0	4
0	0
0	0
0	0
0	0
0	0
0	0
0	0
0	0
0	0
1	0
0	0
15	35
0	1652
0	1652
0	1407
0	1717
0	1652
0	1652
2	9
1	350
3	328
2	330
1	334
0	27
0	334
0	18
0	34
2	129
1	16
1	1
1	5
0	6
0	10
11	85
27	74
0	0
0	0
0	0
3	3
9	45
5	53
7	9
1	15
159	587
0	167
6	256
0	465
0	0
4	1169
27	761
79	985
13	835
6	291
6	271
0	326
191	85
2	1
12	84
1	1
0	19
4	19
6	7
0	0
0	0
0	0
0	0
0	0
1	0
0	0
0	0
0	0
0	0
2	7
0	0
0	0
0	0
0	29
0	0
0	29
0	1814
0	3108
0	832
0	341
0	848
0	630
0	51
0	695
0	595
0	270
0	421
0	45
18	189
80	70
5	459
1	56
9	10
62	82
0	451
1	379
0	448
0	490
104	609
12	9
0	44
8	117
14	15
0	74
11	17
0	675
35	2105
2	2255
27	2062
28	1020
52	1042
10	60
14	41
0	321
0	90
0	188
2	4
2	231
0	1
11	0
0	4
0	4
0	3
0	6
0	6
0	6
0	3
0	2
0	0
0	6
0	4
0	4
0	2
0	0
0	0
100	34
14	34
0	20631
0	18726
3	19
0	19
4671	0
15	183
30	21
1	3
0	1
0	1
0	1
34	644
43	224
18	139
14	580
0	583
8	177
8	451
17	133
0	0
0	119
0	1
0	1
0	0
0	0
0	1
0	0
5	336
0	952
0	971
0	1156
0	349
0	1430
0	1186
0	1469
0	389
0	72
0	37
0	1238
0	925
0	1158
1	1160
0	904
0	685
0	415
0	1187
0	421
0	1222
0	896
3	880
0	883
0	444
0	666
0	348
0	946
2	433
0	579
0	1056
0	1148
0	681
0	881
0	678
0	736
0	799
0	639
0	1123
0	648
0	350
16	459
0	444
0	924
0	675
0	894
0	1169
0	953
0	648
0	645
0	655
0	900
29	24
0	641
0	666
0	682
0	799
0	978
0	1096
0	858
13	946
0	927
0	882
0	880
0	426
18	447
0	536
0	718
0	856
0	345
0	630
0	844
0	527
0	672
2	33
13	330
8	924
0	909
0	905
0	659
9	208
31	875
0	835
0	1076
0	857
0	299
0	183
0	350
0	176
0	145
0	297
2	517
0	261
0	57
0	12
20	12
13	2
0	64
1	48
0	470
0	728
0	1503
0	1451
0	1696
0	56
0	29
0	338
0	355
0	666
0	331
0	17
0	37
0	1413
380	857
21	701
49	780
2	327
17	68
12	21
6	1390
22	245
14	753
119	1344
3	1282
0	1513
34	717
14	15
19	276
16	142
7	531
5	51
0	80
5	84
34	0
99	29
65	8
7	3
0	1347
0	1325
1	578
0	50
0	0
87	1745
0	786
4	1831
0	188
0	124
17	4
0	163
0	135
39	298
1	1836
0	982
1664	1052
0	777
14	169
11	178
40	8
4	8
32	868
16	30
5	178
65	571
0	0
0	0
0	0
0	0
0	0
0	0
13	21
0	0
0	0
0	0
0	1
0	1
0	1
0	1
0	1
6	22
0	0
0	0
0	0
0	0
0	0
0	0
0	0
0	0
0	0
0	0
0	0
0	0
0	4
0	0
0	0
0	73
1	73
3	62
2107	106
11	77
157	196
0	35
0	92
1	6
0	97
0	2
1	0
0	80
20	101
0	0
0	0
0	0
0	0
0	0
0	0
0	0
0	0
0	0
0	0
0	0
0	0
103	15
13	15
0	0
0	0
0	0
0	0
0	0
0	0
0	0
0	25
0	545
0	8
0	28
0	512
0	57
0	141
0	5
0	23
0	14
6	2322
64	3883
0	3960
0	81
5	2
16	3760
1	371
19	1430
0	83
2	1165
0	1099
3	619
1	1018
17	945
35	314
15	178
44	224
225	138
11	570
9	98
10	131
3	49
0	57
13	153
1	183
7	7
2	4
0	4
1	3
0	0
0	0
0	0
11	5
0	9
0	1
0	0
200	252
1	75
13	34
60	164
0	555
0	471
0	180
0	202
0	105
0	81
0	10
0	10
0	10
0	0
0	10
0	10
0	0
59	313
2	212
7	36
0	3
0	0
0	0
0	0
0	0
0	0
0	0
0	0
0	0
0	0
0	0
0	0
0	0
0	0
0	0
0	0
0	0
0	0
5	289
0	463
5	325
0	232
0	341
2	129
3	283
4	130
4	3
8	39
0	100
3	36
0	79
11	56
0	525
0	634
78	364
1	3
0	4
1	2
2	0
0	35
2	61
23	275
0	93
9	595
16	645
12	414
0	353
10	399
13	33
4	24
9	40
10	0
52	306
0	81
0	91
13	36
10	22
1	2
6	28
0	12
14	16
0	568
37	4436
0	4078
54	1259
0	4069
35	1112
14	3768
19	3331
0	992
23	224
26	439
35	563
0	0
1	0
0	0
0	0
5	55
374	306
0	151
0	261
5	47
5	130
2	16
6	16
315	849
623	662
0	799
127	173
9	294
1	246
1	221
35	331
3	133
11	8
219	0
2058	14
0	0
0	0
15	119
0	437
23	434
116	767
0	559
16	227
0	592
5	448
57	970
4	832
3	252
56	663
11	19
2	560
1543	44
343	1450
18	398
35	1093
13	67
25	1
229	339
8	254
118	217
0	0
0	14
0	14
0	0
0	0
0	0
0	0
0	0
0	0
0	0
33	4
0	0
0	0
1	0
0	0
0	0
0	0
0	0
0	0
0	0
0	0
0	14
0	14
0	0
0	0
0	0
0	0
0	35
0	23
3	2
0	2
8	0
1	0
0	4
1	0
0	0
0	0
1	0
0	0
0	0
7	54
0	4
0	0
0	0
0	0
0	0
0	0
0	0
0	0
0	35
95	778
0	769
0	766
24	74
1	555
524	807
1	47
0	349
4	0
0	35
0	35
1	48
0	33
0	31
0	31
5	41
0	9
0	34
5044	10013
269	10054
2	557
0	0
0	0
0	0
0	0
0	0
0	0
0	0
0	0
129	0
0	402
0	836
0	402
0	481
0	585
0	467
0	76
0	170
0	1053
0	570
7	5
0	695
41	161
54	189
3	586
1478	880
41	150
0	277
10	85
0	250
17	291
7	121
3	86
0	277
3	322
27	129
941	264
0	0
975	1342
1	344
3	1333
16	1150
2	425
0	0
0	0
41	413
0	21
0	4
0	274
0	47
8	16
4	0
0	12
2	8
2	82
21	19
7	0
0	13
31	64
27	55
4	39
8	111
0	403
0	255
10	344
0	0
0	0
4	33
7	26
1	2
0	18
0	13
1	11
0	8
0	8
0	1
3	0
52	149
0	529
2	515
43	488
9	58
0	491
0	236
0	97
0	12
104	0
17	1
0	6
7	11
18	8
3	6
0	9
0	2
0	4
0	2
0	0
1	0
0	7
27	325
32	1146
2	1302
12	814
2	306
1	108
0	249
2	165
0	421
2	192
11	457
5	133
21	32
0	14
0	20
0	20
56	4
1	4
4	0
0	0
0	0
2	19
0	5
0	5
0	1
0	0
0	14
0	0
0	0
0	0
0	0
0	0
0	0
174	754
30	760
36	100
32	554
21	1636
0	224
16	1430
28	75
6	77
0	295
9	1068
0	164
10	15
1	1649
0	0
2	1
0	0
1	15
0	0
0	0
9	0
6	11
0	48
0	1
0	3
4	2
10	2
0	4
1	46
0	0
15	17
0	46
8	31
0	0
0	0
0	0
0	0
0	1
0	1
0	1
0	0
0	1
6	15
8	2
0	0
0	0
9	544
24	3925
17	8
1	2455
1	664
8	93
22	3295
8	3203
0	3292
3	303
65	260
0	313
2	456
229	562
4	206
5	0
2	15
1	256
24	46
15	419
86	499
0	418
0	24
0	43
0	269
0	18
2	245
1	124
145	112
1	20
0	29
0	0
0	0
8593	2848
155	2678
21	181
0	87
0	263
0	218
0	289
0	119
0	170
0	54
0	189
0	52
0	46
0	128
0	274
2	1470
0	1368
3	564
0	530
1	561
2	557
0	1214
0	1348
0	1327
5	67
0	379
1	363
10	472
0	371
0	714
0	209
0	82
40	285
65	52
0	1468
0	1366
0	0
0	0
34	5021
30	2485
427	2773
272	3966
41	3759
4	3758
73	2054
0	3598
12	1559
0	2435
114	15
0	1
7	1601
0	1360
10	660
1	330
0	299
5	740
17	574
1	22
2	739
0	721
6	1328
0	851
2	889
9	685
0	709
1	599
5	615
47	555
4	78
0	495
0	595
0	1002
0	463
122	319
0	213
0	0
0	9
1	23
0	0
0	7
0	4
0	4
0	5
0	6
1	9
0	1
0	4
0	0
0	1
0	0
0	0
0	11
2	11
1	11
0	8
0	1372
0	1488
0	1406
0	1594
0	1969
0	41
0	41
0	41
0	0
0	0
0	41
1	1
2	1
0	1
3	769
150	814
33	655
4	38
4	22
0	921
35	921
56	7712
745	7057
66	764
7	555
691	3222
16	2
21	677
11	650
0	627
0	190
96	29
0	29
1	22
0	1
10	162
129	2877
2	283
20	114
1	204
3	2410
0	125
155	533
8	326
0	498
38	297
43	60
31	6
10	175
0	526
0	861
1	924
11	2219
110	4516
57	1608
5	3653
39	4497
50	2214
11	79
22	350
30	238
175	134
105	573
0	0
5	270
1	344
1	197
14	19
0	23
11	0
4	56
57	56
2	22
0	1
0	1303
513	2616
1	823
0	2619
1052	1270
20	1220
0	635
3	572
16	436
25	27
37	361
0	24
6	34
11	28
10	6
6	11
1	8
11	14
1	11
62	1
255	9
111	1878
50	393
7	23
4	1256
6	1230
0	2541
23	1
28	0
716	6804
7	4034
32	4053
24	1756
1	2845
113	3667
21	225
0	1448
9	42
38	5
4	11
3	11
74	489
115	415
184	96
3	135
10	71
158	203
11	56
0	0
0	0
0	0
0	0
0	0
0	0
0	0
9	0
20	30
11	0
0	0
80	90
34	6508
4	75
0	73
5	67
0	6472
219	879
13	6485
381	6344
38	63
23	31
6	262
140	672
0	6436
1	6394
2	42
0	3
0	1
0	3
0	0
0	0
4	0
0	0
0	0
0	5
0	5
0	2940
0	1326
0	1401
0	1631
0	2790
0	2573
0	2668
0	1375
0	1625
0	2319
39	58
0	0
0	0
1	49
0	5532
0	95
0	113
28	344
0	5101
0	1420
0	491
0	4886
0	3064
0	4214
0	2229
0	762
1	3695
96	13
183	5278
181	2996
0	2062
21	1817
95	1097
2	4713
1	3843
0	116
105	2800
1985	2551
28	2209
1	513
0	408
1228	488
65	431
0	0
0	0
0	0
4	11
0	0
0	0
0	0
28	0
0	2290
0	1577
0	1700
0	1878
0	1959
0	1711
0	1469
0	1185
0	701
0	225
0	491
0	111
0	184
0	3
0	0
0	0
0	2
0	2
0	3257
0	1520
0	1689
0	1429
0	150
0	539
369	981
13	153
3	240
9	74
4	20
5	41
23	0
54	163
0	1210
0	289
0	391
0	1014
0	903
0	679
0	26
0	22
0	206
0	99
0	480
0	17
0	27
0	59
11	121
0	186
0	0
0	1
0	1
0	40
0	54
0	40
0	0
0	36
2	0
2	313
26	1449
224	860
126	227
3	585
0	309
33	1174
27	440
91	805
7	262
523	473
4	338
0	43
0	17
5	42
6	129
241	97
0	0
20	2
0	29
30	223
9	109
0	101
0	0
0	0
0	0
0	0
0	0
0	0
0	0
0	19
6	23
0	0
0	0
0	20
1	19
0	2
10	1491
13	778
1	539
2	543
9	656
0	578
2	581
4	34
0	303
7	171
0	266
0	87
1	9
4	24
0	79
0	0
0	36
19	12
0	31
8	19
2	68
0	53
2	69
0	1334
0	0
0	0
0	0
0	0
0	0
0	0
0	0
0	0
0	0
0	0
4	978
24	331
34	14
18	381
77	268
202	118
0	539
2	371
0	350
0	325
0	382
0	323
44	316
22	4
57	119
4	39
19	20
20	21
0	4164
52	1545
0	554
0	3023
0	367
0	80
0	867
0	518
0	441
5	101
0	1074
0	718
0	864
0	260
0	576
0	499
0	471
0	328
0	60
0	122
0	4061
0	0
0	0
0	0
0	0
0	0
3	1
0	0
0	0
0	0
0	0
1	0
155	242
55	247
0	517
30	294
3	539
6	470
20	171
0	110
3	83
7	58
0	156
4	48
0	134
0	70
0	112
0	303
0	531
0	1114
1	1047
58	50
0	446
0	370
0	399
1	399
46	500
2	382
0	264
0	401
5	19
10	44
0	106
2	0
0	42
2	124
0	133
10	11
1	13
0	23
3	95
0	22
3	54
6	89
43	55
0	0
0	0
21	87
27	70
0	0
0	382
55	394
1970	856
105	146
28	568
10	1073
17	453
0	56
15	64
24	76
0	64
5	66
0	0
10	295
0	116
6	55
1	91
6	232
0	18
5	49
0	93
1	99
16	6
18	42
0	55
15	1
0	29
0	260
0	3
0	4
0	1
0	0
0	1
0	1
0	1
0	1
0	1
0	1
1	1
0	1
0	0
0	0
0	0
0	0
66	2114
1	252
0	27
16	162
0	2049
14	1894
536	12193
27	5176
14	1720
74	5703
1	2247
0	1016
60	861
7	778
42	781
7	19
0	818
0	697
0	421
0	0
5	49
0	0
0	10
0	0
0	0
4	16
0	0
0	0
0	16
0	36
11	11
0	0
20	5
0	31
2	63
7	31
14	56
0	0
0	0
0	0
0	0
0	0
0	0
0	0
0	0
0	0
0	0
933	537
0	533
3	75
21	1
579	183
0	183
0	1828
0	3108
0	832
0	341
0	848
0	630
0	51
0	695
0	616
0	270
0	421
0	63
0	0
0	0
0	0
0	0
0	0
1785	1558
16	172
11	1273
20	12
2	196
6	50
20	354
0	0
0	0
307	977
8	705
0	384
9	58
12	2
17	10
4	54
16	0
8	1572
37	509
10	1133
1	980
0	114
22	3
5	10
8	87
0	536
0	492
1	388
0	392
0	298
2	139
3	158
0	11
1	73
9	11
0	11
0	18
4	51
0	1560
0	0
181	652
0	652
6	18
1	0
5	787
6	855
0	478
2	572
96	7
8	385
0	333
3	346
6	345
7	169
51	173
1	127
3	48
2	148
0	11
17	41
1	62
22	59
1	14
0	375
5	143
2	460
0	30
0	110
0	42
0	162
0	376
0	1
0	94
57	128
0	17
5	80
0	51
1	19
0	19
0	0
8	5
0	21
2916	1402
0	166
3	353
7	866
94	779
0	236
0	88
1	0
15	1060
0	0
0	0
0	0
0	0
0	0
0	0
0	45
0	0
0	1
0	0
50	218
35	4383
0	249
151	4223
36	490
63	257
10	123
4	183
8	27
8	238
2	193
11	41
1	117
7	130
2	202
18	132
3	83
6	53
0	218
0	208
0	12
5	0
0	0
4	6
0	0
0	0
0	0
0	0
0	0
0	0
0	0
0	0
0	0
0	0
0	0
75	538
8	542
105	1756
37	5
33	0
0	161
59	1405
56	318
533	145
14	319
0	33
24	9
23	1
10	54
29	11
0	159
0	112
0	50
4	81
0	104
0	894
15	885
0	295
0	55
26	109
0	735
100	711
37	3
11	23
0	756
0	888
491	387
5	292
0	40
3	38
0	63
0	22
0	2
0	6
810	297
1	297
0	179
0	81
0	80
1	44
0	18
0	14
0	13
0	12
0	13
0	13
0	13
0	1
0	1
0	3
9	37
0	0
0	20
0	0
0	102
8	98
32	1
10	104
55	818
1	45
0	781
6	34
1	821
1	805
31	87
0	186
4	53
0	62
0	37
21	280
6	198
0	251
0	103
3	102
0	99
0	8
6	99
7	90
0	83
0	90
1	90
0	1
0	100
0	96
0	66
1	9
0	45
0	62
0	95
0	95
2	48
1363	0
0	220
0	327
0	264
0	195
0	243
0	22
0	319
23	1133
0	536
35	64
0	173
3	118
1	81
8	57
9	132
0	1015
0	3
1	16
0	0
42	136
13	13
10	81
378	2517
0	2384
0	82
30	1851
86	66
24	0
5	167
0	60
76	1317
0	1006
7	0
11	325
1	19
5	134
10	15
0	426
0	22
0	0
69	1926
22	1
2	52
7	1440
2	1440
0	69
2	1897
0	1413
0	289
0	2
0	2
0	288
0	0
7	543
1	26
69	445
10	37
0	642
0	0
0	0
0	0
0	0
0	0
0	0
0	0
0	0
0	0
17	11034
13	12498
5	10999
102	6935
15	8860
214	11042
13	3
1	4331
24	3847
1	3781
4	5150
0	2317
1	3743
3	4235
5	1297
1	1610
9	3976
4	2503
2	2682
2	1167
3	2529
0	899
2	1762
0	1320
0	1349
0	1050
0	996
38	992
3	884
4	12
9	1169
0	272
0	55
0	36
16	0
0	32
21	44
0	28
5	2689
9	9
12	1108
28	1922
23	2328
0	364
0	414
13	2944
0	3139
5	554
2	55
4	111
112	1464
1	119
5	103
0	171
7	204
25	4
1	403
0	4
1	2973
0	2974
122	4446
5	265
6	191
95	4167
18	282
12	330
27	247
68	3403
33	657
32	90
0	3062
27	1381
21	1549
0	738
1469	581
22	341
2	1
0	92
94	403
0	0
0	0
0	0
0	160
0	221
0	160
149	209
10	209
0	197
7	197
5	10
1	139
0	0
22	1
0	17311
55	1530
1	165
33	1067
3	233
5	137
0	583
0	920
2	78
0	320
39	1092
14	328
0	1084
0	241
8	1294
3	14
2	95
3	4
15	804
0	560
2	621
0	508
0	137
0	97
2	29
6	17
15	2
11	0
1	1330
0	0
18	17
0	0
0	0
0	0
18	1182
11	993
1	1022
0	771
5	745
2	170
12	144
4	76
0	47
27	12
1	18
1	15
5	79
13	18
0	0
0	151
0	128
0	182
0	161
0	78
0	132
3	233
0	1142
0	1384
89	793
255	1197
8	1375
13	110
0	124
80	284
0	1672
0	2060
0	1493
0	264
0	738
0	1554
0	1235
0	1667
0	1671
0	762
0	424
0	684
546	28
6	28
0	81
0	131
0	136
1212	0
0	0
0	0
0	0
0	37
0	32
0	520
2869	0
15	0
23	942
31	951
28	11
2	8
0	11
0	37
0	4
15	1
20	64
30	22
5	935
0	0
0	0
0	0
0	0
0	0
0	0
14	0
48	61
40	36
2	114
117	261
0	235
0	63
1	228
800	572
1	186
0	282
5	102
16	343
0	128
0	225
2	239
0	16
0	67
7	82
1	56
0	206
0	42
3	139
1	16
0	87
0	83
0	70
0	229
0	66
3	36
0	55
4	8
1	67
0	17
0	260
0	200
0	255
0	213
0	1
0	1
0	1
0	0
0	0
0	0
293	7644
0	7644
3	92
44	626
0	443
15	510
12	5
15	5
0	0
63	95
0	119
0	117
0	163
0	67
0	242
0	91
9	290
9	85
3	182
0	85
768	447
19	385
22	17
169	314
20	50
0	0
23	463
16	1199
21	1033
0	242
1739	9232
62	566
0	386
37	2038
28	16
3	0
19	899
1	2
5	183
1	6009
14	427
0	381
0	208
14	0
2	304
2	369
6	1621
6	154
0	940
0	882
2	0
2	14
7	14
0	93
0	98
0	93
0	32
0	58
0	32
0	2646
2	4968
0	5203
1	11828
246	11686
1	615
246	2100
0	238
25	1
14	4375
18	3467
4	1540
0	1722
0	1560
0	720
11	680
5	544
1	426
2	428
1	367
30	22
1	280
10	109
1	86
17	119
2	44
15	239
1	31
2	36
9	12
36	26
0	11807
0	5370
0	11028
0	548
0	469
0	602
0	734
0	245
0	99
0	140
0	109
0	429
0	201
0	646
0	646
0	602
0	154
0	213
0	14
0	0
0	2143
0	1429
0	1501
0	865
0	61
0	137
0	140
0	271
0	46
0	71
0	492
0	152
0	6
0	204
0	15
0	2
295	1470
5	455
32	318
2	327
2	427
0	367
0	102
2	26
5	148
7	7
8	111
1	19
18	58
4	14
0	25
6	950
0	955
0	3002
2074	3309
2	1507
8	2691
5	36
66	3418
2	3044
14	620
24	1849
1	2911
0	3026
6	5
1	155
5	2654
0	35
0	141
23	51
0	1351
2	7
0	70
9	5
5	0
64	407
6	407
53	9
70	758
53	655
7	668
7	359
19	124
3	91
0	1
0	1
0	1
0	0
0	0
0	0
0	0
0	0
0	0
0	0
28	602
1	96
0	122
4	492
11	92
0	1056
0	1221
0	0
0	0
0	0
121	62
5	53
78	48
7	10
10	19
0	4
0	0
1	8
0	6
0	3
0	2
0	1
0	1
0	7
0	185
1	145
0	186
14	33
0	150
1	128
0	40
0	36
0	134
0	135
0	120
0	122
0	39
13	13
0	25
1	21
0	21
4	18
1	250
6	43
2	38
3	31
0	3
0	4
2	7
0	253
0	85
0	555
0	565
0	142
0	271
0	135
0	11
0	82
0	120
0	5
0	275
0	54
0	0
1362	234
6	195
32	247
15	219
0	191
0	33
2	90
0	1
0	0
0	59
0	56
0	99
0	1
11	1
0	1
14	1
0	38
30	5
0	3
1	5
1763	1205
8	1152
706	382
0	313
4	27
5	16
0	26
0	0
0	0
4	13
2	19
0	45
13	4
5	1164
4	7
59	27
2	2
9	5
5	199
51	135
3	1164
0	0
0	0
0	0
0	0
0	0
35	405
14	125
0	1
2	6
6	0
2	0
1	23
2	29
0	83
5	30
0	385
42	2413
17	2255
19	2166
0	2144
0	819
88	1293
13	657
0	181
42	348
17	534
7	100
47	54
28	198
5	73
11	123
0	1
0	1
0	1
0	1
0	1
99	87
0	11
1	11
1	6
8	82
2	15
0	0
0	0
0	0
0	0
0	0
0	0
6	123
0	123
15	461
0	490
48	479
8	71
13	23
6	14
0	471
3	487
0	122
0	13
0	56
0	47
0	8
0	33
0	43
28	1357
71	1357
0	6
0	21
0	0
2	0
0	0
0	0
0	0
6	852
15	379
4	547
49	632
1	59
4	107
944	4200
0	35
22	1814
9	328
26	159
50	300
2	71
0	49
71	145
70	460
4	262
0	16
0	174
9	284
3	659
3	197
3	279
6	410
0	53
1	585
26	152
54	100
6	114
6	10
3	1
3	4
0	28
134	1
0	136
35	1137
0	1149
0	1279
5	633
0	914
232	376
0	597
0	179
0	291
0	676
2	14
0	150
0	767
15	291
14	300
4	104
162	817
0	28
5	158
5	256
5	191
32	242
36	38
8	260
35	61
0	284
13	6
9	4
0	262
241	364
10	212
3	175
31	0
8	22
0	297
54	241
23	1555
53	1716
2	525
0	1243
13	989
13	21
86	243
19	79
0	309
15	116
35	141
1	123
122	40
23	45
52	45
0	0
12	12
2	1299
93	3498
166	3191
18	10
19	605
5	358
0	38
0	38
0	38
0	0
0	0
0	0
0	0
0	9
5	731
1	713
0	22
20	1265
1	1191
578	1453
9	15
3	24
8	519
0	260
0	259
0	261
0	174
0	259
0	10
0	10
0	10
0	259
0	267
0	9
14	420
47	2947
11	2459
36	1084
1	171
2	26
15	8
0	87
41	82
26	20
1	2854
0	2901
4	0
0	3428
0	403
0	3504
0	30
0	72
0	185
0	18
0	70
0	4
0	20
0	65
0	162
0	79
0	189
0	0
0	0
0	0
0	1
1	1
0	1
0	0
0	0
0	1
0	146
6	707
0	114
25	195
0	668
0	110
0	696
98	677
3	489
9	170
10	1
3	2
5	2
3	211
0	0
0	0
0	0
0	1
0	1
0	0
2543	17525
159	10987
3	2165
19	561
1442	0
332	0
4	441
0	114
0	45
1	528
9	187
0	186
4	13
0	148
0	458
14	236
28	1
2	1
249	3429
15	3027
1	940
0	644
2	5
0	0
0	0
12	2984
1	333
0	8
0	9
29	154
2	71
127	168
1	172
0	21
13	5
24	0
16	124
95	338
0	0
0	2
0	2
1	9
0	0
0	2
0	0
0	0
1	1
4	20
0	0
0	2
0	0
0	1
0	0
0	2
0	1
1	1
0	0
0	0
10	9
0	0
0	0
1	25
9	29
0	0
0	0
17	640
6	643
15	619
0	605
0	643
583	17
0	13
4	8
2	4
50	6916
0	6550
1	6414
0	6296
12	6730
31	4800
0	3275
0	1065
48	2447
8	2583
15	1689
0	477
37	1108
0	345
0	876
0	141
0	688
0	579
0	131
4	554
3	410
0	199
2384	400
2	345
18	86
0	0
0	0
0	17
0	0
5	571
0	474
0	18
2	39
0	8
0	370
0	376
4	379
0	7
5	19
17	57
3	0
3	104
2	0
10	552
0	0
0	0
0	0
2	0
6	11
0	0
0	0
1	136
2	60
1	136
0	7
0	5
0	0
0	0
0	0
0	0
0	0
0	0
0	0
0	4
9	217
748	393
0	103
1	17
1	16
4	18
1	1
0	165
35	309
2	36
8	461
44	587
3	43
1	224
24	123
72	101
0	153
5	178
0	100
0	560
2626	3341
4	183
0	92
16	7
4	73
17	27
2	90
10	291
8	313
34	2658
0	0
0	0
0	0
0	62
0	65
0	0
4	275
0	201
0	434
0	106
0	48
0	0
0	94
0	48
10	111
0	64
0	0
0	81
2	35
18	3
790	17
1	17
0	65
0	10
0	50
0	0
0	49
0	16
0	12
0	104
0	84
246	1126
42	309
1	499
0	1113
6	627
5	246
0	45
0	36
1	147
12	278
7	13
525	195
5	191
34	1052
0	1224
0	966
0	1106
0	1109
0	1238
0	1191
1	664
0	663
0	787
0	741
0	1115
6	1055
1	880
1	491
0	787
0	636
8	606
2	234
0	97
0	247
1	210
1	210
7	209
0	104
10	66
10	29
0	9
68	38
16	9
7	1276
0	1115
3	475
8	4
0	0
0	0
0	0
0	0
0	0
0	55
0	55
0	55
0	55
0	55
0	20
0	20
0	20
0	20
0	20
0	0
0	39
0	0
0	39
0	0
0	0
1	23
1	5
0	3
0	0
0	5
0	0
0	0
0	447
0	425
0	201
0	427
0	360
0	364
0	389
0	296
0	143
0	128
0	34
0	164
0	323
0	86
687	799
3	783
1	322
0	697
3	422
2	0
2	131
0	51
2	55
0	100
13	93
0	32
16	113
1	39
0	49
0	9
1	41
0	10
1	29
3	37
0	16
10	10
0	9
0	2
1	13
1	1
0	11
1	7
7	0
0	0
131	830
0	759
163	867
178	761
18	826
9	729
0	11168
1487	1
4	0
2	1175
0	1934
4	2231
30	0
395	0
6770	8584
40	3547
3	5038
30	53
2	11
876	206
49	168
0	0
0	0
0	0
3436	1183
50	955
18	94
36	409
34	39
14	171
2	380
0	201
0	168
3	222
0	76
0	183
0	47
0	15
0	20
0	8
0	7
0	6
0	20
0	6
0	0
1	21
0	63
7	3
0	5
3	33
8	27
1	23
0	25
1	5
0	15
2	8
0	17
4	5
1	0
0	240
143	1245
4	65
1	78
3	1289
5	2
5	139
0	55
0	55
7	34
4	46
3	70
41	75
1	18
4	4
0	3
3	0
2	356
105	495
5	13
29	157
0	497
9	1528
0	1636
0	827
39	15
126	43
12	14
61	274
16	160
0	1542
105	58
7	2
1	17
7	8
0	0
25	49
1	1
6	1
3	2
0	2
0	9
0	16
0	0
1	0
2	18
0	61
7	51
0	60
0	0
0	28
5	1
3	1
0	0
1	1
424	158
24	118
1	5
0	4
0	10
3	454
18	1
1	0
66	790
64	795
7	456
0	313
0	32
18	178
2	87
12	923
109	3495
0	1598
13	1432
0	2848
3	650
0	377
0	507
0	205
6	414
0	551
0	526
0	255
0	367
0	17
0	59
0	253
0	8
0	2
0	3
0	1543
1	1576
0	1950
0	0
0	0
0	0
0	0
0	0
0	0
0	0
0	0
0	0
3	2
0	0
0	0
0	0
0	0
0	0
3	43
9	91
44	70
0	1037
22	69
1	91
0	963
50	3
16	2
1	6
75	263
9	35
55	12
9	22
45	367
18	357
27	16
1	59
4	325
0	18
0	1000
0	880
291	3625
81	3585
9	3497
77	1736
0	148
28	0
8	63
0	2159
157	92
0	37
0	0
0	0
0	0
0	0
1	838
0	916
0	556
769	12217
0	8542
12	5018
104	198
4	185
9	3998
34	0
4	11
0	0
0	0
97	78
14	347
0	341
0	156
0	51
1	384
0	392
0	200
1	1106
0	588
0	36
186	1085
0	851
136	417
0	684
1	678
0	76
8	208
0	217
1	58
15	85
0	106
0	61
0	32
1	50
0	50
0	50
0	41
3	44
0	15
0	2
0	0
0	0
0	0
0	161
0	106
0	621
0	615
0	1128
0	420
30	21
3	21
0	4
1	0
1	2
0	2
0	2
1	2
0	2
2	45
0	0
0	0
0	0
48	53
0	0
0	15
0	0
0	0
0	1474
3	10042
1	7411
8	1441
2	7383
0	7547
0	7738
0	8240
3	7978
0	4765
0	8112
0	3357
1	6469
1	4884
0	6110
0	5667
0	8477
0	464
11	3443
106	145
0	6161
0	4163
1	3099
17	4190
0	1571
5	34
0	114
0	625
15	51
2	716
0	20
2	272
12	19
111	185
12	193
0	67
0	75
19	52
4	27
2	83
0	101
0	5
487	8285
0	2913
197	258
60	15
0	6469
13	47
0	0
1	0
1	17
0	1
0	60
1	68
180	66
104	22
14	3
0	0
0	0
0	0
0	0
0	0
0	0
0	0
0	0
0	0
0	0
0	0
0	0
0	0
1	0
0	0
0	0
0	0
1	323
22	373
5	96
0	14
0	50
0	3
0	0
0	0
3	3
0	0
0	0
0	0
0	0
0	0
0	0
0	0
0	0
0	1
0	0
0	0
2	1
0	0
0	0
0	0
0	0
0	0
0	0
0	0
0	0
3534	1257
26	519
4	738
1	997
0	955
0	470
2	25
3	249
90	1057
224	1361
171	1168
15718	7725
97	525
19	1677
90	5713
191	2300
145	5215
6	4504
10	1332
5555	184
16	140
8	20
0	0
8	12
0	608
0	12
220	736
79	799
14	536
67	687
0	604
323	595
397	366
0	87
0	622
0	213
0	194
0	1
0	0
0	0
0	0
0	0
3	0
10	13
0	2
3	0
2	12
1	12
2170	99
221	1937
1	1937
0	0
0	0
6	2
0	0
0	0
0	24
7	80
5	106
0	113
0	135
4	0
7	3
9	0
5	1
6	0
0	4
3	1
0	9
0	0
2	0
0	5
0	71
0	62
0	7
0	2
1	8
0	10
0	3
0	0
0	2
0	9
0	4
0	1
0	7
0	2
0	0
0	4
2	0
1	10
0	6
0	9
2	6
17	110
3	7
0	5
0	4
0	4
0	3246
0	895
0	3243
1755	395
4	30
8	262
0	274
3	18
4	27
3	117
111	310
0	207
0	297
5	0
0	0
1261	140
29	140
98	1712
0	0
6	998
14	1632
0	50
79	24
89	546
5	159
0	100
0	277
31	278
24	174
11	21
0	5
0	57
0	12
0	80
0	12
0	9
0	244
0	285
0	167
27	1288
0	1250
5	585
12	202
0	679
0	656
10	456
9	2
1	21
8	40
13	619
0	23
0	23
0	24
0	7
0	5
0	7
0	7
0	5
0	1
0	7
32	24
0	5
8	7
2	3131
86	5
0	271
10	3
1	302
1	2939
12	64
0	3060
1	3027
0	223
0	94
34	2860
2	87
1	171
3	406
1	84
6	261
0	408
19	193
1	141
6	63
9	191
12	1
1	254
4	360
2	0
0	0
0	0
0	0
10	24
0	33
2	33
0	32
0	33
705	13
44	1600
59	1602
0	117
0	1425
2	151
10	420
0	593
0	484
0	1338
4	855
6	1113
3	962
20	1352
0	151
0	149
4	1187
0	1417
0	608
0	1297
0	340
0	910
1	411
0	321
4	225
2	1147
0	979
1	106
17	65
3	137
4	284
25	451
25	3
16	3
0	1117
4	249
0	140
0	55
0	66
11	156
0	138
191	225
1	142
0	140
0	48
4	52
3	157
3	4
0	154
0	0
5	7
1	7
0	2
0	1
0	148
0	864
0	828
0	861
0	373
0	3
0	0
111	8
6	8
0	0
1017	27
0	0
29	13
0	0
53	3483
4	2256
15	365
2	47
6	2291
16	80
34	2587
6	0
0	0
0	0
0	930
0	381
0	847
0	766
0	118
0	110
0	61
0	84
0	106
0	126
0	125
0	16
218	522
3	25
1	68
12	14
13	22
18	6
37	220
8	21
2	340
4	55
5	49
11	189
4	0
0	0
0	0
0	0
0	0
472	5594
0	3166
163	349
646	850
544	19
47	236
122	2465
1	1478
2	1879
116	1591
2	75
59	505
11	0
4	49
1	1381
0	0
0	0
0	0
0	22081
0	15452
1	246
2	253
29	8
4	0
38	0
7	237
0	205
5235	1412
36	841
16	716
36	984
0	43
38	41
14	11
0	11
0	0
50	491
7	491
1	53
117	53
11	202
8	158
5	202
5	188
0	70
11	79
1	35
2	80
0	0
15	65
1	46
3	5
5	31
1	33
0	9
8	11
2	11
15	12
46	18
0	7
0	5
0	0
0	0
0	4
0	6
0	6
3	6
0	2
0	2
0	0
0	46
25	775
16	138
0	686
0	498
0	587
0	46
365	1144
4	1099
1	233
1	45
0	789
10	1269
5	214
18	715
0	326
11	158
4	135
12	28
0	0
0	0
0	0
0	0
0	0
0	0
0	0
0	26
4	26
2	25
5	555
5	578
1	295
0	220
0	156
0	15
22	232
29	22
7	65
0	28
0	48
1	42
12	38
7	0
2	5
20	19
610	741
0	521
4	157
1	7
0	576
0	508
0	1447
0	1298
0	1409
1	1376
0	1347
0	1282
0	1259
0	1176
0	1321
0	1070
3	368
0	1255
0	1132
0	1306
0	1202
0	1145
0	1258
0	1074
1	1145
0	840
19	349
0	1027
0	548
0	974
2	993
3	987
273	1091
0	57
8	932
0	0
2	55
2	653
2	539
0	545
0	510
2	153
0	385
84	503
1	395
1	268
0	59
0	117
0	176
0	149
0	48
0	78
0	35
3	4
0	20
5993	1400
25	577
28	1
12	678
0	0
0	0
0	0
0	0
0	0
136	128
4	96
3	32
5	0
4	24
10	22
0	4
10	5
14	47
2	0
1	20
3	0
0	0
0	255
4	6
0	217
4	130
1	8
25	10
6	2
0	29
2	18
4	349
20	9
0	1
3	1
2	0
0	376
1	399
22	348
14	87
28	240
0	11
0	16
0	192
4	14
0	15525
2	357
1	7056
0	1214
6	1099
2	144
0	369
1	1166
3	868
0	810
0	1214
2	798
0	1103
7	1350
0	1104
0	11750
105	15520
0	7555
0	14487
6	14680
3	31
0	13
0	31
64	2013
30	637
7	3311
4	5
0	2
0	0
0	0
0	0
0	0
0	0
0	0
7	0
0	0
0	0
0	39
666	470
77	260
0	233
2	14
1	0
2	10
0	2
0	0
0	0
0	0
0	0
0	0
0	0
0	0
0	0
0	0
0	0
3	0
0	0
1	0
38	27
4	303
18	200
0	224
14	257
5	11
1	23
199	430
40	448
11	514
90	1491
0	1463
8	41
10	915
4	536
9	475
23	845
19	929
132	949
0	7201
38	7137
1	406
1	51
1	102
0	2688
3	37
11	71
31	15
3	175
38	16
0	49
0	868
0	668
28	1312
0	1184
13	1447
0	87
20	1316
20	0
8	706
0	872
0	133
0	20
63	42
40	212
0	101
0	252
17	668
9	11
7	92
0	68
0	1003
24	80
0	43
0	96
0	66
0	93
0	229
4	141
588	1334
5	880
1	171
9	539
6	202
6	307
0	227
14	39
0	145
23	232
1	101
9	283
6	86
0	170
0	209
2	347
13	1686
15	932
21	32
18	55
6	17
20	565
22	1232
5	2951
19	1879
23	588
16	99
60	249
0	2357
142	13
19	13
60	450
0	0
2	0
0	23
0	0
0	0
0	0
0	0
0	0
0	0
0	0
0	23
0	695
0	486
112	560
2	409
0	332
2	329
1	117
2	173
3	36
12	104
41	695
300	41
3	37
17	6
5	6
28	9
0	7
1	3
0	5
1	2
0	2
0	0
2	0
0	0
0	0
0	0
0	0
0	0
0	2
0	2
0	2
0	2
5	2
0	2
0	2
1	1
3	55
3	48
0	15
6	48
0	98
14	78
0	58
2	61
1	59
0	96
0	31
0	23
0	32
0	8
0	24
0	56
1405	509
0	17
0	239
7	253
15	700
0	700
19	921
0	25
0	28
14	5
5	11
0	26
36	191
0	558
0	40
0	71
1	53
2	449
0	19
2	361
0	635
3	1
2	4
11	37
8	40
0	841
0	0
0	1
0	0
0	1
29	33
79	106
0	76
0	93
7	309
19	205
2	180
2	270
9	190
0	157
6	25
5	70
230	550
0	40
57	71
1	36
273	1204
11	277
117	110
1	134
119	0
4	19
316	1034
2	66
57	195
36	133
0	0
0	12
1212	0
34	255
8	13
0	0
0	0
0	0
0	0
2	64
73	137
0	58
3	0
30	50
13	49
0	52
34	50
27	45
156	149
2	116
1	116
18	32
0	3
6	318
96	318
17	60
93	57
4	3
0	33
0	39
3	0
0	0
45	4390
320	4507
0	153
15	164
0	125
0	396
7	421
10	8
5	10
0	19
1	21
9	28
0	333
0	90
0	211
14	39
13	4
0	355
0	381
0	11
1	601
1234	674
22	136
17	14
0	6
4	9
0	5
0	9
2	8
0	10
0	12
0	6
0	12
1	13
1	13
0	13
0	13
0	7
0	11
0	2
0	4
1	1
1	836
1	1061
100	1066
13	605
1	701
9	179
9	66
8	0
0	0
75	313
25	93
0	258
6	316
2	45
3	602
10	629
15	93
2	5
3	34
144	35
0	1
0	124
0	28
0	39
0	115
0	0
2	107
0	123
1	128
0	118
0	115
0	122
0	111
84	630
62	524
10	173
0	265
4	172
1	31
0	250
6	11
0	531
0	5
3	542
0	0
0	0
0	0
0	0
0	0
0	0
0	0
0	0
0	0
0	0
41	19
0	30
1	26
20	414
11	3
0	212
0	224
0	781
0	0
18	162
0	156
9	168
1	218
16	35
4	88
1	25
0	812
0	774
0	631
0	608
0	514
0	1155
0	19
6	1764
93	1142
2	1597
6	469
17	22
0	214
24	232
0	53
0	0
0	0
0	0
0	0
0	0
0	0
0	0
0	0
0	0
0	0
0	0
0	0
56	90
0	68
0	51
0	216
0	216
0	255
7	387
0	310
9	304
4	298
2	339
1	195
0	146
2	7
0	1
1	19
1	11
2	55
2	23
8	43
0	94
0	121
2	111
3	137
43	1330
6	1303
1	1160
7	1417
15	1156
0	1084
0	1236
78	4
21	420
14	466
15	270
7	29
0	289
0	7
0	206
0	4
7	412
39	2027
0	2194
3	1491
1	37
45	30
1	20
16	41
3	28
0	54
0	226
8	45
5	134
0	0
52	706
5	215
19	113
191	1213
1	1028
0	797
2	767
10	56
1	29
0	37
0	16
0	37
0	56
0	42
0	68
0	70
0	12
0	15
0	3
0	5
0	24
0	57
0	36
0	60
0	0
0	4
0	12
0	2
0	4
0	4
0	4
0	12
1	5
0	7
0	2
0	2
0	3
0	2
0	12
0	4
1828	446
30	198
5	247
0	224
0	251
0	220
0	0
0	0
0	0
0	0
0	0
0	0
0	0
0	0
0	13
0	0
0	0
0	13
25	40
0	0
0	0
0	0
1986	1360
1	79
181	1296
0	924
20	436
11	23
2	454
72	8
11	301
26	19
18	13
21	286
0	284
0	0
1	118
7	1036
15	18531
0	14441
78	542
16	488
6	476
0	2222
0	2263
49	649
45	4535
188	17013
15	17845
3927	11176
14	4411
35	14120
2	1545
2	372
0	748
51	5015
58	5204
31	544
11	632
2	1108
142	352
4	517
1	1827
346	789
1	132
5	54
19	53
3	750
14	661
1	291
7	42
3	108
0	56
1	12
22	3
0	668
0	54
2	28
0	71
0	8
0	0
0	0
560	33
18	30
13	13
2	28
1094	44
11	44
46	652
5	652
0	0
21	82
1	79
0	80
0	1
1	24
0	4
0	0
7	11
16	78
6	524
184	934
10	310
12	42
7	23
54	159
9	5
0	44
0	38
0	4
0	0
0	0
0	0
0	0
0	0
0	0
1	0
0	0
0	0
0	0
0	0
0	0
0	0
0	0
0	0
0	0
0	0
0	0
0	0
0	0
0	0
0	0
4	1291
14	1077
32	1242
28	832
30	631
0	131
18	476
2	468
4	175
9	264
8	1319
0	79
1	365
0	1446
8	63
0	1334
3	309
1	302
9	58
4	55
2	60
5	5
7	1321
6	1396
1282	2087
25	1291
62	1
3	161
1	117
3	68
0	175
1	0
2	0
0	192
2	229
0	189
1	226
0	322
2	0
0	84
0	94
0	90
0	85
4	0
0	48
2	17
50	103
74	1121
0	127
0	123
0	942
0	954
3	48
0	331
47	318
0	80
4	118
18	83
33	120
0	1060
0	995
0	48
0	6743
0	271
0	1129
0	789
0	139
0	58
0	60
0	502
0	34
0	259
0	1377
0	448
0	303
0	0
621	399
2	319
4	89
24	117
18	52
5	27
4	226
1	82
1	215
61	42
5	74
5	66
37	47
1837	823
9	29
7	566
18	437
10	81
0	0
765	390
6	303
96	84
1	3
10	2
748	1547
27	102
0	8
7	14
4	437
0	426
6	67
14	509
4	8
4	41
72	787
0	0
72	21
0	0
0	0
0	0
0	0
4	604
0	40
0	1543
0	53
0	29
3	7
0	8
0	266
20	16
59	66
0	26
0	528
0	586
138	87
2	575
2	712
8	608
60	14
16	1479
10	8
1	1415
0	24
0	23
0	23
0	23
0	23
0	24
0	24
0	23
0	23
0	24
0	18
0	17
0	17
0	16
0	16
0	16
0	17
0	16
0	16
0	14
2	38
0	12
2	12
0	13
0	12
0	12
0	11
0	11
0	5
0	0
0	0
0	0
0	3
0	1
0	0
0	0
0	0
0	0
0	0
0	0
0	0
0	0
0	0
0	0
0	0
0	1
0	2
0	3
0	1
0	0
0	0
0	0
0	0
0	0
0	3
0	0
0	2
0	1
6	21
0	0
0	5
12	6
2	47
7	41
0	23
0	3
0	0
0	0
1	0
0	0
1	9
0	0
0	37
0	37
227	2889
11	591
2	1804
0	2320
57	1171
2	217
1	69
44	1291
22	379
2	62
0	428
11	347
3	589
0	493
46	281
0	1137
0	83
0	206
0	76
0	0
1238	0
5	0
0	0
0	0
0	0
0	0
0	0
0	0
3065	7
0	0
0	0
0	1503
0	3542
0	193
0	5
0	6
0	6
0	6
3	5
1	2
0	2
5	41
20	4412
208	4258
171	3829
7	3820
48	2607
146	988
1	879
14	2258
16	966
175	979
0	1735
0	961
0	257
0	298
192	173
94	256
1	208
36	23
2	13
0	15
0	7
0	0
0	0
19	16
0	7
0	0
0	0
0	0
0	7
0	0
0	0
0	0
0	0
0	0
0	0
0	0
0	0
0	0
0	1267
0	1238
0	1337
0	1063
0	551
0	547
0	707
0	0
0	0
0	0
0	3
0	3
0	2
0	0
4	114
32	309
92	448
13	124
12	342
18	22
11	139
1	159
0	119
0	174
0	168
0	200
1	191
0	135
0	131
0	104
0	162
1	173
0	147
0	111
6	152
119	115
0	19
0	36
0	77
1	21
2	49
2	0
1	5
21	27
7	34
8	683
14	32
14	32
24	21
1	132
0	649
4	666
10	390
177	493
0	23
94	72
1	101
0	62
25	284
0	1
2188	1678
8	1676
2	200
0	184
10	1
7	0
103	120
15	115
0	3
0	10
0	3
0	3
0	1
0	0
0	0
0	0
1	4
2	4
0	0
0	0
0	0
0	0
0	0
0	0
0	0
0	0
0	0
0	0
0	0
4	160
6	172
2	16
0	103
4	26
0	23
0	0
7	251
0	1048
0	122
0	884
0	1008
0	1004
3	34
0	13
0	16
0	15
3	5
0	118
0	29
0	208
0	142
0	7
0	1031
132	682
4	537
8	269
4	3
11	0
0	6
0	1
8	43
0	73
9	3
1	3
2	0
1	1
1	1
2	1
10	0
0	3487
290	3513
1	3483
146	1235
0	138
15	1225
9	287
6	748
6	13
1	0
17	508
7	509
10	213
36	183
0	0
0	5
1	4
2	16
3	0
0	12
0	4
0	3
3	0
0	3
0	1
0	0
0	50
0	33
0	36
20	195
47	206
0	2
0	0
11	145
4	141
0	20
0	27
0	20
0	4
2	0
0	0
3	0
0	1
0	8
43	191
0	0
2	2058
0	685
0	2201
0	2301
0	760
1	1917
1	778
65	305
0	733
0	673
0	2060
0	2131
0	2045
0	740
0	1941
22	968
0	1936
0	2066
0	70
8	1923
1	1728
0	552
0	1988
0	2059
0	1807
2	2051
0	1980
10	137
1	529
0	438
0	15
0	23
0	197
0	45
3	60
0	1481
3	454
51	102
0	82
0	1268
7	49
1	11
12	87
6	19
33	213
1	1114
1	110
1	13
5	34
18	0
0	51
0	66
36	19
94	815
0	902
5	12
0	221
1	656
1	657
70	585
5	70
104	608
0	486
0	54
0	326
0	335
11	642
0	123
24	6
1	0
0	412
86	2589
15	2048
18	88
3	81
18	452
1	7
0	18
52	2230
18	494
12	15
8	67
0	67
0	77
2	89
17	129
12	121
1	51
0	56
0	84
2	36
213	48
1	24
0	12
36	32
16	3
40	1
9	1
0	1281
27	2645
0	1923
0	1458
0	683
0	31
0	326
0	294
0	2
0	67
2	67
86	763
1	527
14	475
7	590
3	37
18	111
0	105
3	575
30	302
0	0
0	0
88	271
19	323
31	404
175	308
32	192
42	147
12	113
3	59
14	59
0	23
3	32
2	111
0	42
15	421
0	39
468	280
0	77
1	203
465	147
3	1
0	146
3	24
2	8
0	2
0	0
0	1289
0	1301
0	456
0	349
0	1324
0	1234
0	91
0	208
0	550
0	196
0	139
0	440
0	335
0	218
0	30
0	16
0	12
0	17
0	0
0	0
0	0
0	0
476	1534
0	373
0	598
17	223
12	748
0	221
38	603
0	0
0	0
0	20131
11	16352
1	28
0	19951
0	127
0	7
12	10
19	6
0	16838
0	0
0	0
0	2
0	2
0	2
0	0
0	0
0	0
0	0
4	0
0	0
0	0
0	2
0	38
0	33
0	1
0	4
1098	978
83	679
23	39
9	165
1	50
7	80
4	32
9	14
0	0
24	2
0	0
0	0
82	866
4	402
6	172
19	384
0	493
11	38
0	277
5	18
3	0
0	0
0	18
177	678
1	120
1	514
0	10
0	266
3	172
0	59
61	72
7	481
0	0
4	1073
0	914
0	743
5	68
29	226
0	0
0	0
0	4
0	4
0	0
0	0
0	0
0	0
0	0
0	0
15	860
0	0
4	20
20	3617
1	1527
0	3595
68	463
0	973
2	85
0	1131
0	817
0	2
0	19
69	110
6	14
21	44
1	41
4	16
1	41
0	4737
30	4636
9	28
28	156
3	38
13	1222
39	312
0	258
24	29
42	197
1	8
0	4754
0	3
0	3
0	3
0	3
0	1
0	1
0	1
0	0
0	0
0	0
0	0
0	0
0	0
0	0
0	0
0	3
0	0
0	0
0	85
0	85
0	89
0	139
0	150
0	0
0	0
0	0
0	0
0	0
32	40
8	34
2	33
11	284
6	51
2	62
13	201
2	70
6	247
0	32
28	1756
32	647
11	1684
4	1010
141	26
3	0
0	7
1	15
0	0
0	0
0	0
0	0
0	0
0	0
0	0
0	0
721	3046
6	2936
0	2005
2	395
120	46
0	323
8	2505
0	257
0	1801
0	655
0	1888
0	137
0	215
0	134
13	192
305	486
78	294
49	1316
13	1308
4	184
0	142
21	22
1	43
8	47
1	197
1	119
116	1032
8	84
11	319
11	1
0	1
0	0
0	0
0	0
36	160
13	144
1	47
4	46
11	27
0	15
0	0
0	2
1	1
8	0
2	0
3	2
13	0
0	0
0	2157
0	1960
0	3111
0	5208
0	4736
0	4686
0	48
0	1261
0	6
0	1311
0	1361
0	2689
0	1122
0	575
0	697
0	594
0	384
0	35
0	215
0	16
0	348
0	189
0	0
0	0
0	0
0	0
0	0
0	0
1	51
0	0
2	0
0	0
14	23
0	0
0	0
0	7
0	0
111	64
0	1
0	0
0	0
0	0
0	0
0	0
0	2
0	2
0	0
2	0
0	0
0	0
2	0
9	269
138	443
43	179
0	179
0	0
82	1182
0	240
6	1039
2	203
3	226
44	106
0	115
14	401
8	94
0	28429
0	24296
0	24337
0	24408
2	279
24	430
1474	3053
6	55
5	302
8	2323
5	659
462	860
0	160
12	378
6	353
1	300
43	24
0	17
7	44
3	38
0	16
0	0
0	0
0	546
0	1220
0	1079
0	1070
0	642
0	166
0	269
0	272
0	66
0	521
0	272
0	1020
0	56
0	1072
0	1072
0	1078
0	1073
0	1087
38	847
148	1135
21	675
740	1099
38	14
36	17
0	33
0	0
0	0
0	0
0	0
0	0
0	0
0	0
10	52
3	40
1	63
4	9
5	72
1	24
0	23
5	5
5	28
0	44
1	13
0	25
58	32
270	32
31	338
8	714
10	0
0	25
6	0
2	17
1	2
0	672
1	356
5	566
0	247
5	44
1	108
0	378
0	346
9	94
4	44
0	4
0	332
2	22
2	20
18	5
0	5
1	4
2	1
12	69
7	114
0	15
0	706
17	17
0	5
0	5
0	2
3	6
0	4
0	3
0	1
0	6
0	17
3	8
0	1
0	7
29	173
0	0
5	13
1	26
0	13
90	430
4	35
0	166
0	142
0	11
0	2
0	96
8	2
73	81
0	24
0	1503
0	3542
0	193
1232	1522
40	749
79	650
13	641
0	634
0	629
12	683
8	23
2	529
0	5
81	536
3	474
3	466
1	0
0	296
3	962
1	980
0	37
5	28
0	68
0	22
1	6
1	24
3	5
0	121
0	12
12	59
22	22
0	84
0	0
2	49
134	9621
478	9752
203	3586
74	81
217	234
4	0
0	120
0	126
0	446
0	562
0	13
0	14
0	34
0	7
0	34
0	6
0	251
0	256
0	144
0	2
0	2
0	2
0	2
0	0
0	0
8	0
0	0
1	7
14	16
0	4
0	16
207	1026
0	1026
1	0
0	0
0	0
0	0
0	0
0	0
0	0
0	0
0	0
0	0
0	0
0	0
0	0
0	0
0	0
0	0
0	0
0	0
0	0
0	0
0	0
119	401
52	330
11	10
6	38
25	15
449	549
50	360
7	1
10	121
9	85
2	67
8	5
0	3348
3770	3896
0	3534
7	48
22	95
3	233
16	132
11	70
1	3556
14	15
0	62
67	87
0	61
0	15
0	14
0	12
0	3
1	3
0	0
0	11
0	4
0	0
0	1
1	0
0	0
0	0
0	0
11	0
0	15
0	0
0	0
0	0
0	0
0	0
0	45
0	0
0	61
0	2
0	0
0	0
0	0
0	2
69	27
5	63
1343	1177
6	216
9	1016
119	7
0	156
74	2721
13	1027
96	2541
13	1298
0	994
0	1000
4	94
0	1120
0	1019
2	1108
4	1682
9	27
0	25
0	5
39	0
17	2452
2	2536
0	2421
5	14
0	1232
17	671
9	1180
78	828
15	33
91	1856
51	400
0	1797
32	23
1	411
0	344
1	409
1	1383
0	1327
14	1403
0	139
1	1243
0	1795
9	125
0	115
5	211
754	833
32	716
8	89
41	440
0	289
0	113
0	193
3233	2786
149	1418
24	559
23	11
2	730
0	1
0	0
0	200
0	68
12	302
83	408
0	231
1	87
30	14
0	14
0	6
0	6
2	0
8	465
327	1453
4	1002
11	241
0	191
30	386
10	378
520	489
0	0
6	13
0	31
32	124
11	128
3	15
32	1
137	99
0	55
0	0
15	1276
14	1547
8	170
0	8
40	10
4	175
35	838
30	84
2	88
25	86
0	453
495	198
149	157
104	152
1	165
62	179
2040	564
0	296
3	146
11	97
6	122
5	2
0	922
0	1350
0	1892
0	1771
0	568
7	234
42	6
8	0
12	159
0	31
42	162
7	159
4	85
9	113
86	1798
22	48
2	1812
0	62
140	1398
16	17
0	2
109	290
67	3193
26	1924
7	3115
23	176
4	80
12	294
0	88
15	6
0	6
52	528
1430	318
64	318
1	24
0	10
0	0
0	0
0	0
0	0
0	0
0	0
0	0
0	0
0	0
0	0
0	0
0	0
54	1622
13	1715
73	1920
7	873
1	937
7	1005
2	911
8	735
1	744
0	157
5	536
5	488
30	471
9	234
0	2
1	180
9	405
12	1
0	0
0	0
0	0
0	45
0	346
0	26
0	32
0	65
0	503
2	463
1	108
6	358
0	612
10	42
0	92
2	449
4	125
10	52
18	108
47	50
0	48
5	101
5	0
5	34
0	477
0	593
0	527
0	473
0	442
2	3902
0	3488
0	2399
4	3845
1	3828
53	1014
0	2378
3	3605
30	3047
2	3575
15	2065
5	1023
2	1526
0	2
4	1
3	104
0	4
4	28
5	66
1	178
4	178
0	162
0	11
1	103
5	112
0	265
3	183
1	19
2	15
0	124
7	249
11	12
2	1
4	102
2	6
1	3
2	11
1	112
1	120
0	45
0	101
2	286
44	287
1	218
3	234
10	198
2	205
23	185
4	168
3	24
16	41
16	32
0	4
2	2
3	0
11	21
15	3581
0	1
0	14
0	1
0	14
0	1
0	1
0	14
0	1
0	1
0	1
19	7
0	0
0	0
0	0
0	0
1	0
0	2
0	0
0	0
0	0
0	14
0	0
0	38
0	0
0	38
2	2
0	38
0	38
0	38
0	0
0	0
0	0
0	38
0	38
0	5
0	38
0	0
0	5
0	48
24	0
18	0
85	1374
14	34
69	12
4	369
20	9
52	1
9	569
2	110
224	564
2	4225
26	1017
0	82
14	184
6	5
12	108
5	2
8	1
0	9
81	7
0	4225
0	377
7	0
1	162
11	178
0	464
73	2766
42	872
0	86
0	180
0	167
4	2316
116	3194
285	1755
3	55
54	673
2991	0
0	54
0	70
13	160
91	1079
21	69
13	433
2	190
0	28
8	108
0	16
4	451
0	69
3	39
0	0
19	124
0	152
16	25
13	7
0	129
0	10
27	213
0	32
4	10
8	67
0	38
0	19
3	29
4	89
0	18
0	70
4	20
0	35
3	0
1	6
0	43
1	112
8	6
1	0
1	0
0	17
2	8
7	1
150	81
4	0
0	27
1	6
4	5
1	0
38	39
2	33
3	27
0	120
13	823
64	1150
11	1150
0	120
0	121
0	59
4	196
5	51
3	107
0	56
2	15
3	0
0	4
4	4
7	1
5	1
2	74
5	277
6	268
11	50
0	109
9	1072
0	1
0	43
0	42
0	43
0	0
0	0
0	589
0	19
0	199
0	553
0	562
0	464
0	52
0	154
0	81
0	613
0	334
0	351
0	64
0	60
0	202
0	141
258	3494
35	3080
0	2161
0	163
2	2609
66	1741
6	1612
1	968
0	179
1	420
1	335
2	182
0	97
1	44
0	18
10	184
0	6
0	115
35	80
0	115
0	9
0	9
0	13
2	1
0	0
0	41
4	11
0	1
0	43
5	2
3	8
0	10
0	19
1	3
0	34
9	19451
0	19371
1048	13973
223	20424
63	16224
0	20
37	1541
66	227
0	1867
0	1528
0	1499
89	751
40	6068
38	566
11	3561
0	1028
15	3171
44	86
0	3
2	538
0	716
0	636
8	596
0	921
0	1096
26	725
0	781
4	882
59	110
12	129
2	842
0	14238
605	1570
39	1421
0	435
39	1216
0	501
0	146
0	180
0	664
0	48
0	216
0	0
0	0
0	0
0	3
0	0
0	3
0	0
0	0
0	10
0	0
86	499
4	31
0	3
0	1
1	10
0	486
4	0
1	0
1	15
0	0
0	0
0	15
1	0
0	0
0	0
0	0
0	0
4	15
0	0
0	0
0	0
0	0
0	2
0	2
4269	46676
19	38
99	2927
759	2169
0	26959
10	46726
0	1677
0	0
0	0
6	8
0	0
0	0
0	0
0	0
6	35
0	0
0	0
0	0
0	0
10	7
0	0
0	0
0	0
0	0
0	2
0	7
0	0
0	0
40	17
0	6
1	4
0	1
0	0
1	89
0	0
0	0
0	89
0	89
0	0
0	0
0	0
0	0
0	0
0	0
0	0
0	0
0	30
1	0
300	0
0	0
0	0
19	8
0	30
30	352
0	54
0	190
0	1
0	120
0	77
0	70
0	52
1351	436
11	401
0	1
4	22
0	0
0	0
0	1
435	85
0	13
2	2
1	2
1	2
5615	5388
4	3970
9	2582
15	92
9	118
8	8
188	447
112	1437
43	10005
130	15566
25	8931
0	620
38	9004
2	4144
112	976
0	960
4	1481
11	4594
23	594
21	9970
18	582
4	4555
45	5504
3	1043
36	30
74	374
27	1
16	1193
28	258
6	108
3	180
8	928
3	1069
0	4491
0	2729
5	2272
64	1940
16	342
1	224
0	0
0	0
0	0
0	0
0	0
0	0
0	0
0	10
543	717
7	618
36	717
4	476
221	476
1	137
2	52
9	24
1	47
2	677
30	664
0	708
24	629
13	44
11	203
3	249
8	111
3	97
4	50
0	20
0	274
8	17
0	382
1	237
0	247
1	73
0	385
5	237
6	14
0	14
8	0
0	17
2	5
23	8
0	59
1	385
53	2096
63	1865
1	1942
1	2400
32	114
25	1224
20	0
0	237
26	0
27	236
2	230
8	213
7	6
34	1258
0	1495
40	760
0	1080
7	1201
14	1224
17	1224
34	1049
1	1
1	1364
2	1364
8	1377
6	1387
1	321
3	0
2	2
0	317
4	302
51	353
1	34
47	225
0	253
11	203
0	1
0	36
6	1
0	0
0	317
0	0
0	0
0	0
0	0
0	0
0	0
0	0
0	0
0	0
0	0
0	0
0	10
1	10
0	0
0	6091
0	5013
0	4693
0	4704
0	4704
29	1672
7	1410
2	58
1	9
23	464
3	165
56	115
0	4
0	1
4	0
0	190
407	334
0	260
1	334
1	237
0	56
0	138
0	19
0	32
0	31
2	2
0	9
0	26
1	15
2	13
2	30
0	36
2	27
1	13
0	13
6	225
5	216
0	79
3	59
0	21
1	19
5	0
1	22
122	623
116	635
37	281
141	23
0	12
1	9
4	8
0	6
16	9
13	4
119	1003
13	8
0	38
25	82
1	101
1	15
11	4
0	0
0	0
0	0
0	0
0	0
0	0
0	13
0	0
0	0
0	462
0	51
0	28
0	33
7	0
11	18
0	0
0	1
0	1
0	1
3340	1351
1	161
84	1138
0	577
0	0
0	0
0	0
441	1293
17	20
1	615
14	19
4	1183
2	541
6	135
5	16
5	295
3	208
0	188
0	91
48	359
7	257
31	334
5	8
40	24031
1	21539
0	20564
94	1147
81	988
194	980
231	9936
103	4443
119	737
197	2795
9	23129
20	746
32	350
0	153
0	107
4	57
20	14
0	741
0	742
0	0
87	1856
74	1856
918	2886
3	2792
27	1071
34	2624
11	895
1353	5299
92	2877
63	1328
321	1083
4	54
2	1301
9	1694
18	105
315	178
246	463
49	2429
1	369
0	661
0	101
39	350
138	96
28	0
145	306
27	7
1	6
11	281
1	303
0	4
135	16
2	1
0	1
18	8
0	0
0	0
0	0
6	40
99	577
100	2792
27	2833
2	1807
1	11
2	27
190	318
68	18
15	231
4	39
35	1243
8	7
1	173
671	5106
38	5106
3	45
4	24
109	0
209	10971
0	11418
107	7923
26	7353
90	1673
13	306
33	27
7	63
7	494
129	588
14	588
1	25
12	19
1	44
3	11
6	24
8	2
0	219
1	1523
4	1550
44	1147
95	1339
0	548
1	754
4	339
0	453
5	391
9	143
0	245
0	352
0	443
3	413
0	24
2	158
0	77
100	153
25	7
29	144
174	6
0	0
1	0
0	1
0	0
0	0
0	0
1	29
3	642
5	63
204	2799
3	2432
0	56
10	76
0	174
27	0
15	24
32	1391
5	1950
168	2193
2	1661
6	1078
15	929
0	215
23	1158
0	1519
36	1872
1	281
23	261
13	1147
8	416
0	1182
31	248
0	0
0	75
0	0
3	884
24	887
0	654
16	1125
59	1276
15	1359
0	581
5	560
176	555
18	68
29	421
1	29
4	270
10	272
0	271
5	294
0	288
0	0
272	7661
0	0
0	0
0	0
0	0
0	0
12	828
24	4
13	92
0	59
0	753
9	357
0	32
4	11
6	54
0	242
0	217
0	337
0	197
2	162
0	317
0	222
77	413
14	507
0	163
0	273
0	207
0	39
11	422
16	36
1	32
32	0
13	405
0	0
0	0
33	352
20	352
0	91
1	341
7	343
1306	3076
171	1956
6	2105
0	965
4	600
1	600
0	12337
0	12305
0	120
5	74
1	684
85	1134
0	631
27	892
23	665
0	987
11	23
0	631
2	173
0	113
3	100
0	74
1	93
0	3
0	28
0	11
2	34
0	5
0	9
0	27
8	16
15	0
0	1
1	3
57	26
0	151
0	151
0	146
0	0
0	0
0	0
0	0
0	0
513	453
3	377
0	57
0	69
0	338
0	0
0	0
0	0
0	0
0	0
0	0
0	1733
0	402
0	483
0	413
0	475
0	241
0	187
0	79
0	7
0	25
557	65
0	23
18	0
32	15
2	33
0	47
0	5
0	5
0	6
0	12
0	34
0	6
0	6
0	1
0	1
0	6
0	0
0	2
0	0
0	1
0	0
0	0
0	6
0	6
0	0
0	0
0	0
0	0
0	0
0	0
0	0
0	0
60	82
42	70
0	59
13	48
2	1352
2	567
0	1228
18	1255
0	131
0	75
31	218
1	885
1	13
0	38
9	3
2	32
0	1
0	652
47	649
0	12
0	0
1	1231
11	0
17	320
3	12
18	3386
161	3196
62	902
4	520
0	3280
6	11
0	3
0	18
0	0
0	0
0	23
0	3
0	18
5	0
67	29
0	5
0	0
1	17
0	0
0	0
0	0
0	10
0	10
0	0
0	0
0	0
0	0
0	267
0	235
2	162
0	116
7	4
0	15
0	14
3	12
0	4
5	12
0	232
0	0
0	0
0	0
56	380
2	33
10	54
24	214
0	367
0	149
2	245
24	183
1	54
0	309
0	339
2	19
1	208
0	0
0	0
0	0
0	0
0	0
0	0
0	0
0	25
40	369
4	32
1	151
0	246
0	148
10	160
48	118
2	3
0	255
1	147
6	0
2	26
0	27
4	3
1	1
0	21
0	6
0	0
19	167
0	263
485	4199
25	3584
3	329
9	3269
1	216
3	1861
25	10
6	177
15	235
122	600
0	851
53	777
1	133
15	165
0	181
0	121
25	0
8	87
17	90
0	0
5	36
15	36
74	120
123	2153
1929	2031
40	27
56	124
101	8
0	6091
0	5013
0	4694
0	4704
0	4704
0	8
4	718
12	838
0	31
10	0
0	148
256	13
0	156
0	259
2	111
26	4
145	4332
33	4465
235	4107
0	473
14	565
47	89
5	263
64	56
4	24
4	3851
16	447
2	808
1	828
0	633
47	1005
13	86
14	824
29	734
3	638
67	204
0	15
21	704
0	653
15	400
0	888
0	0
0	0
0	0
0	0
10	20
3	17
0	9
0	20
0	0
0	3
0	9
0	12
0	9
0	3
0	9
0	5
0	10
0	9
0	1
0	0
15	0
0	0
1	0
0	0
0	0
0	0
0	0
0	0
0	0
0	0
0	0
0	0
0	0
0	0
0	0
0	0
0	0
1	1700
228	877
7	1178
48	520
38	1060
16	6
1	3
0	540
87	522
5	1342
32	519
13	786
9	163
64	110
13	975
0	595
3	490
2	146
2	53
0	502
12	352
7	376
1	176
5	66
3	20
1	222
2	4
0	68
1	1333
0	304
0	201
0	3
0	1835
0	425
0	244
0	33
0	6
0	45
0	208
0	1990
0	50
0	1
0	1355
0	4
0	1351
0	5
4	207
0	165
0	169
2	938
2	1084
40	1109
13	165
6	6
96	1191
0	0
0	3
0	3
0	0
0	0
0	2
0	0
0	10
0	88
6	217
0	166
113	281
0	182
0	222
0	218
0	23
0	25
35	25
0	216
5	74
3	95
2	158
0	68
0	97
4	13
27	63
0	21
15	21
1	215
2	99
0	46
0	6
0	53
0	0
0	0
0	0
0	651
0	20
0	9
0	79
0	456
0	4
0	132
0	373
0	15
0	96
0	14
0	156
0	157
0	178
0	44
0	37
8	1192
7	31
9	11
0	207
6	4
16	0
30	1201
1	0
0	1222
14	1210
0	15
0	15
0	15
0	15
0	0
1	0
0	0
0	0
0	0
0	0
0	0
0	0
0	0
0	0
0	0
0	0
0	0
0	0
0	0
0	0
0	0
0	0
13	32
0	127
2	127
0	25
0	36
0	3
0	3
1	26
0	0
2	109
0	48
1	92
0	48
0	67
0	24
9	79
0	76
0	17
0	46
0	90
0	90
1	4
0	4
0	2
0	2
0	25
0	14
0	36
0	4
0	2303
0	2018
0	1903
0	35
0	158
0	20
0	125
36	447
0	416
2	281
0	330
11	34
2152	979
15	716
7	141
22	411
243	1191
0	1015
372	281
9	281
10	54
0	37
0	24
3	24
0	0
0	24
0	0
0	2
19	21
2643	994
5	415
10	191
1	149
1	227
12	14
0	0
0	0
2185	413
0	198
0	182
1	0
6	3
0	0
0	83
261	83
1	16
4	6
5	341
6	394
2	295
32	112
3	95
0	1
7	17
3	259
0	305
0	43711
0	31076
0	20222
0	24869
0	17526
0	31432
0	1239
0	12360
9	331
15	327
789	399
7	256
121	1664
0	1683
5	860
15	1538
0	513
24	570
10	241
0	443
12	159
14	175
1	165
33	3
0	0
0	0
0	0
0	0
0	0
0	0
0	0
0	97
4	197
1	197
0	293
0	293
6	204
0	428
6	332
1	92
3	97
6	187
1	11
0	47
0	33
0	33
0	1
0	2
0	35
0	6
0	12
0	12
0	9
0	31
0	28
0	7
1	5
0	5
35	74
0	19
1	20
0	56
29	14
0	44
0	27
1	27
68	20
28	10
8	39
0	32
0	0
0	0
7	639
0	1570
1	0
18	0
217	1523
0	44
0	3
8	6
5	6
5	24
0	0
11	1428
3	0
0	0
4	0
4154	15
717	169
0	45
8	126
0	0
0	0
0	0
0	0
0	10
0	1380
261	1412
62	708
1	1165
20	892
23	72
33	31
8	1383
0	438
0	418
0	276
0	297
0	102
0	3
0	418
0	310
0	3
0	0
0	0
0	0
0	0
0	37
0	37
0	0
0	0
0	0
0	1
0	0
14	561
3	1912
0	1369
0	1807
0	795
0	0
0	0
0	0
0	0
0	0
0	0
0	0
0	0
97	387
4	254
3	387
2	0
114	0
33	4439
21	4598
0	1724
35	2790
32	2993
0	2786
0	4600
1	1349
0	1646
4	1105
2	1062
0	67
4	16
0	121
2	241
5	647
0	20
0	3
0	3
0	3
0	3
0	3
0	3
0	3
2	18
0	3
0	3
0	3
452	843
0	679
9	9
1	188
0	43
0	3
3	89
0	79
475	4234
1	526
18	188
7	0
17	0
7	233
8	249
13	25
3	371
6	2
0	85
9	3400
8	0
3	1785
2	55
0	0
0	0
0	0
0	0
63	10129
49	11115
0	1956
1	8546
35	2668
14	139
9	2162
37	556
0	1216
10	2053
61	574
44	3
807	0
38	7
0	0
0	4
0	4
0	0
0	2
0	0
0	2
0	2
4	14
17	35
0	21
8	28
41	23
0	32
2	32
0	29
1	11
3	12
1	28
0	25
11	29
0	24
0	15
0	1
0	1
0	0
1	0
0	0
21	1563
0	1776
0	1905
0	1616
1	1806
0	129
97	309
125	264
0	123
0	245
13	206
26	23
1	231
0	213
10	184
12	100
40	0
0	0
13	3270
735	3592
0	2019
0	3586
0	0
0	0
0	0
0	155
0	155
2095	4560
7	3126
4	3443
43	1686
6	109
1	189
35	1007
9	1011
7	101
0	0
0	0
0	0
4	2418
6	128
0	214
1	158
208	2438
5	111
0	16
0	219
4	211
18	107
0	1069
0	7
0	0
0	4
0	0
0	4
0	7
0	6
1	1
0	4
6	4
0	4
7	5
0	0
967	1433
1	1333
2	312
37	79
2	328
0	0
0	0
2077	225
26	3
3	222
51	0
0	1
0	1
0	1
33	31
0	22
3	0
5	12
2	9
108	185
24	0
13	132
9	892
0	65
15	63
34	63
0	2
5	40
0	24
0	2
0	2
0	0
17	271
9	5
1	253
0	266
4	258
2435	3
0	0
0	0
0	0
0	1
0	0
0	1
0	0
0	0
0	0
11	23
0	19
0	8
26	8
805	0
271	1900
0	859
0	1629
13	1647
0	1476
2	1293
6	1880
10	733
2	291
4	1886
24	78
6	1535
4	709
16	26
3	1505
0	7
0	219
0	95
3	74
3	1494
11	80
61	1722
0	1976
0	331
4	1603
20	1260
1	14
0	493
8	3
35	7
35	138
0	1769
0	1559
99	923
0	923
6	964
0	964
17	988
0	855
123	265
0	204
7	147
0	969
2	334
283	655
0	334
49	600
1	4
12	2
308	716
0	57
2	435
7	343
6	96
13	186
7	136
0	0
0	0
147	89
26	49
0	50
1	44
45	0
9	42
66	857
102	2202
124	1763
0	1317
41	2
33	732
11	621
2	6
0	6
2	5
0	3
0	69
0	1645
1	254
1	1773
1	999
6	382
4	1105
0	1124
0	1018
18	263
1	127
5	48
21	66
3	301
6	42
1	279
0	220
0	1481
0	1411
29	2050
41	2015
6	84
4	101
26	43
8	28
5	41
11	117
9	63
51	120
13	103
0	9
0	66
0	216
4	248
0	268
0	175
0	106
0	203
0	185
0	3
2	3
63	21
0	20
4	12
3	12
0	9
0	9
607	192
9	138
0	138
36	65
1	9
0	0
676	1919
4	1323
6	189
6	1145
10	17
9	193
0	0
0	0
0	6
0	13
0	0
0	0
0	0
0	0
0	0
0	0
0	0
0	0
0	0
0	9
0	0
0	0
0	2
0	13
0	5
0	0
0	0
0	0
0	26
0	37
0	43
0	33
0	29
0	121
0	73
0	24
0	35
0	34
0	93
0	101
0	5
0	29
0	0
0	12
20	16
24	212
3	972
1	1154
7	293
0	65
0	227
42	35
26	67
136	0
4	1
0	1
0	0
0	0
0	0
0	0
2	0
0	0
0	0
29	111
1	8
0	0
14	13
0	0
1	0
0	0
0	0
0	15
29	104
0	28
7	20
308	161
0	453
1	464
0	459
0	7
1	140
3	0
6	18
0	453
0	8
1	8
23	1072
363	1383
24	738
0	1451
28	931
32	200
0	504
10	194
36	6
16	487
50	431
22	512
1	532
158	1764
0	645
124	498
3	982
0	37
0	273
0	0
0	87
0	247
0	58
3	799
3	26
2	433
0	59
0	25
18	63
0	26
20	67
17	41
2	203
2	266
0	10
3	185
0	75
10	76
1	239
13	30
6	1
2	11
13	36
0	3334
0	216
0	423
0	3337
0	2189
0	3305
0	2360
0	2411
0	1005
0	249
0	555
0	707
0	424
231	356
1	146
1	349
0	83
0	65
1	63
2	126
6	4390
165	602
6	42
1	135
18	1942
0	157
1	102
7	668
0	3974
0	587
0	660
0	639
0	548
46	100
16	206
0	152
16	112
1	25
0	640
0	637
0	641
0	14
0	11
6	11
0	14
6	6
0	0
0	0
0	0
0	0
0	0
0	0
0	0
0	0
0	0
0	0
0	0
0	0
0	0
0	0
0	0
0	0
0	0
0	0
0	0
0	0
0	0
0	0
0	0
0	0
0	0
0	0
0	0
5	36
0	20
0	0
0	688
34	53
0	0
0	2320
0	80
0	37
0	6
0	188
0	1389
0	110
0	51
0	0
0	200
0	176
21	5674
4	979
10	817
0	2261
8	0
3	4
16	232
23	3
0	5926
0	5760
1	704
4	669
0	314
3	155
5	192
8	73
1	88
0	142
0	137
0	128
0	95
0	118
3	113
0	86
0	98
0	90
0	55
0	85
0	84
0	78
11	98
1	75
0	109
0	54
40	64
0	63
0	60
0	93
0	48
0	51
11	107
0	19
0	19
0	460
0	701
0	267
0	172
0	53
0	14
0	14
0	20
1771	500
3	500
51	5
5549	900
1	210
31	719
17	4
14	50
1	76
349	78
4	5
103	6424
8	3042
6	5629
41	5413
35	1503
1777	398
141	93
89	119
0	0
5	0
5	1
1	7391
98	7272
0	546
9	438
8	199
2	111
1	110
0	20
6	1
6	7394
0	1
0	2
0	1
0	1
0	1
0	1
9	0
0	0
0	0
0	0
0	0
0	0
0	0
0	1
0	0
0	0
0	0
1	0
0	0
0	1
0	0
0	0
0	0
0	1
0	1
0	1
0	0
0	0
2	0
0	1
39	317
250	327
34	22
823	1663
38	1685
0	409
51	197
2	799
5	16214
9	14998
29	21299
7	14940
583	14764
0	14520
14	14724
978	14745
0	15905
12	14536
1285	17097
1	14372
218	6612
20	17780
114	4195
9	14347
112	3116
0	1188
613	2123
0	173
3	837
21	687
4	82
0	95
7	160
11	59
0	22
0	85
1	59
9	15
0	16
33	69
15	769
90	768
46	192
0	15
0	34
1	25
1	19
0	11
0	7
5	4
3	1
304	4724
8	3742
19	3733
113	2116
40	469
0	270
9	587
1	389
4	449
1742	847
18	158
0	241
17	12
0	2
15	136
3	1
0	0
0	20
0	20
0	20
0	0
0	67
9	76
0	60
0	8
0	9
0	11
0	3
0	7
0	7
0	7
0	7
0	7
0	7
0	8
0	2
0	4
0	1
0	0
5	7
0	0
0	1476
0	394
0	3266
0	14
0	2045
0	1621
0	6
0	68
0	16
0	0
0	0
0	0
0	0
0	0
0	0
26	25
0	0
0	0
0	0
0	0
0	0
0	0
0	0
0	3
0	3
0	0
0	0
81	24
1	19
9	24
3	16
2792	157
1	153
0	0
0	0
0	0
0	0
0	0
0	0
97	2921
720	2950
3	1361
2744	3256
19	146
54	463
0	436
35	196
14	33
3	368
0	581
0	324
0	47
0	184
18	84
36	85
2	53
26	0
1	19
0	501
0	52
0	79
19	424
0	181
2	378
0	14
0	388
0	30
0	333
1	13
2	23
21	532
0	87
1	326
29	429
0	20
0	40
0	157
0	132
0	34
20	29
0	104
43	218
0	27
3	106
0	503
0	18
0	0
0	2
3	17
0	18
0	15
0	6
0	18
3631	144
3	75
5	15
0	15
0	0
4	1008
0	962
7	1165
0	1118
0	1150
0	631
36	229
1	3
0	384
6	270
0	254
0	101
0	101
0	1036
0	1068
0	1036
1729	376
10	124
14	32
11	3
8	82
0	8
0	0
0	0
0	0
0	0
0	0
0	8
85	502
0	26
17	6
1	502
44	147
9	4
158	0
0	0
3	6
0	0
0	6
0	6
0	1493
0	1252
0	867
0	193
0	66
0	45
0	52
0	125
0	324
0	59
0	23
0	27
445	1206
0	1180
14	1178
8	9
0	555
7	97
0	282
0	382
3	161
0	127
0	390
0	127
3	103
14	111
534	178
1	24
9	37
0	0
1	0
353	597
439	228
385	494
19	14
0	119
58	868
2	238
0	1383
5	244
6	234
0	151
15	116
6	49
103	24
23	13
9	770
0	733
0	0
0	0
0	0
0	0
0	0
0	0
0	0
0	30
0	30
0	0
0	1
0	0
0	0
0	0
0	0
0	0
0	0
0	0
0	0
0	0
0	0
0	0
0	0
0	0
0	0
2	7
0	0
0	0
0	0
5	0
0	0
0	0
0	0
0	8253
0	7369
0	5414
0	31
0	16
0	3108
0	3574
0	657
0	992
0	905
0	293
0	568
0	439
0	549
0	586
0	31
0	192
0	127
0	74
0	3777
0	4920
0	1830
0	2
0	19
0	17
3	15
0	0
0	3
36	1592
46	511
9	1075
3	29
0	547
17	481
20	0
0	0
2	5
0	1015
88	1118
0	617
0	46
4	7
14036	2798
568	2638
235	344
0	3
0	3
0	0
0	0
0	0
0	0
0	0
0	3
0	1061
0	58
0	30
0	4
0	68
0	38
0	81
0	71
0	0
0	17
0	0
0	0
0	0
239	2620
19	2321
2	1360
12	345
26	2021
5	719
24	257
9	262
4	162
1	2457
56	4
4	198
66	1657
9	161
6	2251
1	109
8	1856
46	2093
54	328
4	39
0	28
0	180
0	113
0	1214
2	9
1	148
36	226
2	177
0	145
2	301
37	7
3	216
7	5
61	231
0	1942
0	2348
0	40
0	54
0	40
0	0
0	33
0	1
0	1
0	1
636	1905
4	234
42	0
93	229
19	2316
1	238
12	46
9	357
47	82
8	717
0	1883
0	1
0	1
0	0
5	320
18	204
0	262
3	130
1	119
0	119
1	112
0	27
22	17
16	85
9	84
1	36
0	31
0	28
0	31
0	32
17	39
1	42
17	26
30	0
4	1948
0	21
22	2435
7	52
19	1629
0	10
0	451
5	2803
16	879
2	1042
16	613
1	91
0	1538
0	139
1	769
0	2803
0	1
0	1
0	0
0	458
0	577
2	50
29	6
199	681
0	0
22	169
517	170
0	54
0	14
47	75
0	0
0	8
7	67
0	0
12	50
19	11
0	4
1	0
0	0
0	0
0	783
0	1613
19	563
0	1299
0	1286
0	27
0	24
0	228
0	83
0	852
0	811
20	316
149	699
4	245
8	219
8	31
6	697
16	716
601	1014
2	233
151	241
15	320
33	174
1	221
0	22
76	33
0	11
0	18
0	0
364	391
2	141
16	61
1	25
6	130
3	84
19	143
19	5
4	25
0	14
0	2
0	0
7	6
0	0
0	0
0	0
0	0
0	0
0	14
14	6
1	6
0	0
0	7
0	8
189	90
1	1
8	24
2	89
5	16
2992	0
0	0
0	4
0	0
0	0
0	0
0	0
0	0
0	0
0	2
0	0
0	2
0	0
0	2
0	0
0	0
0	2
0	0
0	0
0	2
0	0
0	0
0	0
0	0
0	0
0	0
0	0
0	0
0	0
0	0
0	0
0	0
0	0
0	0
0	0
0	0
0	0
0	0
0	0
0	0
0	0
0	0
0	0
0	0
0	0
0	0
0	0
0	0
0	0
0	0
0	0
0	0
0	3
0	0
0	0
0	0
0	0
0	0
0	0
0	3
0	3
0	3
0	3
0	3
0	3
0	0
0	0
0	0
9	299
6	989
1	997
11	1086
0	83
0	979
4	11
0	97
2	81
5	52
0	1159
3	968
54	987
0	919
1	252
12	123
7	11
3	21
2	484
0	472
2	331
0	653
15	193
4	135
0	855
85	286
7	212
103	396
0	346
0	219
10	77
0	71
0	0
6	25
14	11
20	160
0	0
0	0
0	0
0	0
0	29
3	26
0	25
1	14
4	4
595	984
3	249
0	495
0	486
8	414
142	335
4	136
6	32
15	435
25	11
0	275
7	32
0	107
3	336
0	201
54	331
0	114
3	39
1	58
0	72
0	204
3	4
1	110
9	31
0	106
29	257
223	1538
11	95
0	1535
0	77
0	66
0	1
0	1
0	1
0	1
0	1
0	0
0	1
0	26
0	7
0	6
0	26
0	24961
0	20828
0	20869
0	20940
0	2291
0	2580
0	1135
0	972
0	773
0	697
0	542
0	2280
0	544
0	0
0	0
0	0
0	104
0	113
0	41
260	280
1	238
1	216
0	203
0	216
0	207
0	79
0	80
1	11
0	0
0	6
0	9
0	4
0	8
0	8
6234	1145
24	413
8	36
9	5
0	1
0	2
0	31
22	322
0	0
32	16
1	6
0	0
0	810
0	861
0	265
0	869
227	872
0	871
72	32
14	34
404	1522
6	532
1	79
4	236
0	215
7	42
1	156
7	1
6	65
12	39
0	1362
0	2438
1	1546
0	0
0	0
1853	3386
13	2495
23	2498
7	1545
32	118
0	246
0	171
28	81
0	0
0	0
28	220
0	0
9	435
0	29
62	432
99	271
53	78
9	6
14	29
18	17
11	19
1	5
1	0
0	0
0	0
7	4
2	4
0	2
0	4
0	4
1	0
0	0
3	0
0	223
0	365
0	209
0	241
0	209
0	32
8	3
0	3
0	2
0	2
26	1
2	12
0	11
0	0
2	0
6	0
38	612
0	3
19	352
0	11
2	37
8	277
20	90
7	46
0	614
0	902
0	6399
0	6901
0	2932
0	1864
0	4188
6	46
0	27
981	2222
14	869
40	1049
26	427
23	1
14	467
1	326
24	363
4	303
0	0
15	21
1	3
13	16
0	0
0	0
0	0
0	861
0	941
0	543
0	47
0	1
0	249
0	0
0	0
0	0
0	0
0	0
0	0
0	0
0	0
0	7551
0	3262
0	3212
0	3234
13	11274
0	4895
0	11076
0	5362
48	1419
0	5778
0	5403
8	5684
23	112
0	7336
0	13794
1	0
103	345
0	346
1	247
0	176
0	0
340	5148
4706	29683
156	24618
0	27758
39	12307
81	1557
100	3764
78	1040
107	7570
27	75
133	195
0	0
1	0
1	19
0	12
12	17
88	1
0	1302
0	1536
0	1129
4	329
0	447
13	1324
0	776
0	211
0	328
0	0
0	1361
832	1373
66	1294
3	1357
7	188
18	14
203	2
0	0
0	0
5	8
0	4
0	4
0	0
0	0
0	0
0	0
0	0
3	8
0	0
0	0
0	0
2	0
0	0
0	0
0	0
0	0
0	0
0	0
0	0
0	0
0	0
0	0
0	0
0	0
0	0
0	0
0	0
0	0
0	55
0	55
0	55
0	6
3	6
0	17
0	6
0	6
1221	176
37	94
0	82
907	1053
10	1053
18	47
1	0
9	28
0	0
0	0
0	0
20	48
0	14
6	55
0	50
0	55
0	43
4	3
17	8
7	51
5	54
37	0
3	33
6	13
0	12
3	133
0	135
0	4
1	0
1	0
0	1
0	3
0	0
0	0
0	2
0	0
0	0
0	0
1528	326
0	77
7	155
57	54
6	128
22	0
0	0
0	0
0	0
0	0
330	1708
17	235
0	654
15	1111
10	61
5	164
4	421
0	229
0	17
0	0
0	0
0	0
0	0
0	11
0	0
0	0
0	0
0	0
0	11
6	457
2	531
0	146
27	1
0	6
24	64
3	152
89	168
0	136
0	20
0	341
0	325
0	17
0	177
0	38
0	199
0	33
0	225
0	0
0	0
0	0
0	0
0	0
2	25
0	0
0	0
0	0
0	0
0	0
0	0
0	0
0	0
0	0
0	0
0	0
0	3
0	10
0	24
0	139
0	21
0	21
0	23
0	20
0	23
0	46
0	48
2	8
0	1
0	152
0	149
0	150
0	152
0	149
0	1511
14	290
62	1537
0	577
0	517
0	122
342	57
0	0
3	4
0	0
0	0
0	15
1	1
0	23
7	23
0	0
0	0
0	0
0	0
0	0
663	1133
12	1082
19	609
213	160
11	319
0	1694
0	1747
0	446
0	375
0	197
0	293
0	211
0	88
0	110
0	2
0	0
0	1500
0	1369
0	7
0	0
0	0
0	111
45	224
0	42
0	40
0	8
0	10
0	7
0	7
0	1
0	3
0	0
0	0
0	0
0	0
0	0
14	128
159	98
67	192
1	2
3	2
3	17
27	52
0	95
398	21833
0	24645
0	24084
77	24097
14	19517
243	9579
5	226
62	104
0	52
10	3
6	303
27	243
26	1482
1	2683
21	22
580	152
8	2
0	27
3	101
0	0
0	17
0	11
0	0
0	17
0	17
0	0
0	0
0	0
0	0
0	0
0	11
7	4
17	821
0	811
0	738
1	442
0	370
0	289
0	117
0	64
0	10
0	18
0	26
21	36
0	5
3	15
60	37
83	17
11	3
16	16
6	24
16	656
27	2384
0	79
1	1864
5	246
9	762
12	2548
85	3135
213	3135
6	206
6	587
17	159
213	185
3	116
6	113
0	0
2	0
2	0
0	0
0	0
3	0
3	0
0	2
0	0
0	0
0	1
0	0
0	1
0	1
0	1
0	0
0	0
0	0
0	0
0	0
0	1889
0	1687
34	13
0	69
7	311
4	439
18	205
2	1889
0	1713
0	1658
0	1929
0	3337
0	3767
0	3656
0	3696
0	3831
0	349
0	222
0	34
0	443
622	468
52	468
26	509
24	493
14	492
12	39
2	288
257	519
97	281
2	22
2	56
15	105
39	240
11	143
135	106
4	1
0	91
0	1108
0	1050
0	203
31	511
6	511
4	475
2	275
0	1
0	34
5	14
4	3
0	134
7	13
41	5
0	36
0	36
0	29
4	25
0	28
2	33
1	43
0	38
5	9
0	0
0	5
0	5
0	1
0	1
0	0
0	0
10	0
0	0
1	524
2	544
1	12
0	4
1	12
0	6
0	20
0	0
1	8
24	8
1	225
3	4
5	386
0	331
4	381
0	253
6	2772
31	428
0	2554
0	2726
0	2762
2	273
0	204
0	32
0	294
18	2488
0	2720
0	2762
0	291
0	2555
0	142
0	292
28	298
0	227
22	1865
13	0
12	21
2	29
39	2042
0	89
7	105
13	12
0	124
17	207
52	16
0	1345
4	94
14	49
31	23
18	0
0	84
0	187
44	1345
2	217
751	1493
3	340
18	292
94	1215
8	209
63	61
7	495
11	433
1	535
9	342
19	493
13	57
4	129
9	74
6	43
25	14
11	21
0	541
0	502
0	43711
0	31076
0	20222
0	24869
0	17526
0	31432
0	1239
0	12360
15	223
1	49
605	214
0	205
9	54
7	47
79	45
23	125
105	114
0	68
17	0
1115	49
53	37
10	12
0	166
9	222
2	419
0	0
0	0
0	0
0	25
0	0
0	0
0	0
0	0
0	25
327	1154
244	356
0	233
0	69
1	83
0	17
0	17
58	34
7	1
0	0
0	3
0	3
0	17
26	5160
15	4327
0	4227
1	4106
19	1598
214	1911
1	353
6	1035
0	1818
22	465
0	745
0	0
0	0
3	34
6	108
1	88
8	26
0	199
33	764
4	23
37	15
1	318
37	780
0	459
3	785
7	2
1	875
19	317
8	317
0	3
0	278
0	40
0	58
22	127
13	69
0	98
3	35
1	4233
14	2373
0	4136
10	1566
33	2466
143	610
0	78
27	1434
37	1049
1	3
10	447
1	2746
1	2773
10	5131
6	797
5	393
19	4606
2	647
0	305
1	559
15	245
1	4182
1	2
0	2
0	574
3	6
0	1
25	4206
36	375
6	142
7	93
0	82
2	566
6	433
97	50
406	256
184	260
1	5
96	2701
0	31
0	0
0	1076
5	19
2	123
6	2757
0	2557
0	10355
0	10589
0	11514
0	2107
1	11381
0	10741
1	3530
23	592
0	351
7	2003
0	8556
0	10539
47	3878
0	11099
0	1960
0	2968
0	10335
0	10934
0	10776
24	2740
0	10579
0	10398
0	10451
0	6510
1	1417
0	1422
0	6446
42	503
0	8646
3	2650
0	3548
0	10547
4	1552
2	71
0	927
0	290
11	22
0	45
11	8112
0	8235
2	8016
9	4414
5	517
40	46
0	402
10	669
2	200
0	1299
30	111
0	247
15	17
0	3
0	3
0	3
0	1300
0	17
0	441
0	298
0	41
25	1294
37	104
0	567
5	897
10	98
15	258
4	126
68	109
0	1237
0	520
0	1610
0	1820
0	1355
0	230
0	293
0	56
0	43
0	117
0	37
0	461
0	285
72	543
5	5
0	5
0	0
0	0
0	0
0	0
0	6
0	84
0	0
0	0
3	9
4	0
1	0
0	0
0	0
0	0
2	127
16	143
10	55
18	1401
58	998
23	308
0	335
4	13
2	408
3	516
1	278
0	400
24	142
11	356
10	17
887	2460
17	1803
32	1520
3	134
0	1589
40	2322
1	59
5	9
5	31
4	129
1	742
2	156
4062	255
7	126
17	195
5	609
49	809
7	180
80	32
6	438
11	306
9	368
1	502
27	387
7	165
0	132
21	46
3	184
5	153
4	13
16	51
1	46
0	0
0	0
0	0
0	0
0	0
0	0
0	0
0	0
1	23
8	100
1	16
0	78
0	18
5	2
3	0
10	1
96	83
3	83
0	9
616	53
10	38
0	20
15	0
1022	0
0	0
7	26
38	921
332	1439
0	378
19	313
104	890
0	325
0	0
7	57
0	300
33	1015
8	791
1	71
32	190
1	176
61	1001
3	713
1	235
0	162
5	291
29	467
83	65
0	15
24	392
34	5
0	0
6	9
0	0
12	34
6	2701
84	5621
1090	5689
15	235
1	282
1	150
7	5717
4	6157
0	3181
0	3013
0	3026
246	6154
2	269
0	1077
0	361
2	509
2	265
59	3062
148	211
21	3257
47	2500
0	1029
25	62
0	9
184	279
0	48
0	138
0	49
1	79
35	93
8	93
0	0
0	0
0	0
0	0
0	0
0	0
0	0
0	38
0	0
0	0
0	0
0	0
0	0
0	0
0	2862
0	153
0	50
45	244
0	238
15	238
8	147
7	147
10	21
0	34
0	75
0	150
1	187
5	2441
4	2339
0	2469
66	853
580	331
0	233
0	197
103	302
626	5528
21	5077
27	2740
2	3671
139	982
526	452
6	180
192	82
0	160
12	222
0	688
23	195
1784	0
0	0
0	0
0	0
0	0
1	0
0	0
98	29
0	66
1111	1812
4	444
0	552
23	1100
4	589
5	7
0	7
2	53
0	0
2	7
2	0
22	1028
10	1002
24	529
7	17
0	0
0	2
3	2
27	143
0	33
0	136
2	0
0	1
0	0
0	0
0	0
0	0
0	0
0	0
0	0
64	426
0	0
0	0
0	0
3405	936
32	33
17	272
57	551
0	606
1	55
4	5
0	11
1	11
0	0
12	110
252	143
22	36
43	285
13	150
11	251
57	137
3	184
1	69
32	62
40	1333
0	614
1	491
0	1645
4	131
31	186
1	173
4	415
1	17
16	3
4	140
0	127
0	44
8	83
2	8
0	6
0	3
2	113
6	9
16	35
5	0
3	799
30	0
75	718
1	1608
0	415
0	23
0	88
0	310
0	4
0	93
0	130
0	308
0	87
0	45
0	55
0	40
0	150
0	387
24	2070
17	1485
3	1556
9	762
1	47
10	765
0	1010
0	1448
4	34
1	189
17	1017
5	385
0	20
3	302
0	788
8	785
2	276
59	171
2	223
38	414
8	2
28	26
1	0
14	87
0	33
0	11
0	13
0	12
0	12
0	5
0	1
0	2
0	3
0	0
0	0
0	4
1	0
0	1
0	1
0	0
0	0
0	1
0	2
0	0
0	0
0	0
80	81
0	53
0	81
1	4
0	4
1	1
2	0
0	7
0	3
0	0
0	12
8	442
11	159
0	19
6	3
0	136
1	8
55	9
2	76
0	0
0	381
0	412
4	248
350	248
7	187
45	187
2	60
2	1
0	8
3	858
259	1169
2	129
11	198
0	953
1	1
2	0
8	0
1	95
13	704
0	0
0	0
0	0
0	17
0	0
0	0
887	320
7	320
46	0
607	1
0	4
1654	337
6	58
16	231
3	15
3	42
62	60
8	0
14	11
1	7
0	0
0	0
0	4
0	0
0	4
0	0
0	0
1	0
1	2
63	457
19	398
3	108
3	154
3	3
20	12
1	9
6	25
11	15
0	0
0	0
0	0
0	231
0	84
43	749
1	644
1	230
3	582
0	1665
3	1110
2	111
0	533
0	127
6	585
0	2028
26	759
4	59
0	1291
2	158
8	22
7	500
11	241
8	816
1	749
4	532
6	14
59	91
14	746
0	1672
0	1635
0	0
4	18
59	122
12	44
1	10
2	66
241	369
1	114
0	1
2	47
125	365
1	78
0	395
0	0
0	395
0	0
0	0
0	0
21	1125
0	163
0	364
60	0
7	950
0	94
3	64
0	887
2	287
185	977
5	164
23	8
3	0
0	3
0	3
0	1
0	1
0	0
2744	3433
23	1757
48	2222
136	2334
2	51
1911	1171
56	467
2	67
5	216
3	122
6	33
3	305
16	7
9	242
372	737
1	90
0	75
0	301
0	73
0	528
3	9
1	484
53	412
5	361
4	47
66	299
21	52
11	1
0	40
0	351
1746	692
0	1897
19	902
0	166
1	35
0	503
0	3
10	3151
9	3041
0	728
4	625
382	3623
0	1543
0	215
0	621
0	239
13	32
216	317
0	328
0	0
3	2159
2	698
2	221
1	293
2	181
17	5
100	2109
1	1410
17	23
73	1947
13	2210
343	2211
87	1584
3	835
5	1348
5	36
36	150
0	2
0	2
0	2
0	0
0	0
0	0
0	2
2	2
0	2
0	2
33	400
3	19
19	395
45	146
0	94
0	193
1	110
22	31
28	30
0	90
0	0
1	68
2	4
4	66
0	0
11	254
0	20
4	624
122	1542
29	18
50	230
10	575
1	335
273	112
31	138
22	651
6	234
40	160
0	44
14	491
0	12
19	461
0	179
1	170
0	170
8	117
0	0
0	11
0	27
0	11
3	34
0	365
0	24
0	182
0	81
0	75
0	4
0	4
1	5
0	0
0	3
0	0
0	11
0	1
0	3
767	6887
135	6887
1	2046
8	1196
2	6828
0	2520
3	545
0	994
0	730
0	4
0	2
0	2
0	0
0	0
101	1273
0	2918
20	3014
9	2090
55	3208
3	291
4	268
10	1653
0	765
9	37
2	466
57	20
16	1376
82	404
23	354
14	326
31	699
1	286
1	212
48	81
1	1785
16	225
242	636
28	582
10	247
9	574
3	323
3	6
6	71
7	164
36	437
8	71
2	362
12	368
0	327
13	324
0	313
0	279
0	272
9	258
0	10
6	261
9	77
0	229
10	190
0	61
3	57
2	61
1	47
0	37
7	36
3	7
2	8
5	9
18	10
17	259
3	12
1	68
1	9
0	0
1	255
0	0
0	0
0	0
0	25
0	0
0	0
0	0
0	0
0	25
17	352
3	345
2	350
1	10
0	5259
0	1777
0	2266
0	1475
0	1559
0	138
24	1594
2	124
3	63
6	783
0	125
2	1
0	155
13	53
1	833
0	1507
0	847
0	893
10	71
10	424
0	0
0	8
0	0
0	6
0	6
6	31
0	8
0	432
6	445
1	21
0	415
5	53
255	313
1	229
0	21
0	108
20	38
0	31
0	48
13	15
0	2
0	0
0	0
31	12
4	54
1	77
7	521
167	485
23	455
1	68
7	187
0	28
0	24
0	49
0	48
1	38
1	47
2	61
8	42
9	14
58	2016
6	167
44	232
56	328
0	428
0	975
5	1779
0	1097
0	1688
16	150
0	262
7	2
0	573
6	282
62	1509
12	265
18	88
0	124
39	182
0	0
0	0
0	0
52	10002
490	10212
240	136
78	6929
323	2331
76	215
190	969
32	2843
1	218
0	267
19	219
0	222
7	149
0	198
47	142
60	37
0	28
8	39
10	68
0	18
1	18
10	0
10	5
1	0
48	0
2	0
1	542
2	495
1	4
0	49
0	0
0	0
0	0
0	0
0	0
0	0
0	0
0	0
0	0
0	0
0	0
0	0
0	0
0	0
0	0
0	0
0	0
0	0
0	0
0	0
0	0
0	0
0	0
6	6
0	535
0	9
0	3
0	0
0	0
0	1
0	16
10	119
1	0
51	535
7	464
0	464
6	435
5	35
11	49
27	34
21	2
23	19
5	28
9	57
6	34
0	415
0	362
142	2
1	1
0	1
0	0
149	488
11	488
1	34
0	13
18	9
0	28
25	7
8	150
0	12
1	4
1	15
0	5
0	7
0	5
0	0
10	29
0	4
0	109
0	4
0	7
0	14
1	11
1	9
0	6
0	95
0	97
0	30
10	1019
0	299
40	441
50	729
228	782
68	659
14	175
2	136
0	1047
482	777
0	2
16	201
4	159
5	386
3	317
0	480
20	247
20	67
17	153
1829	524
9	524
0	2
0	2
1	2
0	2
0	2
5328	0
58	36
0	150
0	327
21	737
0	1807
34	1093
0	117
0	597
0	551
6	335
53	1162
7	1066
1	324
20	450
1	21
3	186
1	0
6	313
40	63
0	1820
0	1682
485	1115
0	8
0	331
2	900
35	0
1	43
14	26
4	78
24	425
1	55
11	236
0	40
0	11
0	7
0	15
0	1
0	88
0	513
0	395
0	416
0	371
0	364
0	373
3	1391
10	1391
0	1431
0	1391
0	722
20	114
0	327
0	229
0	1395
1	1516
3	95
16	217
2743	4169
12	1474
17	4194
50	41
17	1410
2	602
38	1459
162	36
16	54
27	60
0	16
1	4
0	0
0	5
0	0
0	0
0	0
0	0
0	0
0	0
0	0
0	0
0	0
0	0
0	0
0	0
8	3479
3	2536
1	2874
2	3033
1	2825
8	3091
8	2863
0	2353
45	3275
48	2982
2	198
0	1884
1	691
1	333
6	171
0	374
0	1496
2	143
20	2070
4657	266
2	258
491	2229
0	1913
2	525
9	207
0	911
2	144
0	32
0	35
5	25
0	47
0	44
15	43
1	140
0	4
0	4
0	4
10	7
0	4
0	0
0	0
6	41
0	25
3	422
1	11
63	55
0	10
6	22
0	414
0	400
0	50
0	7
0	252
11	19
0	72
10	10
0	9
6	28
35	4319
0	4161
2	530
3	688
13	151
44	17
4	566
25	148
14	65
29	321
136	109
0	0
0	0
9	17
0	0
0	0
0	0
0	0
0	0
2	321
19	363
0	304
4	337
2	192
27	311
11	391
0	7
0	30
0	41
28	34
2	20
68	31
0	7
2	11
0	19
0	0
0	0
0	21
0	0
0	1902
0	255
0	1570
0	1978
0	911
0	1589
0	1463
0	106
0	1143
0	905
0	48
0	1405
0	14
0	1428
0	0
0	0
0	0
0	0
0	0
0	0
0	0
0	0
0	9
3	0
0	0
0	0
0	0
0	0
0	0
3	44
71	622
0	57
15	0
7	30
3	542
0	57
262	285
1	77
16	70
31	42
0	180
5405	551
8	545
495	487
112	618
23	414
0	0
0	0
15	1979
0	4572
6	5847
205	1529
0	181
0	1597
12	436
0	353
46	21
24	160
71	513
32	840
0	5242
1	9479
6	10702
70	9655
27	706
13	2219
25	9223
22	265
2	2202
2	606
119	1317
2	352
0	1223
636	3047
21	109
0	1043
0	232
7	718
4	151
0	1137
0	1340
257	390
57	1565
212	998
3	2655
4	1771
64	3396
178	4
22	3362
2	234
487	271
37	3047
0	15
21	90
7	36
0	2522
0	2282
11	2
4	1639
10	1373
3	1274
9	1283
4	29
0	31
3	32
4	5
0	4
2	46
41	1274
0	70
0	70
0	1
0	1
0	1
0	1
0	1
0	1
0	1
0	1
0	228
0	228
0	1
16	204
0	1
33	67
0	7
15	3
0	59
6	13
1	10
0	2
39	80
0	197
0	224
147	236
2	11
33	23
0	83
14	194
0	0
0	0
3	0
0	0
0	0
1	10
0	45
1	0
1	9
0	160
13	804
12	21
0	147
1	93
1	92
0	83
7	0
0	102
8	33
1	127
0	10
2	0
2	61
0	62
0	157
2	620
0	2
0	2
0	1
0	1
12	3
0	1
0	1
0	1
0	0
0	0
0	0
80	152
263	3082
0	323
86	88
5	440
4	9
1	14
0	2938
32	8002
5	7057
17	6770
26	1459
65	1440
86	1894
2	981
0	809
33	851
0	56
3	4
0	28
0	21
0	4
2	3
1	4
0	55
9	6
2	0
3	52
0	50
1	55
2	34
0	6
5	66
16	27
0	10
2	0
0	0
0	0
0	1
0	0
0	64
1	101
30	690
2	335
3	329
0	760
0	341
2	339
46	13
2	168
0	71
2	45
3	13
12	10
15	43
3	64
21	21
9	47
0	764
40	1003
11	11
4	46
11	135
5	811
4	769
30	32
3	5
719	444
8	19
11	252
0	389
0	394
0	364
0	360
0	373
0	101
0	128
0	122
0	32
0	56
11	28
39	28
0	23848
3	17877
0	21493
52	25469
3	18903
0	17394
7	2563
16	15415
29	9392
2	343
26	2674
9	6129
0	1317
3	2
6	91
19	4
4	19306
0	191
0	130
0	365
0	24
0	182
0	81
0	75
24	30
212	12
0	2
9	151
0	163
0	163
0	158
0	168
17	66
0	45
9	11
2	33
0	0
34	12
5	9
77	867
5	47
20	29
6	387
0	18
1	48
7	43
72	154
0	0
0	0
6	212
0	188
142	49
13	3
28	22
3	34
5	21
0	206
22	314
6	314
0	26
4	213
3	70
3	1
3	105
28	35
16	254
8	67
0	64
2	35
1	1
0	0
0	2
2	10
0	8
0	5
0	2
0	3
0	1
1	6
0	2
0	1
1	1
0	0
0	0
17	0
0	0
0	0
75	42
0	0
0	6
0	0
0	7
0	7
15	8
0	8
21	512
5	599
91	596
8	232
64	212
298	212
0	164
0	155
0	139
8	76
12	4
1	28
7	1095
1737	1526
16	342
16	7
1	63
5	139
24	44
8	826
0	482
0	428
0	784
0	537
25	0
0	186
0	228
1	567
8	577
25	135
0	0
0	0
0	0
0	0
0	0
2	549
1	1
0	0
0	0
0	1
8	35
251	145
0	58
1	9
0	0
0	1
5	392
0	340
3	96
0	233
0	263
0	214
0	318
0	360
2	325
6	244
0	339
0	259
0	277
1	193
1	118
1	272
0	302
0	293
0	248
0	322
0	312
0	111
0	41
0	17
0	88
0	83
0	46
9	78
0	97
0	79
0	64
0	57
0	10
0	3
0	28
0	14
0	0
220	426
0	48
0	187
8	405
21	2671
2768	4663
7	904
411	2484
13	835
2	790
0	693
0	135
4	775
0	617
0	603
0	37
0	746
9	30
1	90
0	7
0	7
0	5
0	4
0	0
0	0
0	4
0	5
0	7
5	2
1	2
1	2
239	2210
270	2210
35	239
3	44
49	12
33	2772
0	3190
69	3190
21	27
658	629
2	407
9	419
14	50
0	0
40	7
0	0
0	0
0	0
0	0
0	0
0	0
0	0
0	0
0	0
0	0
0	0
7	24
0	0
0	0
0	0
0	0
0	0
0	0
4	382
117	1190
25	883
0	145
14	1207
16	1151
0	376
1	66
0	0
0	0
14	84
0	84
8	13
13	13
5	20
0	0
1	2
837	502
3	92
1	164
1	174
1	165
0	140
14	118
22	30
2	4
0	0
0	0
0	0
0	0
0	45
0	1
0	3
0	0
2	0
22	478
2	22
69	482
0	11
31	29
11	2
46	3274
1	3541
6	176
1	88
0	310
0	4
0	3636
0	3543
0	18377
0	12965
0	0
0	0
5	11
0	10
2	18
0	147
0	145
15	111
0	670
5	108
0	0
0	0
0	0
0	170
0	170
0	0
127	106
5	82
4	106
0	95
0	13
0	7
0	0
0	0
0	0
0	0
0	0
48	678
2	567
10	428
9	121
5	5
1	4
15	553
0	0
0	0
2	0
0	0
0	0
0	0
0	0
0	25
0	28
0	8
0	3
0	3
0	0
0	3
0	9
0	9
0	2
0	28
0	7
0	6
0	2
0	1
0	64
0	2
0	2
0	2
0	2
0	14
25	0
0	0
0	326
0	26
1	21
0	8
1	25
37	32
1	331
0	0
0	0
0	0
0	0
0	0
0	0
0	0
4	589
56	3080
64	294
26	390
90	216
482	3006
63	500
0	1
0	1
0	0
5	2
0	0
0	2
0	2
0	0
0	0
0	0
0	0
0	0
0	2
0	3
0	213
0	216
0	4
0	5
0	6
23	6
1	4
3	13
78	4
35	274
1	18
0	10
2	24
0	214
0	20
3	12
1	204
13	251
8	5
8	166
0	172
144	1180
43	16
703	1852
0	1279
0	1996
11	1602
2	1043
1	1706
51	1872
3	1088
28	1180
0	177
5	330
2	245
80	245
97	328
3	1579
0	2
1	2
0	1
0	0
0	0
0	2
1	1
0	0
229	3447
24	3447
0	11
0	7
0	6
0	8
0	11
0	12
0	0
0	0
0	0
0	0
0	5
9	5
1	5
3	172
3	20
0	24
0	138
1	154
0	41
3	10
8	167
18	3
2	16
1	9
7	17
11	98
2	3
0	22
2	73
0	99
0	49
0	157
0	709
0	588
0	680
0	7
0	22
0	13
0	202
0	25
0	77
0	67
0	41
0	65
0	11
0	65
0	36
13	31
0	31
3527	1290
3	521
172	1125
0	486
0	803
0	449
0	184
0	509
0	124
0	252
0	135
0	158
0	59
0	66
0	44
0	519
0	32
0	8
0	2
0	0
0	0
0	2
0	2
0	0
0	0
0	0
0	0
0	12
0	2
0	4
0	4
0	481
0	585
0	467
0	76
0	170
0	0
0	2
0	0
0	2
0	2
1	2
0	2
0	0
0	0
0	0
0	0
0	2
0	2
2	2
0	2
46	45
101	1092
209	1499
752	2180
149	2175
8	3004
98	2539
11	1970
208	2111
8	370
8	95
4	79
0	169
67	311
6	965
0	179
54	44
37	508
0	475
0	5
0	0
0	0
0	5
0	5
0	0
0	1
0	0
0	0
0	5
0	1
0	5
0	1
0	5
0	4
6	4
0	5
0	1501
0	3542
0	193
2	112
0	131
0	127
0	135
0	115
0	122
0	12
0	124
0	71
4	6
2	1
0	32
0	2
2	20
0	15
0	93
0	1
1	1
1	23
0	18
1	15
0	2
0	0
0	32
0	14
2	17
0	4
0	2
2	119
0	146
38	272
25	1804
109	1993
0	1824
0	11
4	1
3	436
1	126
16	8
39	17
2	176
0	6
8	3
18	120
3	154
21	764
0	118
0	11
0	18
0	11
0	5
2	11
1	21
0	14
1	35
0	35
0	16
0	13
0	0
0	1
0	4
0	0
0	30
179	2456
39	2599
116	2571
4	8
32	159
276	240
0	0
670	3041
54	2696
0	2878
5	1
11	14
8	5
4	466
9	2
1387	703
18	296
2	391
44	70
58	433
0	10
0	10
0	32
0	128
6	769
1	691
0	36
4	41
8	1
1	1
0	1
9	30
205	36
4	20
274	1690
0	1946
0	2312
0	601
7	63
3	141
10	60
0	351
10	349
4	3
0	153
4	54
4	100
0	77
0	386
18	609
1	439
0	230
0	356
3	209
2	412
3	220
5	236
0	279
0	58
2	210
5	34
5	3
0	2018
719	8949
7	7347
2	3613
2	3465
3	3766
4	4231
4	1920
16	1049
0	700
21	814
0	771
0	895
0	658
140	369
0	354
33	160
0	7
0	19
20	23662
0	9956
0	14868
0	11581
0	5850
0	3608
0	6352
0	3137
4	57
0	5456
0	8670
0	13
3	5864
0	11225
1	0
34	3340
21	3327
2	385
16	719
2	6
48	7
2	366
8	58
2	215
36	79
9	14
18	107
21	43
7	193
4	58
10	404
20	57
0	154
10	103
0	3219
0	3289
111	1481
51	1978
0	8680
0	5719
0	3836
7	515
9	11
0	1709
5	5434
0	8485
0	5166
10	454
8	101
0	15
0	39
32	87
18	462
11	50
0	37
0	20
0	42
0	43
0	81
3	388
1	14
0	20
0	17
6	30
1	27
74	546
1	390
55	446
0	471
0	562
36	212
1	230
6	114
0	9
31	160
12	10
6	72
83	69
0	48
8	0
1221	1231
19	417
6	153
0	373
9	490
6	289
1	186
10	152
4	257
1	247
8	112
1	0
24	395
3	1970
2	17
5	0
7	64
9	46
8	78
0	48
0	63
0	17
0	106
6	388
2	330
30	1926
22	549
12	4
5	549
0	507
0	3
14	530
5	549
6	538
7	3
2	30
18	484
0	26
0	9
0	87
7	223
0	256
99	643
4	497
0	0
2	6012
18	6572
540	4033
8	36
14	506
1	79
4	752
1	262
8	335
0	114
2	317
8	272
1	236
0	146
17	123
3	36
2	17
24	14
5	126
9	11
0	3
3	1
0	0
0	7
0	49
0	327
0	46
0	664
0	4449
0	4266
0	4688
0	86
0	391
0	2190
0	155
0	233
0	302
0	307
0	198
0	1928
0	150
0	129
0	608
0	212
0	610
0	417
0	586
0	874
0	26
0	232
0	33
0	267
0	91
0	29
0	255
0	4474
0	3571
0	5083
27	5083
12	5015
0	5018
4	5018
69	4919
39	4385
1	4261
23	3802
2	114
5	15
24	74
8	18
5	278
2	275
10	16
0	355
12	51
3	1
2	318
20	250
15	241
0	211
334	623
0	294
1	34
8	306
71	143
5	249
4	153
3	36
0	315
0	208
45	66
156	33663
7315	34205
0	34141
173	34094
101	809
89	17662
258	15207
0	2
0	2
0	2
0	4
0	35
0	2
0	0
0	1
0	0
0	5
0	5
1	13
0	5
0	3
4	14
0	0
0	5
0	3
28	121
1815	1090
7	692
26	1079
0	0
0	23
0	0
0	0
0	0
0	0
0	0
0	0
0	23
21	19
0	4
0	45
1	18
0	45
0	0
0	0
0	0
0	0
0	0
2	1
0	1
166	104
0	101
47	0
6	1075
0	909
2	876
2	43
11	1197
9	142
0	1222
28	2
6	0
0	541
23	286
0	134
0	35
0	109
0	104
0	4
0	5
0	3
0	78
0	20
2	54
0	4
0	1
0	5
0	18
0	21
1146	213
15	213
0	0
0	0
0	0
64	1340
2	1371
25	436
50	158
0	259
90	66
0	30
0	39
0	39
0	42
16	43
0	28
0	32
0	28
0	0
0	0
0	0
6167	0
11	8
25	32
0	24
0	0
0	4
1	7
0	1
17	0
0	8
0	0
0	0
0	3
0	9
288	3
1	3
16	518
2	520
2	496
0	253
0	88
5	54
0	41
0	55
1	67
0	65
0	64
9	52
2	9
0	5
0	18
0	5
23	8
1	8
0	0
28	0
0	514
0	3
0	1
0	3
0	3
0	3
0	3
16	1182
62	1182
14	989
5	265
7	7
8	12
10	37
1	87
0	87
0	7
0	3
0	1
2	7
17	399
31	904
4	495
0	417
1	855
21	102
0	25
0	76
0	0
0	0
0	0
0	0
0	0
0	0
0	0
0	0
0	0
0	0
0	6
0	5
0	3
0	0
0	0
341	855
0	26
43	829
7	18
23	32
2813	689
30	264
0	617
0	35
0	35
0	8
0	20
0	17
0	110
0	38
0	5
0	2
0	63
0	3
11	73
54	920
1	53
0	287
4	120
0	144
0	565
13	26
0	840
0	871
1	60
2	112
6	950
512	0
4	0
2	45
10	42
9	89
0	37
1	24
0	1966
0	718
0	107
160	9
10	44
7	1623
0	14
1	21
0	13
0	2
29	197
19	185
5	33
19	94
3	0
3	20
2	3
64	145
4	100
2	128
11	54
10	51
13	66
4	41
0	4
4	74
21	73
8	467
1	85
16	210
0	66
3	118
6	45
3	127
0	374
0	402
1	329
0	485
0	429
0	463
0	332
0	313
0	305
0	83
0	284
0	18
0	101
0	30
0	20
0	452
0	535
0	0
0	0
0	6
0	6
0	5
610	1343
3	1364
8	1471
0	1460
1	1385
0	1499
0	1425
5	1381
0	1396
0	1327
30	239
0	888
7	131
17	190
39	98
6	52
3	29
4	6
5	19
0	19
0	30
2	31
4	77
274	2310
17	746
103	699
40	1987
48	1954
12	17
0	7
1	738
1	111
1	63
3	1580
19	318
6	541
0	542
2	78
0	32
7	197
1	202
16	56
0	2166
92	12968
188	6001
8	7210
301	134
185	6351
410	8907
254	545
2	668
2	107
1591	1000
72	534
88	695
3	114
1	106
6	885
0	0
37	0
0	2
0	61
0	455
0	0
0	0
0	0
0	0
1	29
29	87
3	45
6	318
0	70
34	2
0	326
0	222
0	33
0	148
0	90
0	92
0	6
0	187
0	20
0	139
0	41
36	0
0	0
0	0
0	0
0	0
0	0
0	0
0	0
0	0
0	0
0	0
0	0
1634	3695
1	3690
39	79
184	923
0	25
0	545
0	8
0	28
0	512
0	57
0	141
0	5
0	23
0	14
0	0
0	0
0	0
0	3
0	5
0	5
0	5
0	0
0	5
0	5
0	5
0	5
0	5
0	5
0	0
4	21
0	5
0	0
0	0
0	0
0	0
0	0
0	0
0	0
0	0
0	2
0	0
0	0
0	0
0	0
0	0
0	0
0	0
0	2
0	0
0	0
0	0
1	0
0	1
0	0
0	0
0	0
0	0
0	0
0	0
0	0
0	0
0	0
0	0
0	0
0	0
0	0
0	0
0	0
0	0
0	0
0	0
10	15
0	0
0	0
0	0
0	0
0	0
0	0
0	0
0	0
0	0
0	0
0	0
0	0
0	0
0	0
0	0
0	0
0	0
0	0
0	0
0	0
0	0
0	0
0	0
0	0
0	0
0	0
0	0
0	0
0	0
0	0
0	0
0	0
0	0
0	0
0	0
0	2
0	0
0	0
0	0
0	0
0	0
0	0
0	0
0	0
0	0
0	1
0	0
0	0
0	0
0	0
0	0
0	0
0	0
0	0
0	0
0	0
0	0
0	0
0	0
0	0
0	0
0	0
0	0
9	26
0	0
0	0
0	0
0	2
0	0
0	2
0	1
0	0
0	0
0	0
0	0
0	0
0	0
0	0
0	0
0	0
0	0
0	3
0	0
0	0
0	0
0	0
0	0
0	0
1	3
0	0
0	0
0	0
0	0
0	0
0	0
0	0
0	0
0	0
0	0
0	0
0	0
0	0
0	0
0	0
0	0
0	0
0	0
0	2
0	0
0	0
0	2
0	1
0	0
0	0
0	1
0	0
0	0
0	2
0	2
0	0
0	0
0	117
0	117
0	117
0	0
0	0
19	1
0	2
0	0
0	0
0	0
18	8
0	0
0	0
0	0
0	0
0	0
0	0
0	0
0	0
0	0
0	0
0	0
4	1065
0	592
1955	21991
0	2
8	0
0	109
0	151
0	0
0	240
0	563
0	20
0	238
0	392
0	21954
10	2014
13	500
64	18923
9	1120
0	1279
2	18538
4	1293
89	143
78	15361
8	1103
13	114
12	674
38	770
0	0
0	0
78	524
78	384
4	265
74	330
33	277
38	58
157	5353
50	70
8	50
3	37
6	91
127	5440
12	11
10	46
12	1
3	102
17	179
3	29
27	436
0	4
0	1
0	0
0	1
0	0
0	0
0	1
2	1
0	1
0	0
5	3
0	13
0	12
0	12
0	13
0	9
0	69
0	62
0	93
0	101
0	103
0	14
0	4
0	14
0	19
0	0
0	0
1	2256
362	755
19	2098
9	625
206	653
0	1132
11	735
0	618
38	539
0	947
0	515
38	1983
12	545
2	0
0	0
0	0
0	0
0	0
0	0
0	0
424	1678
16	374
42	1497
14	343
1	434
0	331
10	3
0	203
0	47
0	47
0	47
0	42
0	0
0	0
0	0
0	0
0	42
0	0
0	0
0	0
0	0
0	0
2	1
0	0
19	55
0	0
0	0
0	41
2	41
3	44
0	0
0	0
0	29
0	0
0	40
0	0
0	12
1	3
16	39
10	12
0	0
0	2
0	47
34	3198
20	3679
6	978
8	29
0	562
295	41
37	6
11	12
1	31
67	9
800	4752
16	781
43	1234
0	1555
10	17
21	78
18	282
0	4730
0	0
0	4
0	11
0	0
0	144
0	0
0	0
0	0
0	0
0	0
0	0
0	0
0	0
0	75
0	74
0	75
0	76
0	73
0	82
0	0
0	0
0	0
0	2
0	0
0	0
0	0
8	14
0	0
0	0
105	6
120	37
70	1
809	211
0	129
3	114
0	21
0	0
0	0
13	913
0	295
0	694
1	377
5	340
8	171
6	431
1	380
2	358
4	43
0	0
6	234
0	170
5	0
14	206
35	1037
5	990
5	937
5	13
1	0
0	0
0	0
0	0
0	0
0	14
0	14
0	14
0	0
0	0
0	14
15	76
0	72
0	56
2	10
0	0
0	3
0	12
0	10
0	6
0	1
0	4
0	4
0	2
0	2
1	0
0	0
0	0
2	1
6	5
122	620
90	353
32	9
18	535
11	406
3	218
0	79
1	142
0	132
5	157
0	82
15	77
2	62
568	259
3	108
7	15
20	8
15	1
4	149
497	147
1	124
66	107
9	0
1184	0
1	0
1	0
0	22
0	0
0	2
0	0
0	0
0	2
0	0
0	2
0	22
0	18
2133	5036
0	4874
23	411
134	4995
660	0
0	0
0	2
0	13
5	4
0	7
0	7
0	0
0	10
0	8
0	10
0	9
0	5
1	8
0	6
0	9
0	8
0	8
0	8
0	8
0	3
0	8
0	9
5	11
0	9
0	8
1	8
0	0
0	1
70	8
0	27
0	30
1	30
4	31
0	34
1	27
16	4168
161	14109
105	3018
9	14097
4	1324
51	353
33	379
50	764
200	2486
272	2761
172	1509
3	321
58	64
0	0
11	187
243	234
25	65
2	88
0	205
1	281
5	238
15	267
1	52
0	15
0	16
2	23
0	10
0	3
5	203
129	83
196	5800
40	5745
45	74
62	435
18	1926
3	237
23	262
23	950
1	242
6	315
78	798
0	0
38	9
698	188
8	9
1	115
12	156
1	995
1	1049
74	1112
3	168
1	225
1	61
0	1
0	1093
0	1220
0	0
0	0
0	0
0	0
0	0
4	16
2	0
1	1808
31	9922
138	4798
24	1909
0	458
2	181
0	1930
0	289
12	2225
0	106
0	358
82	1740
0	0
0	1003
0	1091
14	696
5	1025
0	108
17	377
4	29
0	186
65	1232
0	5
0	557
0	266
1	559
6	19
43	142
0	568
46	1069
0	1135
0	165
1	754
1	1150
0	17
7	942
0	279
4	118
11	82
16	28
3	1135
6	318
36	45
0	54
13	16
0	322
1	296
0	310
296	8881
0	0
0	0
0	0
12	128
0	0
16	75
74	17
63	120
33	0
0	0
0	0
0	0
0	0
0	0
0	0
193	52
9	41
9	27
13	2
0	122
0	124
0	25
0	292
0	27
0	25
774	4223
0	2571
7	29
10	3
0	941
28	10
1	191
0	109
9	4056
86	199
343	474
2	15
4	60
10	4
0	13
11	4
2	27
6	224
3	38
6	22
7	38
2	58
5	37
1	28
0	208
0	7
0	703
0	140
0	665
0	651
0	573
0	29
0	70
2	102
0	19
0	5
0	3
0	1
0	5
0	6
0	648
888	4652
28	3243
2	3972
20	154
0	2790
8	2400
4	2702
15	1982
9	207
3	434
1	298
1	202
4	69
12	62
0	0
12	670
8	16
6	719
157	800
6	35
5	22
0	8
0	7
7	12
1	10
2	3
0	3
0	0
36	379
0	4
0	0
0	0
0	0
71	1760
45	21
4	5
4	1760
351	1098
73	913
0	99
5	348
3	44
0	11
0	29
9	134
3	141
547	585
17	483
11	149
0	491
44	55
0	1
1	73
0	67
0	1877
530	2372
79	1440
1	100
0	21
22	657
1	315
0	32
0	81
1	99
0	12
0	139
0	112
4	16
34	657
5	221
3	520
0	564
0	621
0	652
0	544
0	448
0	548
0	546
0	82
0	2
41	138
30	53
0	0
0	0
3	0
2	230
89	681
0	5
0	11
13	565
0	57
1	346
30	58
2	38
7	65
30	64
4	21
0	55
4	611
2	29
1	29
4	1
6	55
1	69
2	277
1	65
0	3
0	36
0	0
0	0
0	0
0	36
0	8
0	0
0	1
0	0
0	0
0	0
0	0
276	889
32	373
19	768
52	386
20	144
8	153
56	124
588	1502
6	526
5	13
1	1002
14	405
74	988
1584	228
1	12
0	211
18	860
0	0
0	1937
0	1937
0	1937
0	1887
0	21
0	20
0	302
0	225
0	44
0	13
0	0
0	0
0	0
0	0
0	3
0	0
3	72
1	120
0	88
0	48
2	94
1	31
27	20
0	5
1	3
7	53
0	66
0	17
2125	126
63	56
206	99
151	1034
0	13
3	10
0	10
0	7
10	78
35	61
0	29
1	3
0	4
0	1
1	1
1	0
0	1
1	1
0	29
0	88
101	396
8	67
7	0
0	396
57	2604
7	486
0	2404
11	22
4	0
13	1429
3	1110
0	937
1	680
4	989
3	35
1	7
7	1
1	1
0	28
680	3495
8	14
0	2539
13	2923
7	2871
0	2728
0	383
5	385
1	490
28	265
5	83
7	126
14	137
0	437
16	41
0	1
14	27
7	25
14	34
0	0
1	28
0	37
0	30
0	43
2	25
4	23
936	233
19	6
0	184
7	140
0	0
4050	6904
15	1377
41	2966
0	526
6	175
5	649
2	463
33	3493
0	553
0	295
7	3
1	471
112	504
8	324
54	24
0	0
1	4
0	0
8	13
0	0
0	1042
8	46
0	855
30	1016
6	4
5	14
71	142
5	823
0	289
4	10
2	175
12	259
18	129
2	2320
0	3044
40	1899
8	2272
0	2200
5	1798
1	208
3	69
2	61
11	1
96	28
9	181
2	26
8	19
10	0
0	2
0	0
0	0
0	122
12	136
1	44
0	3
0	4
1	1
0	9
0	1
6	13
0	123
0	68
0	50
0	5
0	49
0	32
0	38
0	0
0	2
0	15
0	656
0	698
0	650
0	332
0	15
0	41
0	308
0	18
0	9
0	153
0	30
0	75
0	24
0	26
0	58
0	45
0	31
0	677
0	16
0	75
2	1512
0	68
6	1984
0	1983
9	57
2	1717
15	1884
0	75
0	23
2	654
16	19
1	1896
0	1950
60	1708
0	1899
1772	624
0	655
0	655
0	655
0	142
6	1
0	171
9	493
0	326
47	168
0	474
0	290
1	362
12	0
152	273
40	252
0	0
0	65
0	0
0	0
0	0
0	0
0	0
1361	522
18	13
3	291
3	487
4	192
0	2
1	0
0	0
0	5
16	1455
15	0
0	0
23	46
13	34
0	49
241	203
17	176
4	27
0	24
1	43
1	18
0	1
0	2
333	1835
0	1773
2	1750
0	1535
0	944
17	7
32	4
4	7
0	31
24	5
20	12
13	495
0	96
23	208
165	4054
949	1359
233	2063
716	147
1	18762
6424	18767
164	3066
250	5007
37	5940
20	1143
5	137
43	97
13	6
0	18622
0	646
0	0
0	0
0	0
17	0
1	2
0	17
0	0
0	39
0	39
0	0
0	66
0	104
93	225
0	150
29	279
99	309
0	227
1	105
42	107
15	45
32	5
3	8
1	1406
6	1525
83	972
0	876
7	93
21	187
1	53
3	94
13	75
16	86
0	1267
0	0
0	0
0	0
0	0
0	0
0	0
0	0
3	11
25408	5317
4	1446
4	1440
34	554
4	213
18	11
19	516
14	171
16	777
10	1715
9	266
0	0
4	106
0	46
10	10
13	38
37	29
0	0
0	15
0	25
0	11
12	22
28	11
0	57
685	1118
0	630
92	780
62	3
277	470
4	35
7	8
26	9
552	121
1	118
6	93
5	0
7	3
1435	9983
12	3806
0	383
69	5456
12	21
80	4357
21	9
0	0
0	3
0	1
0	0
0	0
0	3
9	14009
0	5311
4	1038
0	14008
8338	5004
57	24
52	3991
0	69
0	212
0	191
0	145
0	6
2	1
2	9
0	93
1	20
0	197
0	205
143	893
8	868
27	1
6	784
24	0
4	55
11	51
118	575
213	223
0	251
0	57
9	144
132	349
50	142
55	538
4	472
5	38
22	584
2	20
9	185
0	65
0	31
14	38
0	21
0	21
0	49
0	49
0	29
0	16
0	1
0	0
0	0
0	0
593	621
11	46
25	0
3	201
3	602
29	63
1	14
113	145
0	111
0	149
0	4
0	3
0	0
1	10
1	209
6	19
0	56
2	19
0	23
0	4
60	99
1	0
0	1
1	140
0	0
2	18
0	169
0	0
0	21
0	21
585	647
89	366
2	17
1	647
94	652
0	22
0	25
3	10
1	4
3	40
9	17
4	165
1	40
8	18
20	578
7	3
257	0
24	391
0	359
0	341
14	35
1	357
0	21
0	10
8	0
0	29
0	29
0	10
8	22
0	9
0	10
0	9
0	0
0	2
0	4
1	2
0	0
0	1
0	1
0	1
0	0
0	1
0	0
14	44
0	0
9	22
0	0
0	0
0	0
0	0
0	0
0	0
0	0
3	5
0	542
0	1020
157	1404
3	17
48	975
2	147
22	593
15	355
23	532
3	517
4	500
11	511
18	0
6	494
28	406
0	0
132	63
2	358
22	315
13	276
7	141
9	59
32	17
4	17
1	100
12	33
10	90
2	3
1	4
0	7
4	0
0	0
0	0
62	107
38	48
6	49
6	711
87	2909
1600	2918
8	2138
8	1467
0	12
5	239
0	238
2	220
2	195
0	115
2	61
1	66
0	11
1	44
0	20
1	43
0	38
0	54
0	27
21	15
0	242
0	240
0	62
7	54
1	62
0	62
2	45
28	909
0	399
3	284
685	3362
11	1226
0	402
15	904
6	599
0	145
11	317
0	125
6	483
1	611
0	335
0	217
0	4
0	0
0	0
0	0
0	0
0	0
2	9
1	71
108	237
37	392
144	232
5	98
2	389
12	31
2	19
0	14
0	12
2	53
9	24
4	1
0	3
0	0
310	25
3	19
389	11477
3	1024
46	68
40	1168
0	1065
6	11481
285	26
2	12
2	23
6	7
0	2
0	2
0	2
0	2
0	1
0	1
0	0
0	0
24	2203
51	6867
0	7216
6	1591
0	70
37	890
0	200
25	2527
21	596
0	566
14	14
0	11
4	7080
0	1929
0	4
0	4
0	4
0	0
0	0
0	0
0	4
0	0
25	38
0	0
0	0
0	0
193	0
229	1160
1962	1160
0	0
0	0
0	0
0	0
0	0
0	0
0	0
0	0
0	0
0	0
0	0
0	0
0	0
5	9
0	0
4	374
0	735
1	67
1409	2813
1	206
11	32
25	244
9	79
1	751
43	2757
1	51
3	97
13	269
0	162
0	580
1	10
2	342
1	130
0	228
140	332
2	330
0	438
0	359
135	2273
0	0
5	2
2	8
17	56
4	23
40	4
16	145
681	6370
39	5754
71	5547
45	1239
9	7
0	1477
0	1328
0	968
0	47
0	1
0	249
0	7
46	830
16	806
8	647
5	437
15	447
43	488
4	201
10	223
28	137
102	202
2	73
29	109
15	57
257	135
0	61
108	50
27	18
87	2
12	285
1	280
31	384
12	573
6	759
63	1865
8	1715
5	418
40	110
4	11
85	115
12	394
0	49
2	89
4	18
1	90
1	16
0	66
15	9
0	4
43	12
0	127
0	333
0	776
0	985
0	980
0	1013
0	159
0	80
0	45
0	2
0	0
0	11
1	91
0	29
45	3359
1	3146
4	600
0	3260
5	15
0	25
0	742
2	99
3	23
0	65
18	20
0	44
0	55
0	1
0	1
0	0
0	0
0	0
0	8
0	7
0	8
86	1802
95	1472
0	967
3	363
1	158
4	133
2	80
5	21
0	237
3	245
4	58
0	22
2	108
40	40
49	47
6	8
0	0
0	41
0	41
0	50
0	38
0	6
0	33
5	7
2	2
0	0
0	48
0	3112
38	2712
1	1058
1	1571
0	210
3	296
7	150
1	965
0	1185
6	447
6	370
11	225
36	131
6	58
0	33
10	233
5	61
8	61
0	1
0	415
220	416
0	422
0	422
7	21
0	98
15	22
19	52
16	918
275	2091
1	124
17	21
6	3
1	318
3	79
8	17
25	29
43	1121
0	5
2	5
9	115
319	119
5	4
29	0
2	0
0	4
0	0
0	0
0	0
0	0
0	0
0	0
60	8
32	397
2	377
5	467
119	32
163	305
0	106
0	270
24	144
13	20
1	1
4	86
45	48
0	31
0	373
0	338
8	110
133	902
2	745
4	8
10	31
4	64
140	112
0	76
32	39
0	65
0	32
1	24
12	14
21	26
0	22
2	27
14	25
10	30
464	1055
11	430
0	709
4	354
1	17
22	68
13	22
0	118
1	25
2	21
0	3
3	1
0	35
3	300
1	0
0	4
2	0
0	0
0	0
6	4
0	33
0	33
0	33
0	33
0	33
0	20
0	20
4	23
0	20
0	19
0	22
0	19
0	17
0	16
0	16
0	25
0	9
0	7
0	11
5	11
0	14
0	11
0	11
0	11
0	13
0	11
0	11
0	19
0	11
9	14
0	10
0	10
0	11
0	11
0	9
0	30
0	11
0	11
0	7
0	12
0	10
0	11
0	4
0	21
0	14
0	12
0	29
0	15
0	10
0	11
0	14
0	11
0	11
0	6
0	9
0	10
0	13
0	7
0	12
0	9
0	9
3	8
0	9
0	3
0	10
0	12
0	13
0	10
0	12
0	9
0	2
0	1
0	1
0	0
0	0
0	1
0	0
0	0
0	10
0	0
0	0
0	2
0	0
0	0
0	1276
0	1082
0	128
457	183
6	2
8	3
6	11
0	6
0	0
1	3
4	38
8	13
0	0
0	0
0	110
0	125
13	96
6	121
0	18
0	17
36	26
1	0
5	0
2	144
9	407
37	2898
0	2914
23	423
1	2085
1	50
169	997
11	12
2	1880
28	911
0	170
5	159
0	255
2	90
2	59
0	165
0	364
4	1
60	54
0	13
5	1
0	1
1	1
7	1237
2	304
3	473
7	109
0	487
12	201
0	1365
0	0
0	0
11023	2427
11	475
10	30
12	100
24	1822
2	362
18	535
6	575
12	85
5	18
3	0
21	295
5	273
0	76
1	17
163	95
3	27
25	0
0	0
0	0
0	0
0	0
4	2
0	0
0	0
0	0
0	4044
29	2957
3	2868
0	2557
1	3983
0	0
0	15
0	5
0	5
0	1
0	1
0	0
0	28
8	89
0	61
0	2
0	1
0	9
0	9
0	3
0	3
0	89
0	89
73	975
0	768
4	841
6	511
6	531
0	1
1	206
5	57
1	0
0	0
1	13
0	13
0	13
0	12
4	13
0	8
0	8
0	2
0	0
0	0
0	0
0	0
0	0
0	0
0	0
0	0
0	0
0	0
0	1604
0	421
0	193
4	143
2	200
2	69
0	5
0	107
29	101
3	59
2	1704
0	1665
0	1051
0	1994
511	584
18	1759
32	520
0	83
17	95
56	867
0	4
0	24
1	2
0	0
0	0
0	0
3	0
0	0
0	0
0	0
0	20
0	20
0	0
1375	0
13	569
0	446
0	127
1	156
0	191
9	270
0	35
0	161
0	124
3	27
1	1
5	216
0	53
0	123
0	84
0	40
0	22
0	12
0	0
0	0
0	0
0	0
290	305
215	286
0	63
2	8
5155	79
9	28
8	0
0	0
0	0
0	0
0	3
0	2
0	0
0	1
5	155
0	695
0	860
27	0
0	0
0	0
0	0
0	0
0	0
20	2949
5	446
4	385
55	291
139	367
68	2661
38	49
1	336
9	2085
28	316
76	1482
19	106
169	100
0	0
78	4
0	1
0	0
0	0
0	0
2	29
0	17
0	17
0	0
75	1437
47	932
0	1391
5	216
3	314
7	22
0	405
14	385
1	119
2	76
2	66
0	12
4	1377
786	847
5	763
0	837
0	9
0	9
0	2
1	0
2	21
12	1664
0	1562
6	17
3	24
2	1690
7	1489
217	1645
10	275
0	119
10	290
1	34
0	463
3	58
54	1054
6	381
0	36
0	982
5	102
12	133
0	18
0	307
0	1445
0	222
930	4464
0	3700
7	1545
252	2088
35	593
18	1350
0	1227
14	1023
193	999
0	19
0	99
0	0
0	24
0	67
0	70
0	70
0	70
0	73
0	49
0	0
0	0
0	0
6	568
0	0
0	683
0	618
2	22
0	508
0	547
1	497
0	549
6	445
0	370
0	53
0	395
0	27
8	95
0	224
1	111
0	67
2	1
3	24
0	1
5	0
3	119
0	142
1	9
0	46
0	76
0	32
0	11
0	24
0	22
1	12
0	11
0	6
0	29
1	13
5	1
0	0
2	0
0	619
0	674
0	590
0	624
0	203
0	26
0	49
6	0
0	6
0	2
0	0
0	0
0	34
0	29
0	23
0	6
0	15
2	15
0	15
0	20
0	0
0	38
0	34
0	20
1	31
0	19
0	3
0	0
0	0
1	194
3	26
0	14
0	0
0	2
0	5
2	77
5	22
0	180
0	18
0	46
0	103
48	86
0	180
10	0
5	6
0	7
0	11
0	10
0	33
0	169
0	69
0	194
0	187
0	19
0	38
38	6
6	2
0	17
0	18
0	42
0	29
0	44
0	201
8	8
78	160
0	28
0	19
0	42
0	23
20	44
0	0
0	0
0	0
0	0
0	0
0	0
0	0
0	0
0	0
0	0
91	674
259	920
15	757
53	784
0	1059
8	903
2	203
0	116
8	80
0	87
19	314
151	324
7	143
12	221
0	0
8	0
0	116
0	116
0	200
54	1172
0	64
0	3
20	28
0	8
0	53
1	53
0	48
5	1
11	95
0	41
9	1
46	211
0	4
2	113
1	93
0	1195
0	0
476	85
10	85
0	8
1	142
1	1
0	3
0	196
0	1234
0	1125
9	171
1	1094
1	319
0	927
1	955
0	802
0	1099
0	767
3	4
0	919
0	771
0	797
10	1110
0	867
1	316
0	947
0	742
3	91
3	10
14	54
91	85
3	58
0	1092
1732	276
6	276
1	166
39	19
5	127
0	89
7	127
2	0
10	0
0	127
0	0
0	0
0	8
0	1
0	0
0	0
0	0
0	0
0	0
0	7
0	7
62	7697
12	6781
296	5313
69	5566
0	3343
41	913
0	6780
47	37
0	0
0	0
0	0
42	659
1	642
0	441
0	29
6	121
2	137
6	0
8	9
2	51
1	18
1	51
7	1580
18	832
0	165
0	321
0	26
7	1577
50	2020
39	2234
22	729
8	112
5	149
6	2092
5	2204
0	11
0	11
0	9
2	5
0	2
0	11
63	474
572	634
0	491
232	318
5	2
5	303
1	103
0	198
2	127
16	130
0	38
0	81
0	41
27	0
63	61
0	286
0	286
0	286
0	286
0	0
12	468
10	86
0	318
2	415
21	497
1	150
9	423
55	485
5	305
65	45
3	193
17	153
26	152
0	338
1	295
469	547
72	1
0	99
17	164
7	0
19	1629
8	320
58	1621
3	81
3	3
7	108
0	318
42	1619
20	157
0	0
0	65
0	0
0	0
0	0
0	0
0	0
10	184
90	502
0	1667
15	1000
5	83
16	219
11	6
6	196
11	6
6	1567
3	1331
10	5456
9	24
5	1
56	7501
4	5597
0	5349
0	0
0	15
153	4948
2	1
0	0
0	0
2	0
6	8
0	0
0	0
1	0
44	77
8	784
26	1133
6	5134
25	57
0	1002
0	2791
0	1301
0	142
0	104
32	0
173	14
216	2255
210	2085
1	7659
535	6082
34	149
41	9
9	129
2	1495
15	1075
8	4537
0	1213
5	104
0	5966
0	0
0	0
0	0
0	25
0	0
0	0
0	0
0	0
0	25
92	4106
51	4106
0	756
19	694
14	67
7	870
44	733
2	360
6	165
175	15
3	37
4	37
30	30
13	35
1	18
1738	307
15	61
0	246
2	189
19	117
25	1437
828	365
62	116
3	29
0	191
52	1
20	141
68	5
58	3
0	1153
0	1247
0	1564
0	1466
0	1434
0	1420
0	1662
0	1685
0	164
0	50
0	170
0	108
0	258
0	0
6	542
8	424
0	478
39	533
0	40
1	562
0	249
64	370
2	561
1540	0
0	0
0	22
0	24
0	24
0	22
0	24
0	24
0	24
0	24
0	24
0	27
0	27
0	0
0	2
0	24
0	740
0	94
8	739
0	288
2	14
2	288
5	656
0	755
0	231
1	459
2	288
1	17
8	65
1	288
0	279
0	27
0	20
0	13
0	0
0	8
1	5
0	1
0	0
1	0
1	0
0	0
7	1
0	8134
102	7482
0	7258
7	6693
15	7
75	1395
18	310
12	105
7	128
6	619
14	71
16	105
0	486
1	363
27	6606
0	34
0	34
0	0
1	31
13	30
0	20
4	4
7	1
1	29
5096	12489
10	1636
23	2364
207	1004
30	940
1	904
7	1332
8	11351
1	11067
3	327
3	372
0	300
1	37
5	0
0	4
4	0
0	0
0	0
18	48
0	0
0	0
0	0
0	0
0	0
9	34
0	0
0	0
0	0
0	0
0	0
0	0
0	0
0	0
0	0
0	0
0	0
0	0
0	0
0	0
0	24
0	0
0	5
0	0
0	111
0	0
0	0
0	0
0	0
0	0
0	226
6	77
0	79
53	25
38	25
1	48
4	6
0	0
1	0
0	0
0	9
0	7
0	4
0	4
0	3
0	3
0	3
0	1
0	1
0	1
0	1
0	1
0	8
0	6
8	95
38	709
8	598
11	1477
1	663
100	1216
72	12
83	576
69	23
0	215
10	108
10	363
0	63
1	230
12	321
7	329
2	19
0	312
5	0
1	0
0	1690
0	1649
30	671
21	620
2	610
0	337
0	21
10	11
0	27
2	53
0	0
9	35
7	10
1	1
6	3
0	10
0	0
0	109
5	244
0	267
2	257
0	30
1	12
0	258
0	263
84	3098
7	553
9	417
1	189
9	426
237	3881
0	422
9	3950
9	36
4	11
1	195
0	1
0	0
6	4
28	20
556	2548
4	1800
5	2547
0	407
6	414
1	411
0	87
5	242
0	65
0	17
29	118
0	150
18	30
4	194
0	126
0	146
0	209
165	1053
14	1053
22	419
0	297
0	292
0	218
24	0
0	36
1	205
1	164
44	204
14	12
117	4218
60	4218
2	742
10	579
5	22
3	22
0	1052
1244	0
3	0
0	0
0	90
12	35
0	35
4	31
0	35
6	15
0	1
0	1
0	0
0	0
0	0
0	0
0	1
0	0
0	0
0	0
0	0
0	0
31	1294
251	1176
9	1279
27	5
0	996
0	930
0	975
0	1165
0	1197
0	989
0	1204
0	1024
0	1198
0	1007
0	976
0	924
0	1002
0	1204
65	1371
0	1034
3	1010
0	976
0	1198
0	196
0	355
4	292
16	1100
0	852
0	5
2	419
5	1070
0	1080
23	172
14	574
5	351
0	24
0	0
0	0
0	5
0	0
0	692
161	417
4	54
0	10
0	42
0	21
4	234
9	199
20	7
0	0
0	0
0	0
0	0
0	0
0	0
0	0
457	153
0	152
5	104
7	75
7	35
11	8
1	4
0	4
0	0
2	0
0	0
0	903
0	1214
0	741
0	1213
0	4
0	79
0	463
0	615
0	655
0	131
0	52
0	15
0	14
0	66
0	50
0	54
0	42
0	34
0	16
0	3
0	1
0	49
0	82
0	53
0	50
0	64
0	93
0	4
0	15
0	25
0	0
0	0
5406	108486
1	108311
346	3185
69	7140
0	4995
0	0
62	1083
319	3854
387	29
139	2
32	0
185	0
93	0
0	21
0	1
11	1
4	21
2	1
701	6024
5	5678
0	2662
30	1482
9	283
9	1228
20	1319
11	742
25	5
1	515
38	411
22	4687
21	3313
8	3851
0	4373
77	3573
1	3412
4	4434
72	78
105	95
3	107
5	742
30	467
91	212
369	528
1	45
206	22
0	484
3	393
4	437
0	444
0	57
3	0
2	28
2	402
0	2
0	353
0	382
0	335
0	0
0	592
0	630
0	470
8	347
1	52
2	599
0	608
56	78
2	193
1	19
26	53
2	376
5	1
1	0
0	339
0	340
0	1
0	12
1	23
0	329
0	0
3	0
0	10
0	283
1	184
0	0
4	26
1	40
1	36
3	0
3	0
0	196
0	193
0	2
0	559
0	552
5	3174
10	3292
157	3313
28	2916
8	1121
44	566
0	1253
46	1252
0	0
0	0
0	0
15	188
2	179
0	24
3	0
1	5
1	41
0	18
6	198
54	308
4	248
29	355
2	209
1	303
34	117
10	138
60	30
6	2
1	0
0	0
0	0
0	0
0	0
0	0
0	0
0	0
0	0
0	0
0	0
0	0
0	0
0	0
0	0
0	34
0	0
0	0
0	179
0	79
0	81
38	589
59	588
0	45
0	30
0	22
10	3
0	33
0	40
8737	461
15	137
44	374
0	0
0	0
0	0
0	0
0	0
458	8187
88	8187
4	1026
11	292
5	1016
93	127
124	1213
10	989
173	1168
3	1104
3	1078
13	923
9	962
39	283
2	1217
0	781
0	687
0	25
0	0
2	150
1526	153
5	25
37	28
8	3
71	23
0	23
0	1
0	1
0	0
4	6
0	0
1397	179
1	176
0	0
0	0
0	0
0	0
0	225
8	182
30	48
2	50
0	191
4	73
1	76
1	186
14	316
0	255
0	58
15	263
1	20
5	34
4	58
4	26
0	45
0	51
0	26
0	49
3	45
0	25
1	45
0	91
2	41
1	84
8	92
3	28
3	26
7	36
0	89
1	105
1	226
0	151
0	39
1	4
7	5
8	1
125	322
0	257
9	265
3	12885
7	12979
88	209
116	216
208	1514
0	1420
38	248
4700	0
5	23
0	23
1	37
0	32
0	20
0	30
2	5
0	15
0	5
212	1356
6	931
4	773
13	943
12	1
27	79
56	1287
4	711
11	952
1	51
17	944
62	27
88	1098
20	1098
0	2
7	104
30	225
0	193
0	201
4	56
0	6
0	0
18	298
3	654
0	1068
0	1197
0	66
18	65
0	199
17	1
25	1
203	543
0	1
1	20
0	2
0	2
44	503
0	490
15	509
13	99
2	0
0	95
0	95
0	95
0	9
0	0
0	9
0	9
170	131
4	138
0	131
9	143
0	136
0	1
3	22
27	11
50	0
1181	1047
4	1132
0	493
9	668
5	147
4	5
0	445
0	335
0	380
0	303
0	29
0	9
0	166
0	245
0	4
0	89
0	47
0	135
0	71
0	17
0	172
0	40
0	34
0	61
0	63
0	27
0	63
0	14
0	33
0	50
0	33
0	74
0	43
0	40
0	39
0	25
0	6
0	9
0	0
0	0
0	0
18	2
1	0
1	133
0	108
1	6
0	133
1	88
0	97
3	7
0	61
25	37
5184	4495
9	3912
4	4011
54	6
0	126
6	649
5	2010
6	4
2	96
0	446
2	116
0	81
22	712
0	1595
12	3625
8	326
1	134
3	7
0	389
6	31
6	416
6	170
3	266
1	75
0	1
14	56
0	0
0	0
0	0
0	0
0	27
0	0
0	0
0	0
23	1511
28	541
30	967
9	150
0	19
47	268
13	370
20	133
58	111
6	97
0	1516
18	721
0	1
0	1
0	0
2	0
0	0
2	9
0	996
0	1032
0	1024
0	761
5	10
0	9
10	1831
3	783
0	85
4	17
0	68
2	0
0	3
3	66
0	9
3	27
2	5
3	1739
119	482
0	37
38	423
1	0
9	30
18	136
0	0
0	0
0	11
0	11
0	0
0	0
24	15
71	85
1	34
4	89
33	6
0	39
7	41
0	32
28	14
8	2
382	3084
0	2685
0	2753
0	2671
0	1710
0	1665
0	1204
13	479
10	975
38	962
40	6
0	535
45	592
0	329
1	110
0	310
2	236
23	513
41	164
0	21
1	26
0	2683
21	2208
274	2136
1	2091
23	1060
9	764
0	354
0	100
1	18
0	2093
1135	73
10	438
1	466
7	498
3	54
8	122
5	18
6	14
0	5
0	5
0	1
0	0
0	0
0	0
0	1
0	1
0	1
0	1
0	1
0	1
0	1
0	0
0	0
0	0
0	0
0	0
0	0
0	54
211	660
5	48
23	10
11	33
4	474
1	571
5	62
1	41
0	0
2	33
7	0
5	22
16	1
2	72
11	67
0	1
19	103
78	125
5	1194
0	238
7	329
54	440
3	61
0	285
11	199
2	378
15	340
80	290
0	285
0	1223
0	1611
0	1057
0	264
0	738
0	1105
42	32
0	1218
0	1219
0	424
0	750
0	678
0	0
0	0
0	1
0	3
0	2
1	0
0	0
0	0
0	0
0	1
0	3
0	3
0	0
0	0
0	0
0	0
0	3
0	0
0	0
0	0
0	0
0	0
0	0
0	0
0	0
0	0
0	0
0	0
0	0
0	0
0	0
0	0
0	0
0	0
51	596
10	365
43	3197
130	1
44	3195
11	176
127	57
47	73
13	360
0	0
0	0
0	0
0	0
0	0
84	1361
0	1310
2	247
1	126
3	238
0	20
11	146
4	298
1	117
3	181
0	164
1	320
22	239
16	168
1	166
11	58
0	53
0	92
0	180
0	1
0	60
0	1
0	151
0	150
0	127
0	35
1433	1331
0	483
0	0
14	470
0	98
10	134
13	271
0	116
265	180
0	95
40	27
1	55
0	3
0	64
0	8
0	10
55	41
2	0
0	0
0	13
0	0
0	0
0	0
0	0
0	0
0	0
0	0
0	0
0	0
0	0
0	0
0	0
0	0
0	0
0	0
0	359
6	1720
9	1648
2	354
2	1448
0	1163
4	1304
0	82
0	788
10	1270
0	1143
0	1153
71	228
16	602
0	691
2	1216
0	669
0	499
0	391
1	572
2	76
6	535
0	309
20	57
0	170
0	33
0	147
0	102
0	256
0	187
7	172
9	180
3	104
0	0
2	228
32	363
2	406
0	38
0	47
1	35
2	0
7	0
0	20
22	109
0	95
13	265
28	234
19	639
0	131
115	319
75	164
0	136
1	119
0	26
0	27
0	21
0	3
0	3
0	5
0	0
850	58
0	58
3	0
0	0
0	0
0	1264
5	22
0	0
36	863
4	11
2	33
38	718
0	0
19	796
0	21
15	344
1	1205
16	8
0	0
0	0
0	0
0	0
0	0
0	0
524	1724
33	1003
0	539
0	1136
0	1285
17	1225
3	1131
20	567
3	618
0	568
1	406
11	397
2	241
18	191
0	132
0	45
13	37
24	2
0	15
49	27
1	1333
0	0
0	0
0	0
0	0
0	1735
0	334
0	0
0	1
0	233
0	577
0	56
39	10
0	0
0	0
4	1327
2	31
0	110
3	936
25	103
70	470
0	695
0	141
5	90
0	71
14	444
0	456
0	439
4	1087
8	812
4	354
42	51
30	556
0	69
0	107
3	58
39	278
13	339
3	1
27	209
0	156
646	298
3	296
34	139
0	40
1	24
2	42
15	282
0	74
3	7
0	5
2	1
0	226
1	280
1	2
7	5
1	0
26	149
0	42
0	14
0	0
16	0
0	19
0	16
1	3
0	3
0	1
0	1
0	2
0	0
0	26
0	39
0	15
0	0
0	0
0	0
0	27
0	124
0	122
0	11
0	50
0	49
0	151
0	43
0	119
0	198
6	85
2	133
0	269
63	330
6	29
0	20
0	29
0	36
2	82
0	146
7	59
1	42
74	731
4	800
11	580
95	548
19	196
32	66
1	3
29	9
6	15
15	15
0	2
0	127
0	12
0	12
16	1
5	2
0	1
1	0
0	0
0	0
0	0
0	243
0	263
0	18
0	81
0	271
0	253
0	0
0	0
0	0
2399	229
1	229
10	421
2	1418
10	821
0	341
0	1408
0	1390
0	1342
1	39
3	8
0	206
0	38
0	40
0	44
15	1935
3	4083
9	82
93	610
3	2011
2	680
2	60
0	2422
206	904
10	88
8	202
1	40
0	521
213	504
0	3646
0	3663
0	0
0	0
0	0
1	253
7	192
2	222
26	504
0	520
0	110
1	178
0	1
0	7
33	54
18	0
0	2157
0	1960
0	4248
0	4248
0	4248
0	4897
0	3028
0	48
0	1261
0	6
0	1114
0	1095
0	2140
0	1038
0	455
0	416
0	312
0	18
0	9
0	0
0	0
0	6
1181	0
0	1092
0	19
0	8
0	0
0	0
0	0
0	0
0	0
0	0
0	0
0	0
0	191
0	130
2	47
18	560
53	560
0	0
0	0
0	0
0	0
0	0
291	199
11	209
32	2
0	0
0	359
0	364
0	334
0	329
0	343
0	101
0	128
0	122
0	32
0	56
0	14
3	13
0	13
0	0
1	1
0	133
3	72
154	119
22	64
1	13
4	42
12	23
5	93
1	65
0	0
0	0
2	133
0	27
0	27
0	0
0	1273
0	2786
0	178
0	596
0	14
1	0
1	0
0	0
2	0
0	2
64	5
0	12
0	14
95	3
1	3
9272	7
30	2218
5	291
10	391
8	765
3	26
0	496
2	18
3	220
12	1821
7	18151
0	395
0	1839
0	780
0	760
2	1955
0	14028
0	16495
0	0
0	0
0	0
0	0
13	535
152	552
35	558
30	536
0	533
1	7
4	1
119	38
0	1
0	7
192	2126
90	2126
27	13040
0	1219
24	1165
12	1004
3	617
125	9100
4	115
2	1296
24	671
0	13040
1550	1202
0	97
9	499
0	46
0	195
0	6
0	66
0	0
1	153
6	84
0	11
20	52
0	16
0	7
0	95
1	169
0	196
7	87
1	253
0	44
9	318
0	79
3	33
31	84
0	49
7	1
0	33
0	32
0	29
0	19
5	2
1	66
7	22
0	262
1	1
0	1
0	55
0	411
3	2307
8	726
6	243
6	15
25	0
2	81
0	185
5	290
0	136
5	78
0	1749
4037	0
296	2099
8	1608
3	1550
0	566
12	283
0	591
12	253
2	26
8	32
24	0
0	102
1	1997
1	87
0	7
0	6
0	422
0	104
9	98
0	424
49	1298
3	1064
14	1096
8	135
6	95
1	63
1	92
7	7
5	7
14	148
4	0
0	91
9	72
21	195
5	11
0	15
1	69
0	37
0	12
6	1
5	33
0	33
68	4489
164	260
0	4232
0	509
6	1229
0	4159
0	3223
0	99
10	11
34	729
240	2280
43	1050
25	8
22	180
8	8
30	39
10	15
15	49
0	45
747	1633
0	1242
20	1407
0	1057
0	727
0	1248
24	1475
0	431
28	143
19	265
0	4
0	0
0	0
0	0
67	6623
9	7446
1	4952
0	724
5	1262
7	3226
0	661
1	788
2	0
0	0
0	0
0	14
0	14
30	953
0	959
0	300
8	634
23	128
9	68
128	197
33	44
7	112
72	113
21	12
0	7
0	19
1477	1199
37	549
4	33
2	617
29	137
0	0
6	6
0	0
0	0
0	0
0	0
0	0
0	0
17	260
0	227
0	6
0	14
3	9
0	254
6	169
0	4
0	9
15	180
0	6
0	2
0	14
0	7
0	2
0	8
0	7
0	0
2	5
12	30
2	13
2	70
0	6
4	2
7	69
23	153
0	389
0	394
0	364
0	360
0	373
0	128
0	122
0	56
0	390
364	183
0	86
1	99
4	113
6	18
15	187
54	205
45	98
2	7
25	25
1	11
6	3
0	330
5	350
0	249
0	228
0	70
7	1194
5	2354
0	1834
0	1834
0	767
0	586
0	125
8	712
0	547
0	9
6	298
1	2132
0	1
1	0
0	0
1	0
0	0
14	11
0	2
0	0
0	0
0	0
0	1
0	0
0	0
0	0
0	0
5366	102
106	2157
0	2123
0	2329
0	2322
21	1103
24	215
0	171
0	50
0	28
0	1
20	247
17	251
7	336
0	338
15	8
0	1
0	25
0	5
0	1
0	25
0	0
0	0
0	0
0	0
0	0
7	18
0	0
0	0
0	0
0	0
0	0
0	0
0	0
0	0
0	0
0	0
0	0
0	0
0	0
0	0
0	0
4	384
337	822
114	642
18	586
3	89
18	172
20	199
0	0
0	0
0	0
0	0
0	0
0	0
0	0
0	0
0	0
0	0
0	0
0	0
41	1716
0	413
2	94
8	327
0	335
9	665
0	1516
0	1331
0	173
29	33
0	507
5	213
0	230
11	225
21	76
33	36
0	6
0	5292
0	2124
0	1246
16	2229
0	1549
0	1572
3	640
0	486
0	894
0	0
0	1366
3	6
70	30
0	1
0	6
2103	122
1	545
19	867
0	900
0	938
53	14
7	164
0	62
0	88
4	127
0	46
1	127
2	771
37	189
143	389
19	516
5	386
26	392
11	1206
18	408
0	279
0	849
0	345
4	230
23	610
11	163
68	3797
0	31
103	3383
28	3937
2	39
2	593
16	148
6	66
2	114
0	1021
134	765
0	5
0	16
0	16
0	16
0	0
0	0
3	13
1	10
5	12
0	0
0	0
0	0
0	0
0	0
725	214
20	220
36	404
0	501
2	501
0	501
31	450
0	470
50	108
1	48
0	12
0	12
0	8
0	4
0	1
0	0
0	2
0	2
0	3
1	1
0	1
0	0
0	0
5	109
6	97
10	128
2	87
15	74
9	52
0	27
3	11
5	2
3	16
15	10
0	7
0	0
2	0
0	46
1	23
0	22
14	10
0	45
0	23
3	39
34	20
0	0
0	1
0	2
0	3
1	4
10	2
0	38
69	95
5	93
2	0
0	1223
0	1611
0	1057
0	264
0	738
0	16
0	1218
0	1219
0	191
0	0
0	0
0	0
0	1
0	0
1	8
0	16
0	26
0	22
1	22
1	0
0	17
9	192
2	19
0	27
0	19
1	7
0	0
0	7
3	141
0	148
30	1689
5	1456
20	1324
1	162
4	166
19	5
28	42
11	11
3	39
25	40
9	115
30	0
0	0
0	0
0	0
0	0
0	6
0	0
0	0
0	0
0	0
0	0
0	0
0	0
0	0
0	0
0	0
0	0
0	0
0	0
0	0
0	0
1	0
0	0
0	0
0	0
0	0
0	0
0	6
0	6
0	0
0	6
3	21
0	8
0	8
0	11
0	11
0	21
0	11
27	7
0	21
0	8
0	10
0	0
2	17
1	10
0	0
0	0
0	1
1	0
0	0
0	1
0	5
0	0
6	17
0	4
42	43
0	341
0	1
0	4
0	42
0	5
0	13
0	23
0	1
0	31
0	37
0	29
0	1
0	0
0	292
0	1
0	0
0	7
6104	218
10	137
4	10
10	10
0	0
0	0
0	0
0	0
0	0
0	0
0	0
0	0
0	0
0	0
1	13
4	0
0	0
0	5
0	5
0	0
0	0
0	0
1	0
0	0
0	0
0	0
0	5
0	5
0	0
0	0
0	2
0	0
20	15
0	3
0	5
0	5
0	3
0	5
1	301
1	845
25	694
0	420
0	47
0	54
0	42
0	144
2	4
0	11
2	32
3	32
0	28
0	790
0	783
0	403
2	334
43	60
0	57
0	7
6	14
2	16
0	0
0	0
0	0
0	0
0	0
0	0
0	0
0	0
0	0
0	0
0	0
0	0
0	0
0	0
0	12659
0	2391
52	216
36	1196
13	1015
3	36
11	29
10	532
0	38
0	29
0	38
2	32
5	17
0	434
0	723
4	2720
0	2589
1	2577
6	2729
0	2897
12	2847
0	647
38	146
2	368
5	27
100	542
16	820
0	684
13	16
0	322
0	59
14	273
3	233
4	128
17	15
28	5
0	1810
0	2624
818	51
1	0
12	1
76	71
20	9
0	0
3	0
12	0
0	84
0	50
2	56
0	17
1	4
0	4
1	10
1	2
0	7
0	13
0	1
0	0
0	0
2	1
2	76
0	1730
41	413
16	251
1	324
1	526
101	2381
359	3230
0	984
31	17
3	1042
0	930
33	1770
0	951
10	900
0	2082
0	2117
10	1111
14	826
10	126
3	207
1	2117
0	157
0	748
0	437
0	330
0	431
0	431
0	430
0	370
0	375
0	391
0	532
0	66
0	0
0	3
0	17
0	1
0	1
0	1
0	0
6	0
0	0
0	0
0	0
0	0
0	11
0	1
0	1
0	325
0	83
34	325
9	109
197	5
6	5
0	142
0	101
64	657
2	13
0	209
2	103
17	516
47	260
0	603
0	1
0	1
0	0
0	0
0	0
2	1
1	271
0	229
0	245
35	0
164	4379
11624	7466
3	4908
9	2212
28	2122
26	1967
7	692
93	225
4	49
0	31
2	51
1	30
0	38
2	19
0	26
0	26
1	7
3	4
0	155
9	0
0	187
0	144
0	25
0	53
0	62
0	0
14	177
0	80
0	47
0	5
253	0
7	172
0	254
34	178
14	187
143	89
0	231
8	12
10	139
0	1205
0	281
0	130
0	4985
0	5885
0	4347
2	2016
9	692
7	340
0	233
2	143
16	51
3	75
0	191
0	2361
0	1461
0	4
0	4
0	76
0	33
0	56
147	840
0	1408
0	1586
0	0
0	0
0	0
0	0
53	254
0	1350
0	1142
0	718
0	511
0	78
0	38
0	1408
0	1586
0	0
0	74
0	71
0	0
0	4
0	1337
0	737
0	1308
0	0
0	343
0	0
0	0
0	888
0	683
0	604
0	0
0	0
0	0
0	0
0	0
0	0
0	0
0	0
0	0
0	0
0	0
0	0
0	0
0	74
0	71
0	549
0	0
0	0
0	0
0	251
0	256
0	144
1	33
22	0
0	0
0	0
0	0
0	0
284	4179
0	328
5	438
0	377
0	176
68	13
0	0
0	0
0	0
0	0
0	569
574	0
0	29
0	180
123	281
0	888
0	683
0	604
0	13794
0	7336
0	0
0	0
0	0
0	0
0	1408
0	1586
0	0
0	0
0	25
0	0
0	0
0	180
21	790
0	0
0	0
0	25
0	0
0	0
0	29
0	180
0	0
0	0
0	0
0	0
0	0
0	0
0	112
0	0
0	0
128	0
0	0
0	0
0	888
0	683
0	604
0	113
0	113
0	44
0	44
0	2156
0	274
0	1898
0	1581
0	104
0	1865
0	104
0	1049
0	1691
0	25
0	1433
0	16
0	72
0	15
0	16
0	31
0	13
0	107
0	1922
0	1418
0	45
0	138
0	59
0	62
0	120
0	83
0	103
0	0
0	50
0	50
0	0
0	0
0	50
0	0
0	0
0	0
0	0
0	0
0	64
0	8
0	235
0	412
0	317
0	230
0	510
0	382
0	54
0	62
0	51
0	364
0	50
0	0
0	0
0	0
0	0
0	27
0	27
0	0
0	0
0	0
0	131
0	1923
0	2331
0	2198
0	872
0	1512
0	456
0	955
0	237
0	445
0	702
0	1
0	3
0	0
0	2
0	0
0	0
0	119
0	25
0	2
0	970
0	1045
0	134
0	381
0	85
0	21
0	44
0	92
0	2
0	0
0	2
0	2
0	29
0	14
0	0
0	0
0	0
0	0
0	4
0	10918
0	887
0	5192
0	19432
0	17758
0	6696
0	3812
0	2337
0	22
0	1558
0	0
0	38
0	0
0	0
0	0
0	0
0	0
0	0
0	0
0	0
0	0
0	0
0	0
0	3
0	21
0	1385
0	983
0	130
0	887
0	1251
0	127
0	1332
0	207
0	1240
0	155
0	1255
0	1247
0	81
0	27
0	90
0	29
0	126
0	0
0	124
0	0
0	0
0	41
0	0
0	0
0	41
0	0
0	0
0	0
0	128
0	0
0	0
0	0
0	0
0	6722
0	129
0	144
0	262
0	54
0	6573
0	181
0	2418
0	643
0	5175
0	160
0	37
0	10
0	3
0	91
0	3060
0	4
0	1368
0	2322
0	2799
0	2554
0	856
0	121
0	107
0	964
0	28
0	708
0	593
0	111
0	111
0	59
0	59
0	0
0	0
0	0
0	0
0	0
0	0
0	0
0	0
0	0
0	0
0	0
0	0
0	0
0	0
0	0
0	0
0	11
0	11
0	2
0	6
0	4
0	2
0	35
0	1
0	0
0	5
0	1
0	3
0	2
0	3
0	0
0	9
0	3767
0	2972
0	70
0	1976
0	81
0	38
0	75
0	188
0	13
0	9
0	0
0	39
0	276
0	23
0	23
0	3426
0	2107
0	73
0	200
0	144
0	31
0	7
0	7
0	46
0	46
0	0
0	0
0	193
0	202
0	185
0	133
0	161
0	22
0	34
0	53
0	2213
0	4678
0	1424
0	1707
0	2533
0	3312
0	2858
0	1881
0	1945
0	1727
0	1430
0	2616
0	2132
0	1897
0	2079
0	1269
0	64
0	47
0	48
0	49
0	36
0	43
0	352
0	513
0	30
0	22
0	212
0	211
0	72
0	5
0	14
0	12
0	7
0	1007
0	333
0	470
0	417
0	452
0	230
0	98
0	43
0	123
0	99
0	71
0	37
0	37
0	1795
0	1847
0	1934
0	459
0	48
0	30
0	550
0	243
0	487
0	539
0	500
0	280
0	330
0	252
0	177
0	11
0	172
0	548
0	39
0	547
0	256
0	433
0	586
0	152
0	369
0	238
0	355
0	267
0	269
0	291
0	247
0	519
0	16
0	110
0	138
0	122
0	185
0	261
0	81
0	79
0	20
0	171
0	70
0	117
0	92
0	90
0	1
0	0
0	0
0	0
0	222
0	33
0	148
0	90
0	92
0	6
0	187
0	20
0	139
0	41
0	3203
0	417
0	9574
0	3122
0	567
0	1
0	1012
0	244
0	353
0	127
0	315
0	509
0	689
0	545
0	500
0	193
0	424
0	634
0	456
0	12
0	8253
0	4920
0	1830
0	7369
0	3777
0	5414
0	31
0	16
0	3108
0	3574
0	657
0	992
0	905
0	293
0	568
0	439
0	549
0	586
0	31
0	192
0	127
0	74
0	782
0	785
0	596
0	541
0	9
0	111
0	28
0	49
0	102
0	16
0	25
0	79
0	170
0	249
0	194
0	183
0	46
0	152
0	50
0	38
0	116
0	71
0	195
0	30
0	132
0	21
0	31
0	122
0	198
0	180
0	86
0	243
0	53
0	68
0	56
0	183
0	165
0	221
0	214
0	56
0	50
0	91
0	1335
0	1153
0	1335
0	1153
0	514
0	317
0	70
0	1344
0	61
0	119
0	38
0	77
0	642
0	26
0	93
0	141
0	0
0	31
0	28
0	2
0	1371
0	75
0	1
0	1
0	240
0	240
0	0
0	2
0	0
0	0
0	0
0	0
0	0
0	0
0	0
0	11
0	11
0	5069
0	3724
0	1097
0	1999
0	4273
0	4077
0	2807
0	3303
0	141
0	3496
0	712
0	760
0	680
0	38
0	38
0	0
0	38
0	0
0	0
0	515
0	402
0	6
0	33
0	46
0	19
0	20
0	13
0	210
0	45
0	12
0	501
0	451
0	413
0	348
0	229
0	309
0	232
0	286
0	218
0	7
0	36
0	68
0	13
0	11
0	156
0	6
0	31
0	24
0	453
0	310
0	332
0	198
0	245
0	2
0	1358
0	1233
0	1029
0	531
0	0
0	83
0	61
0	33
0	2
0	17
0	0
0	0
0	0
0	0
0	0
0	0
0	0
0	0
0	0
0	0
0	0
0	0
0	0
0	0
0	11
0	7461
0	6495
0	1137
0	12
0	12
0	2862
0	2862
0	2
0	10
0	2
0	13
0	10
0	0
0	6
0	1
0	4
0	1
0	0
0	0
0	32
0	0
0	1
0	1765
0	2211
0	3331
0	1292
0	1286
0	1081
0	1263
0	2660
0	310
0	1255
0	1031
0	1462
0	31
0	440
0	5679
0	12378
0	5537
0	212
0	3474
0	1884
0	279
0	82
0	4177
0	1036
0	125
0	0
0	2
0	0
0	0
0	6
0	10
0	3
0	2
0	2
0	40
0	0
0	0
0	2
0	775
0	3184
0	437
0	1177
0	1619
0	846
0	1098
0	1098
0	765
0	1246
0	30
0	28
0	143
0	0
0	0
0	38
0	0
0	3082
0	18
0	9976
0	11884
0	3037
0	827
0	11057
0	9810
0	6641
0	6671
0	10262
0	58
0	3995
0	3729
0	3344
0	2852
0	2100
0	396
0	396
0	50
0	50
0	13
0	13
0	5
0	2
0	0
0	0
0	2
0	0
0	0
0	0
0	0
0	0
0	0
0	0
0	0
0	0
0	0
0	122
0	122
0	844
0	87
0	137
0	225
0	303
0	12
0	11
0	11
0	11
0	0
0	0
0	0
0	0
0	0
0	0
0	0
0	0
0	0
0	0
0	0
0	0
0	0
0	0
0	0
0	0
0	0
0	0
0	0
0	0
0	0
0	0
0	0
0	0
0	157
0	0
0	0
0	0
0	0
0	14
0	0
0	0
0	0
0	0
0	0
0	7
0	7
0	27
0	27
0	1860
0	1788
0	209
0	84
0	11
0	90
0	2303
0	2097
0	1177
0	44
0	44
0	381
0	5
0	27
0	3314
0	33
0	203
0	3299
0	12
0	14
0	147
0	1956
0	166
0	1768
0	1475
0	265
0	59
0	250
0	14
0	2844
0	2029
0	1685
0	218
0	16
0	8
0	155
0	233
0	382
0	3
0	5
0	32
0	30
0	11
0	231
0	376
0	204
0	272
0	330
0	50
0	67
0	92
0	7
0	115
0	1915
0	659
0	288
0	67
0	232
0	191
0	826
0	490
0	570
0	263
0	652
0	1260
0	23
0	1717
0	506
0	233
0	2
0	76
0	35
0	33
0	35
0	0
0	0
0	0
0	1
0	3
0	1
0	512
0	296
0	576
0	541
0	641
0	286
0	29
0	221
0	176
0	150
0	153
0	112
0	125
0	34
0	27
0	13
0	18
0	14
0	54
0	173
0	214
0	424
0	66
0	420
0	274
0	5
0	19
0	205
0	942
0	682
0	750
0	155
0	619
0	6
0	317
0	14
0	39
0	62
0	150
0	216
0	60
0	743
0	963
0	72
0	885
0	881
0	920
0	207
0	425
0	154
0	153
0	32
0	140
0	23
0	611
0	880
0	390
0	77
0	90
0	43
0	40
0	1
0	0
0	34
0	35
0	1594
0	828
0	192
0	63
3	1445
0	1436
0	14
0	266
0	132
0	479
0	96
11	178
12	40
0	161
0	138
0	5439
0	4174
0	47186
0	78197
0	77880
0	6189
0	489
0	495
0	2858
0	12789
0	6060
0	32668
0	4361
1	81
0	2488
0	2542
0	2371
0	2800
0	901
23	687
0	13
0	39
0	7
0	5
0	2
0	2
0	1
0	0
0	2
0	3
0	1598
0	2826
0	2586
0	1642
0	785
0	371
0	760
0	97
0	555
0	362
0	535
0	394
0	149
0	940
0	46
0	300
0	670
0	86
0	380
0	121
0	166
0	359
0	454
0	4856
0	2727
0	871
0	150
0	371
0	336
0	1334
0	392
0	473
0	315
0	122
0	23
0	167
0	132
0	63
0	52
0	26
0	16
0	83
0	69
0	51
0	46
0	30
0	14
0	43
0	1506
0	1870
0	4085
0	3916
0	114
0	1630
0	1280
0	409
0	164
0	222
0	120
0	86
0	25
0	391
0	69
0	202
0	34
0	13
0	41
0	4
0	8362
0	8362
0	8432
0	7057
0	8432
0	7057
0	1249
0	1249
0	0
0	0
0	6528
0	103
0	6528
0	103
0	0
0	62
0	27
0	26
0	25
0	13
0	9
0	0
0	0
0	5
0	1388
0	768
0	3055
0	2237
0	540
0	266
0	251
0	19
0	19
0	14
0	15
0	31
0	2
0	186
0	137
0	215
0	210
0	201
0	187
0	196
0	192
0	151
0	134
0	66
0	25
0	22
0	13
0	237
0	117
0	9
0	40
0	1384
0	471
0	130
0	453
0	4
0	553
0	24
0	0
0	0
0	0
0	1
0	235
0	293
0	13
0	56
0	47
0	8
0	33
0	43
0	228
0	0
0	0
0	0
0	44
0	121
0	55
0	134
0	1690
0	1649
0	36
0	2236
0	2236
0	49
0	5
0	26
0	0
0	0
0	870
0	1199
0	31
0	280
0	26
0	10
0	480
0	432
0	462
0	186
0	293
0	3
0	49
0	75
0	32
0	48
0	96
0	19
0	5
0	12
0	46
0	35
0	35
0	146
0	428
0	64
0	99
0	463
0	254
0	144
0	1
0	195
0	0
0	17
0	0
0	0
0	0
0	90
0	0
0	0
0	0
0	0
0	0
0	1
0	0
0	0
0	0
0	0
0	3039
0	2814
0	751
0	2459
0	2437
0	2434
0	2234
0	43
0	2578
0	552
0	309
0	316
0	163
0	165
0	166
0	161
0	184
0	67
0	15
4	6
0	4
0	3
0	2
0	0
0	0
0	0
0	0
0	0
0	20
0	15
0	39
0	458
0	6
0	34
0	41
0	45
0	15
0	13
0	9981
0	1445
0	6127
0	6376
0	3212
0	970
0	425
0	1461
0	31
0	1603
0	844
0	62
0	1567
0	2207
0	1831
0	1158
0	1876
0	603
0	19
0	171
0	488
0	380
0	100
0	2
1	63
0	23
0	0
0	48
0	48
0	32
0	32
0	744
0	744
0	395
0	395
0	135
0	135
0	291
0	291
0	4215
0	4215
0	112
0	112
0	0
0	0
0	357
0	357
0	887
0	887
0	123
0	43
0	123
0	43
0	301
0	304
0	201
0	3
0	1835
0	425
0	244
0	33
0	6
0	45
0	208
0	1990
0	50
0	1
0	1355
0	5
0	4
0	1351
0	3
0	18
0	1
0	2
0	23
0	0
0	2175
0	5439
0	6656
0	512
0	4700
0	670
0	653
0	31
0	198
0	80
0	531
0	555
0	66
0	67
0	84
0	12
0	15
0	5
0	5
0	1
0	1
0	0
0	28
0	0
0	0
0	25
0	29
0	0
0	10
0	10
0	22
0	0
0	25
0	0
0	0
0	0
0	139
0	139
0	952
0	768
0	501
0	0
0	55
0	47
0	32
0	4074
0	2543
0	555
0	40
0	209
0	7
0	108
3	1
0	0
0	0
0	0
0	0
0	0
0	0
0	0
0	0
0	0
0	0
0	0
0	0
0	0
0	10
0	10
0	0
0	0
0	0
0	0
0	0
0	0
0	12
0	12
0	0
0	0
0	0
0	0
0	0
0	0
0	0
0	0
0	0
0	0
0	0
0	0
0	0
0	0
0	0
0	0
0	0
0	0
0	0
0	0
0	1
0	0
0	0
0	0
0	0
0	0
0	0
0	0
0	0
0	25
0	49
1	44
0	0
0	0
0	4
0	0
0	0
0	1
0	0
0	0
0	9
0	0
0	45
0	25
0	25
0	15
0	0
0	3
0	11
0	17
0	3
0	1
0	105
0	240
0	0
0	0
0	15
0	0
0	15
0	0
0	0
0	0
0	414
0	414
0	82
0	82
0	7804
0	7026
0	7804
0	7026
0	0
0	0
0	7
0	7
0	1
0	1
0	1
0	1
0	27
0	27
0	0
0	0
0	0
0	0
0	30
0	30
0	13
0	13
0	0
0	0
0	0
0	0
0	5
0	5
0	1
0	1
0	908
0	908
0	21
0	21
0	107
0	4933
0	9
0	30
0	115
0	16
0	42
0	8
0	8
0	8
0	4
0	4
0	3
0	2
0	0
0	0
0	0
0	0
0	0
0	0
0	0
0	0
0	0
0	0
0	0
0	0
0	0
0	0
0	0
0	0
0	0
0	0
0	0
0	0
0	0
0	0
0	0
0	0
0	0
0	0
0	0
0	0
0	0
0	0
0	0
0	103
0	83
0	43
0	18
0	16
0	25
0	54
0	0
0	0
0	0
0	0
0	0
0	0
0	0
0	0
0	0
0	0
0	0
0	0
0	0
0	0
0	0
0	0
0	0
0	0
0	0
0	0
0	0
0	0
0	0
0	0
0	0
0	0
0	0
0	0
0	0
0	0
0	0
0	5343
0	181
0	709
0	263
0	66
0	207
0	1528
0	2108
0	164
0	279
0	1691
0	196
0	76
0	255
0	1244
0	29
0	115
0	70
0	606
0	50
0	2015
0	7
0	896
0	957
0	139
0	77
0	463
0	107
0	21
0	5
0	0
0	0
0	2
0	157
0	37
0	0
0	3472
0	3167
0	453
0	3430
0	1276
0	3458
0	4411
0	1233
0	642
0	4264
0	383
0	850
0	872
0	618
0	671
0	1497
0	109
0	124
0	49
0	173
0	48
0	53
0	146
0	89
0	423
0	415
0	8
0	65
0	49
0	513
0	524
0	4582
0	4325
0	33
0	118
0	62
0	299
0	170
0	215
0	96
0	13
0	225
0	568
0	43
0	115
0	28
0	45
0	122
0	122
0	74
0	23
0	18
0	593
0	729
0	543
34	296
0	679
0	451
0	485
0	471
4	496
23	418
11	152
0	329
0	37
0	101
8	49
0	20
0	2953
0	3016
0	335
0	197
0	0
0	0
0	0
0	0
0	0
0	0
0	1060
0	806
0	140
0	214
14	472
0	305
11	44
4	19
1	55
0	6
0	3
0	3
0	3
0	3
0	0
0	0
0	0
0	0
0	0
0	0
0	0
0	0
0	2
0	0
0	0
0	0
0	48
0	10
0	10
0	661
0	661
0	0
0	0
0	0
0	0
0	0
0	0
0	0
0	0
0	0
0	0
0	8
0	8
0	0
0	0
0	0
0	0
0	849
0	565
0	197
0	301
0	380
0	511
0	712
0	265
0	31
0	16
0	0
0	4
0	1
0	0
0	0
0	0
0	0
0	0
0	0
0	0
0	0
0	0
0	0
0	0
0	0
0	0
0	0
0	0
0	0
0	2
0	0
0	34
0	35
0	25
0	19
0	15
0	2
0	453
0	932
0	157
0	435
0	156
0	88
0	691
0	152
0	747
0	179
0	2
0	12
0	704
0	112
0	5
0	77
0	51
0	24
0	1074
0	87
0	19
0	93
0	144
0	1326
0	1092
0	9
0	16
0	36
0	21
0	17
0	0
0	26
0	82
0	20
0	80
0	22
0	40
0	91
0	85
0	70
0	1046
0	107
0	28
0	61
0	72
0	97
0	937
0	970
0	74
0	934
0	133
0	565
0	283
0	28
0	23
0	1
0	2
0	2582
0	1916
0	272
0	1190
0	1778
0	1566
0	164
0	475
0	203
0	740
0	43
0	104
0	255
0	175
0	79
0	36
0	156
0	80
0	984
0	1044
0	1010
0	156
0	24
0	619
0	620
0	508
0	291
0	32
0	87
0	43
0	37
0	60
0	8
0	10
0	7
0	47
0	79
0	43
0	70
0	160
0	78
0	72
0	89
0	812
0	995
0	88
0	73
0	335
0	155
0	102
0	683
0	76
0	500
0	44
0	19
0	126
0	62
0	89
0	82
0	1
0	709
0	200
0	99
0	68
0	43
0	68
0	154
0	64
0	86
0	21
0	30
0	38
0	23
0	12
0	45
0	70
0	40
0	0
0	39
0	52
0	1
0	0
0	16
0	20
0	6
0	33
0	28
0	1
0	6
0	2052
0	2170
0	993
0	1914
0	1863
0	2010
0	1765
0	1895
0	343
0	1503
0	88
0	15
0	100
0	16
0	102
0	54
0	14
0	30
0	3
0	9
0	15
0	2332
0	1785
0	1348
0	1433
0	1143
0	60
0	1306
0	377
0	687
0	471
0	574
0	521
0	418
0	1769
0	30
0	23
0	5
0	22
0	1
0	17
0	26
0	434
0	357
0	260
0	185
0	252
0	178
0	1
0	84
0	3
0	100
0	51
0	167
0	117
0	52
0	10
0	8
0	40
0	12
0	41
0	15
0	33
0	305
0	146
0	21
0	27
0	1946
0	791
0	1231
0	1199
0	475
0	29
0	142
0	154
0	694
0	583
0	695
0	604
0	464
0	57
0	462
0	35
0	561
0	104
0	35
0	180
0	1
0	685
0	25
0	144
0	705
0	94
0	54
0	615
0	552
0	568
0	47
0	206
0	56
0	9
0	89
0	140
0	111
0	2
0	109
0	62
0	192
0	510
0	775
0	527
0	395
0	342
0	571
0	43
0	143
0	157
0	127
0	166
0	81
0	21
0	78
0	39
0	24
0	2
0	10
0	3
0	2
0	7
0	7
0	7
0	50
0	59
0	424
0	410
0	64
0	336
0	349
0	349
0	151
0	342
0	42
0	14
0	73
0	176
0	96
0	63
0	106
0	38
0	60
0	70
0	32
0	31
0	87
0	100
0	316
0	145
0	239
0	235
0	258
0	81
0	88
0	56
0	2241
0	589
0	588
0	25
0	277
0	348
0	376
0	0
0	10
0	19
0	44
0	268
0	195
0	197
0	118
0	20
0	191
0	369
0	58
0	167
0	0
0	0
0	4
0	1
0	0
0	28
0	0
0	0
0	0
0	0
0	0
0	0
0	0
0	0
0	0
0	0
0	0
0	0
0	0
0	0
0	0
0	0
0	0
0	0
0	0
0	0
0	0
0	79
0	223
0	141
0	100
0	156
0	136
0	222
0	227
0	161
0	140
0	170
0	163
0	7
0	11
0	60
0	205
0	217
0	9
0	147
0	152
0	132
0	127
0	218
0	213
0	178
0	107
0	55
0	93
0	141
0	21
0	75
0	53
0	24
0	137
0	8
0	3
0	207
0	207
0	1539
0	1516
0	37
0	385
0	2
0	101
0	474
0	30
0	525
0	8
0	408
0	664
0	10
0	830
0	1783
0	914
0	1415
0	2466
0	1459
0	1517
0	1449
0	1442
0	230
0	208
0	183
0	109
0	115
0	106
0	16
0	0
0	0
0	420
0	5993
0	1900
0	1227
0	2343
0	577
0	91
0	202
0	199
0	166
0	139
0	39
0	18
0	5
0	16
0	1
0	0
0	0
0	0
0	0
0	3486
0	207
0	414
0	725
0	258
0	313
0	131
0	190
0	99
0	345
0	2063
0	326
0	160
0	65
0	177
0	87
0	7442
0	6291
0	54
0	4532
0	145
0	0
0	1287
0	47
0	23
0	551
0	41
0	8
0	0
0	0
0	0
0	17
0	83
0	0
0	0
0	0
0	0
0	30
0	30
0	0
0	8
0	0
0	0
0	0
0	3142
0	2735
0	1557
0	522
0	675
0	16
0	377
0	199
0	23
0	5
0	5
7	233
0	31
0	125
0	133
0	101
0	87
0	49
0	13
0	24
3	22
0	55
0	119
0	0
0	0
0	24
0	23
0	0
0	0
0	0
0	0
0	0
0	0
0	0
0	0
0	0
0	1
0	95
0	95
0	61
0	61
0	550
0	550
0	55
0	55
0	118
0	118
0	1215
0	1215
0	279
0	279
0	1579
0	1579
0	65
0	900
0	9665
0	8848
0	4899
0	9613
0	9509
0	5915
0	5079
0	1847
0	831
0	1952
0	256
0	743
0	649
0	834
0	619
0	174
0	90
0	85
0	5
0	587
0	963
0	418
0	115
0	590
0	584
0	86
0	85
0	52
0	86
0	54
0	42
0	1323
0	49
0	490
0	228
0	134
0	18
0	18
0	278
0	837
0	19326
0	19350
0	1525
0	1407
0	19217
0	1329
0	19230
0	1262
0	1140
0	798
0	18748
0	18091
0	19047
0	18317
0	1125
0	1324
0	19203
0	1525
0	251
0	11
0	447
0	703
0	251
0	15
2	3520
0	895
0	3517
0	4306
0	3883
0	363
0	197
0	2
0	2
0	25
0	33
0	33
0	36
0	27
0	38
0	26
0	4306
0	3883
0	363
0	197
0	0
0	0
0	65
0	1119
0	658
0	570
0	628
0	132
0	856
0	406
0	836
0	74
0	4
0	1106
0	1133
0	399
0	799
0	269
0	61
0	179
0	8
0	216
0	2
0	39
0	4
0	56
0	111
0	38
0	38
0	11
0	37
0	0
0	23
0	0
0	0
0	3
0	0
0	0
0	24
0	0
0	0
0	0
0	0
0	0
0	0
0	0
0	0
0	0
0	0
0	0
0	0
0	0
0	1
0	1
0	0
0	4
0	3
0	1
0	1
0	1
0	0
0	0
0	580
0	580
0	5405
0	6514
0	679
0	2620
0	1885
0	57
0	1748
0	2275
0	4043
0	134
0	47
0	5
0	5
0	6
0	12
0	34
0	1
0	1
0	1
0	1
0	3
0	3
0	0
0	1
0	0
0	1
0	0
0	5
0	245
0	221
0	155
0	150
0	41
0	0
0	0
0	0
0	0
0	0
0	0
0	0
0	0
0	0
0	0
0	0
0	0
0	0
0	11
0	11
0	4306
0	3883
0	363
0	197
0	25
0	25
0	25
0	33
0	33
0	36
0	38
0	26
0	27
0	4306
0	3883
0	363
0	197
0	474
0	54
0	60
0	9311
0	7365
0	6554
0	5625
0	5887
0	6366
0	5373
0	407
0	326
0	465
0	8238
0	9796
0	9989
0	3765
0	272
0	2406
0	1401
0	479
0	241
0	4853
0	1855
0	20
0	20
0	20
0	4
0	2
0	1
0	1
0	0
0	0
0	0
0	2559
0	2599
0	141
0	344
0	647
0	1140
0	2191
0	2367
0	691
0	2231
0	2510
0	32
0	32
0	43
0	43
0	62
0	62
0	262
0	264
0	79
0	80
0	225
0	230
0	233
0	10
0	23
0	0
0	0
0	0
0	0
0	0
0	0
0	0
0	0
0	0
0	0
0	18
0	0
0	4
0	0
0	0
0	0
0	0
0	6
0	0
0	84
0	0
0	20
0	20
0	20
0	0
0	37
0	1
0	0
0	0
0	0
0	9
0	0
0	2
0	1
0	0
0	5
0	4
0	4
0	4
0	5
0	3
0	3
0	2
0	1
0	0
0	0
0	0
0	0
0	0
0	0
0	1318
0	918
0	1025
0	1012
0	1151
0	3765
0	7802
0	7023
0	6988
0	6665
0	67
0	117
0	208
0	74
0	561
0	240
0	23
0	138
0	857
0	616
0	776
0	247
0	483
0	789
0	463
0	153
0	903
0	54
0	951
0	354
0	169
0	57
0	0
0	649
0	81
0	544
0	91
0	25
0	65
0	62
0	2
0	563
0	44
0	123
0	1306
0	814
0	1282
0	1092
0	968
0	927
0	19
0	44
0	106
0	345
0	167
0	101
0	85
0	146
0	110
0	131
0	112
0	27
0	1552
0	30
0	12
0	4
0	4
0	3
0	6
0	6
0	6
0	3
0	2
0	0
0	6
0	4
0	4
0	2
0	0
0	0
0	23
0	23
0	4
0	4
0	0
0	0
0	0
0	0
0	0
0	0
0	0
0	0
0	0
0	0
0	0
0	0
0	0
0	0
0	0
0	0
0	0
0	0
0	0
0	0
0	2958
0	2517
0	2627
0	2577
0	295
0	11
0	11
0	25
0	33
0	33
0	36
0	27
0	35
0	26
0	4306
0	3883
0	363
0	197
0	0
0	0
0	0
0	0
0	844
0	87
0	137
0	225
0	303
0	12
0	11
0	11
0	11
0	0
0	0
0	0
0	0
0	0
0	0
0	0
0	0
0	0
0	0
0	0
0	0
0	0
0	0
0	0
0	0
0	0
0	0
0	0
0	0
0	0
0	0
0	0
0	0
0	62
0	40
0	0
0	7
0	8
0	0
0	0
0	0
0	150
0	150
0	150
0	150
0	150
0	150
0	150
0	150
0	8
0	8
0	150
0	150
0	150
0	150
0	0
0	0
0	0
0	11
0	4
0	0
0	90
0	0
0	0
0	0
0	0
0	0
0	0
0	0
0	0
0	0
0	0
0	0
0	0
0	0
0	0
0	0
0	0
0	0
0	0
0	0
0	0
0	0
0	0
0	0
0	0
0	0
0	0
0	0
0	0
0	0
0	0
0	0
0	0
0	0
0	0
0	11
0	4
0	0
0	90
0	0
0	0
0	0
0	0
0	0
0	0
0	0
0	0
0	0
0	0
0	0
0	0
0	0
0	0
0	0
0	0
0	0
0	0
0	0
0	0
0	0
0	0
0	0
0	0
0	0
0	0
0	0
0	0
0	0
0	0
0	0
0	0
0	0
0	0
0	0
0	0
0	0
0	0
0	0
0	0
0	0
0	0
0	0
0	0
0	0
0	0
0	0
0	0
0	0
0	0
0	0
0	0
0	0
0	0
0	0
0	0
0	0
0	0
0	11
0	4
0	0
0	90
0	0
0	0
0	0
0	0
0	0
0	0
0	0
0	0
0	0
0	0
0	0
0	0
0	27
0	0
0	0
0	0
0	0
0	0
0	0
0	0
0	0
0	0
0	0
0	0
0	0
0	0
0	0
0	0
0	0
0	0
0	0
0	0
0	0
0	0
0	0
0	0
0	0
0	0
0	0
0	0
0	0
0	0
0	0
0	0
0	0
0	0
0	0
0	0
0	0
0	0
0	0
0	0
0	0
0	0
0	0
0	0
0	0
0	0
0	0
0	0
0	0
0	0
0	0
0	0
0	0
0	0
0	0
0	0
0	0
0	0
0	0
0	0
0	0
0	0
0	0
0	0
0	0
0	0
0	0
0	0
0	0
0	0
0	0
0	0
0	0
0	0
0	0
0	0
0	0
0	0
0	0
0	0
0	0
0	0
0	0
0	0
0	0
0	0
0	0
0	0
0	0
0	0
0	0
0	0
0	0
0	0
0	0
0	0
0	0
0	0
0	0
0	0
0	0
0	0
0	0
0	0
0	0
0	0
0	0
0	0
0	0
0	0
0	0
0	0
0	0
0	0
0	0
0	0
0	0
0	0
0	0
0	0
0	0
0	0
0	0
0	0
0	0
0	0
0	0
0	0
0	0
0	0
0	0
0	0
0	0
0	0
0	0
0	0
0	0
0	0
0	0
0	0
0	0
0	0
0	0
0	0
0	0
0	0
0	0
0	0
0	0
0	0
0	0
0	0
0	0
0	0
0	0
0	0
0	0
0	0
0	0
0	0
0	0
0	0
0	0
0	0
0	11
0	4
0	0
0	90
0	0
0	0
0	0
0	0
0	0
0	0
0	0
0	0
0	0
0	0
0	0
0	0
0	0
0	11
0	4
0	0
0	90
0	0
0	0
0	0
0	0
0	0
0	0
0	0
0	0
0	0
0	0
0	0
0	0
0	27
0	0
0	0
0	0
0	0
0	0
0	0
0	0
0	0
0	0
0	0
0	0
0	0
0	0
0	0
0	0
0	0
0	0
0	0
0	0
0	0
0	0
0	0
0	0
0	0
0	0
0	0
0	0
0	0
0	0
0	0
0	0
0	0
0	0
0	0
0	0
0	0
0	0
0	165
0	3840
0	3275
0	44
0	468
0	108
0	799
0	2554
0	319
0	890
0	782
0	191
0	485
0	272
0	15
0	28
0	285
0	15
0	94
0	97
0	0
0	0
0	2
0	0
0	0
0	0
0	0
0	90
0	29
0	0
0	16
0	0
0	0
1	42
3	217
0	0
0	0
0	0
0	0
0	1
0	1
0	6
0	0
0	0
0	3
0	0
0	0
0	0
0	0
0	0
0	0
0	2
0	0
0	2
0	0
0	145
0	0
0	0
0	0
0	84
0	0
0	3
0	0
0	1
0	3939
0	2393
0	3360
0	2977
0	1814
0	1377
0	562
0	614
0	160
0	142
0	50
0	157
0	0
0	0
0	0
0	0
0	14
0	0
0	0
0	0
0	0
0	0
0	5486
0	175
0	9
0	13
0	165
0	4
0	415
0	191
0	462
0	18
4	913
0	915
0	927
0	626
13	684
0	664
0	869
0	795
0	738
0	737
0	665
0	64
0	29
0	84
0	82
0	78
0	68
0	24
0	9
0	8
0	24
0	37
0	2
0	2
0	4
0	4
0	834
0	808
0	178
0	83
0	3
0	5
0	2
0	17
0	12
0	209
0	141
0	82
0	22
0	23
0	13
0	7
0	3
0	71
0	292
0	377
0	92
0	57
0	3
0	93
0	30
0	7
0	6
0	2
0	4
0	6
0	8
0	6
0	5
0	3
0	0
0	0
0	0
0	0
0	6
0	9
0	46
0	1
0	0
0	32
0	0
0	0
0	0
0	0
0	723
0	685
0	2433
0	4862
0	781
0	988
0	18
0	11
26	181
0	125
0	16
0	21
0	12
0	5
0	61
0	0
0	0
0	0
0	0
0	113
0	163
0	127
0	141
0	102
0	35
0	24
0	1
0	2
0	10
0	46
0	0
0	3
0	23
0	0
0	0
0	739
0	739
0	27
0	27
0	4
0	4
0	2
0	2
0	0
0	0
0	716
0	716
0	5
0	30
0	5
0	0
0	0
0	0
0	0
0	0
0	0
0	0
0	0
0	0
0	0
0	0
0	0
0	0
0	0
0	0
0	0
0	0
0	0
0	0
0	0
0	0
0	0
0	0
0	0
0	0
0	0
0	0
0	0
0	0
0	0
0	0
0	0
0	0
0	0
0	0
0	0
0	0
0	0
0	0
0	0
0	0
0	0
1	0
0	0
0	0
0	0
0	0
0	0
0	0
0	0
0	0
0	0
0	0
0	0
0	0
0	0
0	0
0	0
0	0
0	0
0	0
0	0
0	0
0	0
0	0
0	0
0	0
0	0
0	0
0	0
0	0
0	0
0	0
0	0
0	0
0	0
0	0
0	0
0	0
0	0
0	0
0	0
0	0
0	0
0	0
0	0
0	0
0	0
0	0
0	0
0	0
0	0
0	0
0	0
0	0
0	0
0	0
0	0
0	0
0	0
0	0
0	0
0	0
0	0
0	0
0	0
0	0
0	0
0	0
0	0
0	0
0	0
0	0
0	0
0	0
0	0
0	0
0	0
0	0
0	0
0	0
1	0
0	0
0	0
0	0
0	0
0	0
0	0
0	0
0	0
0	0
0	0
0	0
0	0
0	0
0	0
0	0
0	0
0	0
0	0
0	0
0	0
0	0
0	0
0	0
0	0
0	0
0	0
0	0
0	0
0	0
0	0
2	29
0	0
0	0
0	0
0	0
0	0
0	0
0	0
0	0
0	0
0	0
0	0
0	0
0	0
0	0
0	0
0	0
0	0
0	0
0	0
0	0
0	0
0	0
0	0
0	0
0	0
0	0
0	0
0	0
0	0
0	0
0	0
0	0
0	0
0	0
0	0
0	0
0	0
0	0
0	0
0	0
0	0
0	0
0	0
0	0
0	0
0	0
0	0
0	0
0	0
0	0
0	0
0	0
0	0
0	0
0	0
0	0
0	0
0	0
0	0
0	0
0	0
0	0
0	0
0	0
0	0
0	0
0	0
0	0
0	0
0	0
0	0
0	0
0	0
0	0
0	0
0	0
0	0
0	0
0	0
0	0
0	0
0	0
0	0
0	0
0	0
0	0
0	0
0	0
0	0
0	0
0	0
0	0
0	0
0	0
0	0
0	0
0	0
0	0
0	0
0	0
0	0
0	0
0	0
0	0
0	0
0	0
0	0
0	0
0	0
0	0
0	0
0	0
0	0
0	0
0	0
0	0
0	0
0	0
0	0
0	0
0	0
0	0
0	0
0	0
0	0
0	0
0	0
0	0
0	0
0	0
0	0
0	0
0	0
0	0
0	0
0	0
0	0
0	0
0	0
0	0
0	0
0	0
0	0
0	0
0	0
0	0
0	0
0	0
0	0
0	0
0	0
0	0
0	0
0	0
0	0
0	0
0	0
0	0
0	0
0	0
0	0
0	0
0	0
0	0
0	0
0	0
0	0
0	0
0	0
0	0
0	0
0	0
0	0
0	0
0	0
0	0
0	0
0	0
0	0
0	0
0	0
0	0
0	0
0	0
0	0
0	0
1	0
0	0
0	0
2	0
0	0
0	0
0	0
2	0
0	0
0	0
0	0
0	0
0	0
1	0
0	0
0	2
0	0
0	0
0	0
0	0
0	0
1	0
0	11
0	0
0	0
0	0
0	0
0	0
0	0
0	0
0	0
0	0
0	0
22	0
0	0
0	0
0	0
0	0
1	0
0	0
0	0
0	0
0	0
0	0
0	0
0	0
0	0
0	0
0	0
0	0
0	0
0	0
0	0
0	0
0	0
7	0
0	0
0	0
0	0
0	0
0	0
0	0
0	0
0	0
0	0
0	0
0	0
0	0
2	0
0	0
0	0
0	0
2	0
0	0
0	0
1	0
0	0
0	0
0	0
0	0
1	0
0	0
0	0
2	0
0	0
0	0
0	0
0	0
0	0
0	0
1	0
0	0
0	0
0	0
0	0
0	1
0	0
0	0
0	0
0	0
0	0
0	0
0	0
0	0
0	0
0	0
0	0
0	0
0	0
0	0
0	0
0	0
2	0
0	0
0	0
0	0
1	0
0	0
0	0
0	2
0	0
0	0
0	0
0	0
9	0
4	0
0	0
0	0
0	0
0	0
0	0
0	0
1	0
0	1
0	0
0	0
0	0
0	0
2	0
0	0
0	0
0	0
0	0
0	0
0	0
0	0
0	0
0	0
0	0
0	0
0	0
0	0
0	0
0	0
0	0
0	0
0	0
0	0
0	0
0	0
0	0
0	0
0	0
0	0
0	0
0	11
0	0
2	12
0	0
0	0
0	0
0	0
0	0
0	11
1	0
0	0
0	0
0	0
0	0
0	0
0	0
0	1
0	12
0	0
0	0
0	0
0	0
0	0
0	0
9	11
0	0
0	1
0	0
0	0
0	0
0	11
1	0
0	0
0	0
0	0
1	0
0	0
0	0
0	0
0	0
2	0
0	0
2	0
1	0
0	0
0	0
0	0
0	1
0	0
6	2
1	0
0	0
0	0
0	0
0	0
0	12
0	0
0	0
0	0
2051	0
0	0
0	0
1	0
0	0
0	0
0	0
0	0
0	0
0	0
0	0
0	0
0	0
0	0
0	0
0	0
4	0
0	0
0	0
4	0
0	0
0	0
0	0
0	0
0	0
0	0
0	0
0	0
0	0
1	0
0	0
0	0
0	0
0	0
0	1
0	0
0	0
0	1
0	0
7	0
0	0
0	0
0	0
0	0
0	0
0	0
0	12
0	0
0	0
0	0
0	0
0	0
0	0
2	0
0	0
0	0
0	1
0	0
0	0
0	0
0	0
0	0
0	0
0	0
0	0
0	0
0	0
0	0
0	0
1	0
0	0
0	0
0	0
0	0
0	0
0	0
0	0
0	1
0	0
0	0
1	0
0	0
0	0
0	0
0	0
0	0
0	0
1	0
0	0
0	0
0	0
0	0
4	0
2	0
1	0
0	0
0	0
0	0
0	0
0	11
0	0
0	1
0	0
0	0
0	0
0	0
0	0
0	0
0	0
0	0
0	0
0	0
0	0
0	0
0	0
4	0
0	0
0	0
1	0
0	0
1	0
0	0
0	0
0	0
0	0
0	0
0	0
0	0
0	0
0	0
0	0
0	0
3	0
0	0
0	0
0	0
0	0
0	0
0	0
11	0
0	0
0	0
0	0
0	0
0	0
11	0
0	0
0	0
0	0
2	0
0	0
0	0
0	0
0	0
0	0
0	0
0	0
1	0
0	0
0	0
0	1
2	0
1	0
1	0
0	0
0	0
0	0
0	0
0	0
0	0
0	0
0	0
0	0
0	0
0	0
0	0
0	0
0	0
0	0
0	0
0	0
0	0
38	15
0	0
0	0
0	0
0	0
0	0
0	0
0	0
2	0
0	0
0	0
0	0
2	0
0	0
0	0
0	0
0	1
0	0
0	0
0	0
0	0
0	0
0	0
0	0
3	0
0	0
6	0
0	0
0	0
0	0
0	0
0	0
1	0
0	0
0	0
2	0
0	0
1	0
0	0
0	0
0	0
0	0
0	0
0	0
0	0
0	0
0	0
0	0
0	11
0	0
0	0
0	2
0	0
0	0
0	0
1	0
0	0
0	0
0	0
0	0
0	0
0	0
0	0
0	0
0	0
9	0
0	0
0	0
0	0
0	0
0	0
0	0
0	0
0	0
0	0
0	0
0	0
0	0
0	0
0	0
9	0
0	0
0	0
0	0
0	0
0	1
0	0
0	0
0	11
2	0
3	0
0	0
0	0
0	12
2	0
0	0
0	0
0	0
12	15
0	0
0	0
0	2
0	1
0	0
0	0
0	0
0	32
14	12
3	300
10	18
0	321
0	327
37	3
5	328
45	95
66	100
0	107
0	82
0	91
1	243
13	45
13	253
23	7
0	1
0	1
0	179
0	179
0	0
12	27
10	0
39	48
0	0
0	21
0	0
0	0
0	0
0	0
0	0
68	0
0	0
0	0
49	84
5	0
0	1
5	1
5	1
29	1671
0	65
256	3981
4	282
0	2818
71	3441
1	2426
0	1303
27	2307
25	5
0	213
8	192
37	1250
9	67
1	19
0	0
0	0
0	0
0	0
0	0
0	0
0	0
0	0
1	2
0	0
0	0
0	0
0	0
0	0
1	3
63	3
59	79
18	79
0	3
24	2
0	0
0	0
0	0
0	0
0	0
0	0
0	0
0	0
0	0
0	0
0	0
0	0
0	0
0	0
0	0
0	0
2	0
0	0
0	0
0	0
0	0
0	0
40	36
0	37
13	4
0	0
0	0
21	20
0	0
0	0
0	0
0	0
17	0
0	32
0	0
9	7
30	3
10	40
6	225
99	10
6	15
2	17
233	225
7	11
4	11
21	33
2	33
1	45
15	3
7	14
45	0
3	0
0	8
0	0
0	0
0	0
11	0
1	0
0	0
0	6
0	6
0	0
64	0
0	1
0	1
4	15
0	0
0	0
12	2
0	0
0	0
0	0
0	0
0	0
0	0
56	18
1	0
31	82
0	4
0	21
1	106
0	4
0	8
12	3
5	1
0	3
1	5
0	105
3	3
0	83
4	19
7	75
5	0
2	0
22	7
0	7
0	0
0	2
0	0
0	0
0	0
20	0
0	0
64	0
0	0
25	10
0	23
0	11
0	13
0	0
2	0
0	0
1	0
0	0
0	0
0	0
3	0
0	0
0	0
2	0
0	0
0	7
0	0
0	0
9	7
0	1
0	0
0	0
29	7
0	0
0	0
9	52
9	0
0	0
0	0
0	0
15	2
0	1
109	40
25	25
1	10
3	7
17	17
0	12
0	19
3	23
5	2
1	14
0	14
23	28
1	11
0	0
0	0
1	0
118	515
15	515
14	364
10	267
0	354
4	31
0	0
0	0
0	1
0	0
13	1
0	0
0	1
0	0
0	0
0	0
0	0
0	0
0	0
0	0
0	0
0	0
0	0
0	1
0	2
0	1
0	0
1	2
0	2
0	0
0	0
0	0
0	0
0	0
0	0
5	0
10	0
29	0
0	0
1	1
0	0
0	0
0	0
0	0
0	0
0	0
0	0
0	0
5	6
0	2
0	0
1	4
0	3
2	7
4	19
0	0
0	0
0	7
11	9
4	9
6	16
0	8
2	2
0	13
8	6
1	59
80	18
0	4
1	10
6	23
1	1
26	47
0	0
1	0
40	65
35	67
0	0
0	0
0	0
0	0
0	0
0	0
0	0
0	0
0	2
0	0
0	0
0	0
10	0
0	0
0	0
0	0
0	0
0	0
0	0
0	0
0	0
0	0
2	255
0	202
11	216
14	216
0	355
7	246
1	235
0	262
106	243
0	243
0	269
0	0
0	11
0	2
1	2
0	2
0	0
4	0
0	0
2	24
0	0
0	0
0	0
0	0
0	0
0	0
0	0
0	0
0	0
0	0
0	0
5	8
0	0
2	0
0	0
0	0
0	0
0	0
8	128
1	29
0	30
0	28
0	28
3	4
0	0
0	0
6	0
0	0
0	0
2	8
0	0
2	1
0	0
0	6
0	6
0	0
0	6
0	0
0	0
0	0
0	0
3	23
0	0
0	0
8	5
0	0
8	16
0	138
30	194
0	75
0	160
7	1
0	2
0	0
5	3
1	0
0	0
0	0
0	0
0	1
0	0
4	1
33	10
0	2
1	0
0	0
31	15
0	12
2	2
0	2
0	3
0	0
0	0
0	0
0	0
0	0
0	0
0	0
0	0
0	0
0	0
0	0
0	0
0	0
0	0
59	25
0	0
0	0
0	0
1	0
0	1
0	1
0	9
1	9
0	1
0	6
0	1
3	0
0	5
0	4
0	0
0	3
0	1
0	1
2	2
9	4
1	0
0	0
0	0
0	0
0	0
0	0
0	0
1	1
0	1
0	0
0	1
0	1
0	0
0	0
0	0
0	106
0	133
9	133
5	145
0	52
0	60
1	3
0	0
3	12
0	1
0	1
9	10
3	1
1	0
0	0
3	30
21	38
9	30
14	5
6	20
0	6
2	2
0	2
0	2
0	0
0	0
0	0
0	0
0	2
0	1
0	0
0	0
0	0
0	0
0	0
0	0
0	0
0	0
0	0
0	0
0	0
0	0
1	1
19	3
1	35
7	5
27	28
13	7
0	2
0	0
0	2
0	1
0	1
181	36
0	28
5	36
0	140
0	40
0	421
0	361
0	460
42	1039
0	257
0	29
0	532
0	12
0	546
15	631
2	774
1	726
0	303
0	410
0	420
1	403
2	524
0	634
0	373
0	53
0	80
0	35
1	435
0	365
52	76
0	311
1	11
1	0
0	0
0	0
0	0
0	0
1	0
1	0
3	28
3	28
0	2
2	67
3	70
4	70
1	71
82	45
1	64
3	17
2	26
62	27
0	37
0	34
1	0
3	16
0	0
16	3
0	3
34	3
0	0
0	0
0	0
0	0
0	0
18	38
31	66
20	704
1	27
582	767
0	492
29	171
1	1
0	1
0	0
1	0
17	55
0	4
0	1
0	0
0	0
0	0
0	0
0	0
0	0
0	0
0	0
0	0
0	0
0	0
0	0
0	0
0	0
0	0
0	0
0	88
31	116
0	89
0	62
0	80
0	447
0	37
0	12
0	3
0	235
0	48
0	4
0	205
0	25
0	0
0	0
0	0
0	0
0	0
17	78
0	22
17	66
8	6
17	2
5	2
0	114
0	115
0	3
0	1
0	1
0	1
0	0
0	0
0	0
0	0
0	0
0	0
0	0
0	0
0	0
0	0
0	0
0	0
0	0
0	0
0	0
0	0
2	0
0	4
0	43
0	3
0	3
0	9
0	5
2	1
0	39
7	26
0	0
36	7
0	0
0	0
0	43
5	0
2	15
0	0
10	3
2	8
15	31
1	10
89	0
0	95
0	95
20	56
7	33
3	0
18	22
0	23
0	0
55	3
0	0
1	3
61	89
0	41
0	95
29	80
30	27
26	128
0	2
13	43
0	181
0	0
0	0
0	0
0	0
0	0
0	0
0	0
0	0
1	0
0	0
0	0
0	0
0	0
449	1
117	19
6	243
23	261
88	12
28	118
1194	107
41	4
0	0
0	0
58	1112
0	1082
155	1076
0	1088
41	1068
0	111
3	39
15	16
0	0
0	0
0	3
0	0
0	0
8	25
6	9
1	3
0	6
5	5
0	6
2	1
0	0
1	0
6	0
10	7
0	1
2	2
0	2
0	0
0	81
323	0
279	88
0	0
56	83
0	46
1	39
8	10
5	3
1	6
6	2
14	2
59	3088
0	26
0	287
0	4
0	11
0	742
31	78
4	65
1	25
29	24
187	358
15	247
239	404
39	112
0	2
0	2
0	2
0	1
0	0
6	0
0	0
0	0
6	14
0	0
0	0
28	31
47	112
0	5
76	0
0	0
0	0
0	0
0	0
0	17
0	84
0	17
0	0
0	0
0	0
0	3
0	7
0	1
0	9
0	0
0	0
5	3
4	1
0	0
1	0
13	0
5	11
0	2
4	1
0	415
0	0
0	0
4	7
0	11
0	11
2	7
0	5
2	3
0	0
15	5139
0	4815
0	422
0	162
0	50
0	759
1	20
5	9009
44	1359
37	4157
2	0
3	6
0	0
11	6
85	23
1	0
0	0
0	0
0	22
0	22
0	0
0	0
0	0
0	0
0	0
0	0
0	141
0	0
0	158
0	0
0	0
0	0
0	1
0	0
0	0
0	67
0	9
8	64
2	4
22	1
0	0
0	0
0	91
0	0
0	108
0	0
0	0
123	80
0	10
0	0
0	53
0	0
0	9
0	9
3	0
0	2
0	3
352	289
69	282
50	204
5	9
7	20
0	80
0	0
2	0
13	0
0	0
0	0
1	0
0	6
0	0
0	0
0	0
0	0
0	1
0	1
0	19
0	0
0	0
21	203
1	198
1	93
36	123
17	20
0	0
0	0
0	0
9	11
2	1
0	0
0	2
0	8
0	6
0	0
24	0
0	0
0	0
37	22
14	237
32	3
6	40
0	137
25	0
0	0
3	3
5	23
2	1
0	0
0	0
62	14
2	14
0	0
0	0
0	0
10	0
0	0
0	0
0	0
0	0
0	0
0	0
5	0
0	0
0	29
0	15
0	14
0	0
0	32
23	29
0	1
1	31
1	0
0	0
0	0
26	26
0	0
0	0
0	0
0	0
26	63
0	2
152	92
26	85
0	0
0	0
0	0
0	0
0	0
0	0
1	0
0	96
0	0
7	11
0	0
13	7
0	0
0	0
0	0
0	0
0	15
0	15
0	0
0	0
0	0
0	0
46	1
0	0
33	124
1659	1507
3	652
5	129
14	436
2	238
6	23
43	463
0	5
0	0
19	50
0	0
5	0
0	0
0	0
0	0
14	184
0	75
0	94
0	129
14	126
2	9
0	0
3	57
21	19
2	45
0	45
18	42
80	13
20	59
11	5
27	22
22	19
0	0
0	0
0	0
0	0
0	162
0	357
0	0
20	30
0	29
0	14
0	0
0	37
0	0
1	2
0	1
0	1
0	25
0	0
0	1
0	1
0	0
72	0
0	0
0	0
0	1
0	1
0	1
0	1
4	2
0	0
2	6
0	0
0	0
0	0
2	1
0	0
75	31
39	13
0	171
2	466
6	437
33	76
9	26
0	9
1	154
0	3547
0	1214
0	10
0	1044
0	853
0	816
4	14
34	45
0	15
56	5
40	6
0	0
0	0
0	0
0	3
30	270
2	0
18	21
1	8
0	0
0	0
0	0
0	79
0	0
0	96
0	0
0	0
0	0
0	0
0	0
0	0
1	27
7	35
73	205
23	200
19	181
17	97
0	1
7	2
64	79
3	91
0	2
4	3
0	3
15	15
0	0
0	4
7	8
0	2
0	4
0	4
0	4
0	4
8	51
8	10
0	10
0	12
1	18
13	49
0	54
3	53
0	6
0	20
0	0
11	45
4	31
174	33
0	20
0	1
0	0
0	0
0	0
13	55
0	29
61	74
3	74
8	0
4	8
103	35
63	35
101	83
0	36
0	0
0	0
2	0
0	0
0	0
1	0
0	0
0	52
0	84
0	31
0	6
0	41
0	145
0	16
0	5
8	0
2	10
0	10
0	0
0	0
12	23
0	0
0	0
1	5
0	0
0	0
0	0
0	0
0	0
0	0
59	13
39	4
144	43
14	205
34	140
31	268
162	275
40	63
213	166
202	198
0	0
0	0
0	0
0	1
0	1
0	22
1	22
0	0
0	0
1	0
0	62
5	0
1	0
0	0
0	0
0	0
38	21
87	360
59	15
24	351
17	51
6	58
1	46
18	29
0	0
0	0
0	0
0	0
5	0
0	0
363	622
7	256
31	229
59	144
6	384
0	272
1	4309
0	943
0	820
0	449
0	3156
0	1514
0	6
0	0
0	0
0	258
0	0
0	0
0	258
0	0
0	49
0	258
0	0
0	0
0	0
0	0
0	0
4	48
0	0
0	281
0	53
0	0
0	5
30	61
0	0
21	0
6	18
0	17
0	23
0	83
9	12
3	13
27	5
0	0
0	4
0	0
0	0
0	0
15	73
0	0
7	7
0	6
0	0
2	0
0	0
6	1
5	7
33	33
5	7
35	26
0	28
0	28
0	0
0	1
0	0
0	21
0	22
0	19
57	52
0	0
0	0
0	29
0	0
0	0
0	5
0	0
0	0
1354	1936
9	1980
32	1635
4	39
0	16
1	166
0	177
18	62
0	30
0	223
178	1147
18	603
0	197
35	194
0	164
2	96
0	0
0	9
0	0
0	1
0	0
0	0
0	4
0	372
22	40
5	553
0	6
0	0
0	9
4	0
59	8
0	4
0	4
0	4
0	4
0	16
0	500
8	138
41	130
0	1
1	1
1	24
0	0
0	0
0	0
0	3
0	3
20	3
0	0
0	0
0	0
0	0
0	0
3	91
0	0
0	0
0	102
0	0
0	0
0	8
54	10
0	0
0	0
62	32
0	105
0	20
0	0
0	0
0	98
0	34
0	15
0	15
0	0
0	0
0	0
0	0
89	3566
17	124
0	355
0	103
180	188
0	243
14	89
4	9
0	0
0	0
0	0
0	0
13	22
0	0
0	0
61	0
0	0
0	17
0	0
0	0
0	0
17	212
8	66
4	24
32	34
0	316
11	95
74	91
6	39
122	73
171	2505
6	457
66	191
0	8
19	56
0	68
0	50
2	306
5	6
0	18
14	2
4	6
0	2
1	38
0	20
2	0
0	0
0	0
0	0
0	116
49	18
3	131
17	134
0	0
0	0
0	0
1	0
0	0
0	0
1	0
0	0
0	0
0	0
0	0
0	0
0	0
0	0
0	0
0	0
1	0
0	0
0	3
0	0
0	3
0	0
0	0
0	3
1	3
2	3
0	0
0	0
0	0
0	0
0	0
0	0
10	0
0	1
0	1
0	0
0	0
0	6
0	5
0	0
107	12
0	0
2	0
45	9
0	7
0	6
78	15
0	15
0	31
0	0
0	0
0	0
0	0
0	0
0	0
0	1
1	3
0	0
0	0
0	0
0	20
0	0
0	0
79	340
0	43
0	0
0	0
0	0
0	0
1	10
1	0
0	0
0	0
0	0
0	0
0	0
0	0
15	9
0	0
0	0
10	13
0	0
22	23
17	41
0	24
0	28
0	1687
0	1249
0	716
0	976
0	354
0	734
0	344
0	164
0	129
0	56
0	7
0	0
0	5
2	1
0	13
13	12
138	9
14	21
7	20
10	1
0	0
0	0
0	3
0	111
0	111
0	0
0	1
0	0
0	0
0	0
0	0
0	0
0	0
0	0
0	0
0	0
0	0
0	0
0	0
0	0
0	0
0	1
0	1
0	0
2	1
0	0
0	0
0	0
0	0
0	0
0	1687
0	1249
0	716
0	976
0	354
0	734
0	344
0	164
0	129
0	56
0	8
0	0
0	5
5	9
0	0
0	0
0	0
0	0
2	0
0	0
0	0
0	0
0	0
0	36
0	93
0	18
0	29
11	441
0	554
1	8
75	4
5	1
0	10
0	3
0	0
4	61
248	167
2	330
16	234
0	51
0	63
22	7
1	0
1	1
0	0
0	0
11	12
0	0
0	0
0	0
2	0
9	1
0	1
28	34
1	30
0	4
0	0
0	1
0	3
0	1
0	0
0	1
0	0
0	0
3	0
44	18
317	2
4	0
0	2
0	0
0	0
23	121
0	0
0	31
0	31
0	0
0	0
57	96
44	96
0	0
23	21
53	111
0	12
5	56
4	57
11	0
4	15
0	15
63	21
0	0
8	14
1	8
1	0
0	0
0	0
0	0
1	0
0	10
0	0
0	8
0	7
4	7
0	4
10	5
0	0
19	13
18	16
0	1
2	1280
30	2372
0	214
22	63
2	0
49	3
0	0
0	0
9	191
11	57
0	191
50	0
7	110
5	101
0	0
0	0
0	33
1	36
4	32
4	3
44	4
1	0
4	1
1	85
107	154
17	37
9	25
0	21
2	12
0	0
0	99
0	100
2	99
0	99
0	0
25	91
0	96
0	0
31	9
0	9
3	1
0	0
0	1
14	6914
700	7819
23	463
42	111
18	26
20	2
0	0
0	2
0	1
0	15
0	0
0	1
4	1
21	8
0	1
0	2
46	0
0	7
0	2
0	24
0	12
1	5
17	7
11	5
0	18
0	9
10	10
0	24
44	3
2	8
0	10
100	0
11	8
0	0
0	0
0	0
0	0
0	0
49	142
14	103
0	40
1	9
13	0
0	16
46	15
1	23
0	22
18	26
6	22
0	14
14	0
0	0
20	0
28	68
3	26
4	0
0	1
0	0
10	16
14	86
0	0
8	1
0	1
8	96
62	232
34	85
6	205
0	72
1	0
5	4
30	36
1	12
0	4
111	20
2	6
39	11
450	394
0	65
0	0
0	22
0	7
0	1
103	39
107	79
0	2
0	0
0	0
0	0
0	0
0	0
0	0
19	0
0	0
0	4
0	4
0	4
0	4
0	43
12	14
3	27
2	27
0	1
0	0
0	6
29	20
0	17
0	4
0	9
22	8
10	79
1	22
0	33
0	84
2	84
0	95
0	48
6	77
0	28
14	3
0	11
0	11
0	11
0	0
0	0
0	0
0	0
0	0
0	0
0	0
3	2
0	0
0	10
106	167
0	0
0	0
0	0
0	0
0	0
0	0
1	0
0	0
6	0
0	0
0	0
0	0
0	0
0	0
3	8
0	0
0	0
3	0
0	0
0	0
0	0
0	0
0	0
0	0
0	31
0	0
0	0
0	0
3	51
0	5
0	5
0	5
0	5
0	0
0	0
0	2
0	0
0	0
0	1
0	0
9	3
0	0
0	0
6	1
2	0
0	0
0	0
0	0
0	0
0	0
0	1
0	1
0	0
0	0
0	0
35	5
0	0
0	0
32	3
15	20
65	19
0	415
18	0
0	0
0	2
0	9
8	2
0	0
0	0
0	0
11	7
14	11
0	0
0	2
0	2
0	2
0	2
0	2
15	49
0	0
0	0
0	0
0	6
0	2
22	3520
1	4771
0	1514
266	1848
119	219
26	14
62	32
0	8
5	29
0	20
6	4
0	0
0	8
159	58
5	4
7	6
0	9
29	3
0	159
106	46
2	21
5	16
2	182
0	140
79	18
0	0
0	0
0	0
0	0
0	0
0	1
0	1
0	1
0	0
0	0
80	44
1	67
0	13
0	0
10	69
1	0
4	0
28	49
13	55
0	15
0	28
0	103
0	16
5	10
6	1
0	0
0	4
0	4
26	0
1	0
12	217
0	147
1	138
0	80
0	60
0	25
0	55
0	372
0	0
0	1
0	1
5	1
1	108
5	242
9	248
14	261
0	94
16	88
0	94
0	2
113	2
0	0
0	1
0	415
0	0
0	0
0	0
0	0
0	0
3	4
0	0
0	0
0	0
0	0
0	15
0	6
0	1
1	1
0	0
0	1
49	161
15	134
11	170
13	137
1	62
58	39
2	47
139	64
61	207
223	187
6	76
30	33
0	0
1	0
11	230
28	24
128	25
41	28
9	206
18	4
0	15
0	33
0	2
0	0
0	0
0	0
0	11
0	0
0	0
0	0
0	0
128	80
0	0
1	0
0	3
0	0
0	0
6	108
0	120
6	381
1	40
27	375
1	208
4	108
3	27
6	11
2	57
12	4
29	4
128	265
0	5
0	0
9	0
1	0
0	0
1	7
0	4
0	2
13	4
1	98
0	104
0	100
208	91
2	59
0	5
326	316
316	286
0	39
81	40
0	0
0	0
0	0
0	0
11	2
0	1
33	8
0	0
3	4
0	0
3	0
0	0
4	250
36	405
0	98
0	1
0	1
0	0
36	63
290	318
228	211
30	3
0	0
0	0
0	0
0	0
0	1
0	0
0	0
0	0
0	0
0	0
0	3
0	0
0	0
0	0
105	5
6	20
0	0
2	0
0	3
1	3
0	3
0	0
0	9
0	9
0	1
0	1
1	7
21	9
1	7
3	0
87	34
3	80
4	39
2	38
2	3
11	3
0	0
331	208
7	146
0	0
0	0
0	0
3	0
46	47
0	38
8	0
6	0
8	0
0	2
0	2
9	17
13	10
14	27
1	40
0	5
15	0
0	11
6	11
0	0
0	0
0	0
0	0
0	0
11	24
0	0
0	0
0	0
0	0
1	0
0	0
0	0
0	3269
0	172
0	1461
404	308
7	1
7	1
2	0
0	0
0	0
0	0
0	0
0	0
0	0
0	1
0	0
16	2
0	1
0	0
0	0
0	0
5	9
0	410
2	335
0	0
0	0
0	4
7	3
99	53
18	46
0	0
1	0
3	2
0	1
0	1
7	1
0	8
0	1
0	1
0	0
0	0
0	0
0	25
0	21
0	21
0	116
0	19
13	36
54	37
6	43
23	81
2	225
3	191
0	165
0	2
0	2
2	0
0	261
0	72
0	25
0	3
0	0
0	0
0	98
4	69
0	35
0	1323
0	165
0	1060
0	87
0	0
0	22
0	0
0	0
0	22
0	0
0	7
0	0
4	0
0	0
0	10
0	0
0	0
0	1
3	15
2	0
0	129
0	354
0	734
0	1687
0	1249
0	716
0	976
0	344
0	164
0	56
0	8
0	0
0	5
0	0
0	0
0	0
0	0
0	0
0	0
45	127
25	159
2	52
0	0
47	39
1	0
0	17
0	0
48	51
45	8
2	22
2	2
0	0
0	0
0	0
0	0
6	1
2	0
0	0
0	0
9	77
0	0
1	0
1	0
16	20
0	4
0	0
0	0
0	0
1	3
2	0
80	8
0	8
16	7
0	7
30	91
0	14
0	22
0	2
112	74
33	29
46	66
2	9
0	9
7	11
0	0
0	0
0	0
0	71
8	77
73	0
0	6
0	0
0	0
0	230
0	0
13	37
1	36
0	3
0	3
0	23
0	0
17	7
0	5
0	5
4	3
0	13
1	0
0	0
36	70
5	25
30	7
18	47
0	0
0	0
0	0
0	0
0	4
0	3
0	0
0	0
0	106
0	0
0	123
0	0
48	19
13	18
33	25
0	8
0	0
0	0
4	1
0	1
0	0
0	371
0	296
7	0
31	33
61	59
5	0
4	0
0	0
0	0
1	1
3	1
3	0
0	0
0	88
0	63
0	89
0	62
0	80
0	447
0	37
0	12
0	3
0	235
0	48
0	4
0	205
0	25
0	0
0	0
0	0
8	26
0	4
11	21
0	5
48	1
0	0
46	265
7	237
7	265
25	16
8	27
29	58
554	48
0	415
13	1
0	0
0	0
0	0
0	0
0	0
0	0
0	0
0	0
2	1
21	0
0	0
0	0
0	0
13	2
0	0
0	0
0	0
0	2
0	0
219	119
0	5
0	0
0	0
0	0
0	1
6	0
0	0
0	0
0	49
0	3
0	56
0	0
0	4
0	4
0	4
0	4
28	31
77	239
1	6
10	225
35	10
2	69
70	20
18	0
2	81
596	437
0	98
1	0
0	7
0	1
0	6
0	0
0	0
0	6
0	6
0	1
2	1
0	1
0	20
0	20
0	0
36	147
58	163
0	44
0	134
0	0
0	0
0	30
0	23
0	0
0	0
1	1
9	1
0	5
8	10
4	8
191	61
2	6
0	6
5	1
21	18
7	5
0	1
15	1
18	1
0	0
0	19
0	0
0	0
0	0
9	27
0	8
0	29
0	20
0	1
0	1
0	0
0	0
17	15
0	0
0	0
0	0
0	0
2	0
0	0
11	34
1	3
6	0
0	0
0	21
24	32
86	286
220	420
0	136
241	311
67	64
0	211
8	85
51	1325
486	1458
0	164
0	197
18	579
71	73
0	2
0	23
2	0
3	22
0	22
0	0
0	0
4	35
0	0
0	0
13	37
0	0
1	0
0	16
0	0
0	11
0	0
5	2
3	6
5	21
0	7
121	24
45	986
0	549
0	0
0	0
1	29
0	30
0	25
0	0
0	29
0	29
0	0
0	0
0	0
0	0
1	1
0	0
0	0
0	0
0	1
0	1
0	0
0	0
0	0
0	5
0	0
18	29
0	0
0	0
0	0
3	23
0	0
0	23
0	0
0	0
0	0
16	6
0	0
0	0
0	0
1	0
0	0
0	0
0	0
1	12
75	315
3	182
43	295
3	18
78	88
0	79
7	6
27	82
0	91
9	89
0	90
23	76
2	3
4	3
0	0
0	0
0	9
2	61
0	254
0	25
0	23
0	33
0	10
0	14
0	0
0	0
0	0
0	0
7	370
384	980
0	711
381	933
46	694
2	477
2	0
0	0
0	0
37	23
0	0
0	0
0	0
0	0
0	0
0	8
24	11
0	10
0	13
0	4
0	2
0	0
0	0
0	4
0	4
0	4
0	4
0	0
0	0
0	0
0	5
0	5
158	284
28	46
77	154
0	0
0	0
0	0
0	0
0	0
0	0
0	0
0	0
0	8
41	13
1	8
0	4
0	4
0	0
0	0
0	0
0	0
0	0
0	28
0	28
0	0
0	1
0	0
0	0
17	9
0	1
0	4
0	4
0	4
0	4
94	82
2	23
2	6
0	2
0	5
0	5
0	12
0	0
0	0
1	0
0	0
19	15
0	0
0	0
48	21
0	16
0	1
0	3
2	4
0	0
0	4
0	0
0	0
0	0
0	0
0	0
0	0
0	0
0	0
0	0
0	0
7	1
3	0
6	41
0	33
0	0
0	0
0	0
0	0
0	0
0	0
0	0
0	0
0	0
70	1
2	5
0	4
0	16
10	23
38	62
0	2
2	14
0	0
6	1
0	45
5	27
1	44
4	44
12	38
0	0
0	0
0	0
0	0
0	0
4	1
3	2
6	1
90	691
1	0
0	0
0	0
0	0
0	0
0	552
0	0
1	8
0	6
3	65
0	0
0	0
1	14
0	33
0	5388
189	6197
17	472
1	0
0	0
21	9
29	52
19	55
0	1
0	1
0	0
19	137
0	0
0	0
5	1
19	63
1	1
0	0
18	0
0	0
0	18
0	0
15	4
0	0
0	0
0	0
60	34
0	0
0	0
121	803
18	548
0	846
7	996
0	688
0	0
1	2
3	0
1	0
2	0
0	2
1	0
2	0
0	0
26	7
0	7
285	296
13	11
13	24
6	10
5	6
3	8
50	3
47	20
22	16
0	0
0	0
0	0
0	0
0	21
40	253
0	340
13	399
63	431
52	149
43	222
45	71
70	76
42	120
2	58
12	19
0	12
0	0
0	0
0	0
13	11
0	0
2	26
1	17
1	28
13	44
10	6
91	202
24	27
0	32
1	2
0	43
0	40
0	54
0	5
0	47
0	37
0	5
0	9
0	96
0	0
0	0
0	0
0	0
0	0
11	43
0	34
0	0
0	46
0	53
0	0
4	0
0	0
0	0
0	0
142	1281
86	4050
76	3179
31	3617
72	3629
391	626
6	172
0	172
0	80
15	274
4	505
27	95
29	126
7	80
7	36
37	37
1	119
0	84
1	42
17	6
0	5
0	5
0	0
1	3
13	36
7	4
0	0
0	0
0	0
0	0
0	0
0	0
61	2
4	7
5	6
1	2
59	11
0	11
5	8
0	0
12	40
68	18
2	14
21	2
0	0
0	1
0	0
0	0
0	0
215	118
105	94
33	144
0	34
10	50
9	40
10	0
0	0
0	1
0	0
0	0
0	3
0	0
0	0
0	0
0	0
0	0
42	1511
39	286
57	1439
0	18
0	3
0	0
0	1
0	4
0	4
0	1
0	1
0	2
0	16
0	17
0	0
0	0
0	1
11	19
0	1
0	0
0	0
2	0
2	0
13	0
2	256
2	0
10	17
0	0
0	0
10	0
0	0
2	0
6	4
0	0
0	0
6	0
0	3
0	5
64	0
1	29
5	129
60	1147
0	58
0	54
1	287
15	1175
14	304
0	16
1	46
0	1090
2	28
0	439
14	225
0	24
0	0
0	0
0	0
0	12
0	0
0	0
0	1
0	13
0	2
44	38
0	3
0	3
0	34
0	1
0	130
0	4
0	4
0	4
0	4
1	0
0	0
0	2
16	64
3	7
0	14
1	1
0	1
0	0
0	0
0	0
0	0
4	1
5	3
7	3
12	1
0	1
0	0
0	0
0	0
16	343
0	315
0	0
0	0
1	0
0	0
10	24
0	0
0	0
0	0
0	80
0	114
0	171
0	25
0	30
0	20
0	278
0	52
0	0
0	5
4	25
0	2
0	3
0	0
0	0
15	79
2	33
1	126
0	0
0	0
0	34
0	1
33	19
0	0
0	3
12	4
4	0
1	0
0	0
0	17
0	0
0	0
0	0
0	0
8	1
17	1
0	0
0	0
0	0
0	0
62	5
0	5
3	78
0	77
0	72
207	230
35	144
41	377
0	93
10	124
0	9
1	258
106	5008
0	214
0	0
81	43
0	0
0	0
0	0
50	36
2	4
0	14
1	13
0	34
1	2
4	27
1	38
0	0
0	0
0	0
5	31
0	1
0	31
0	31
0	0
0	0
6	15
0	5
0	0
30	20
4	22
0	0
0	0
0	0
9	46
57	46
0	2
0	10
0	0
41	74
4	4
0	0
0	30
0	0
0	0
4	20
0	20
0	4
0	1
2	14
0	11
1	0
0	0
0	0
0	2
0	56
0	49
0	18
0	100
0	37
0	0
0	33
0	0
0	0
0	0
65	578
76	578
289	696
0	559
69	145
0	0
0	0
0	0
0	0
0	133
0	1
0	25
0	18
26	214
0	227
0	194
0	194
0	37
0	75
0	83
3	4
0	2
0	1
149	25
1	24
0	0
0	131
0	1
0	0
1	32
0	0
0	0
0	0
6	10
0	0
0	0
876	233
433	44
129	107
7	130
85	25
277	131
0	3
0	2
0	6
4	0
12	8
15	8
0	0
0	14
0	14
0	0
0	0
0	0
0	0
0	0
0	1
0	0
0	35
3	39
40	38
0	0
60	74
380	92
0	13
0	0
0	0
0	0
0	0
0	0
0	0
0	0
0	96
0	0
7	3
0	0
0	0
0	0
44	26
0	9
0	0
0	0
0	0
0	0
0	0
0	687
5	8
0	3
2	6
0	7
0	6
2	13
0	7
0	1
0	6
1	2
2	3
96	0
0	96
0	0
4	19
0	0
0	0
0	6
0	11
0	5
0	0
0	0
0	0
0	22
0	0
9	60
0	55
15	30
3	34
1	1
0	0
0	9
0	0
0	0
16	1
2	0
26	597
0	148
1	132
0	119
0	62
0	18
0	0
0	0
0	0
0	0
0	0
0	415
1	12
0	4
0	0
7	458
1	385
7	103
0	7
0	0
6	1
0	0
63	4
0	1
129	108
5	68
0	56
69	10
6	10
4	5
163	311
10	140
53	199
13	53
138	97
0	9
122	38
246	3819
1	1588
0	3
2	0
4	0
0	0
0	0
0	0
8	0
3	6
0	0
1	0
0	0
0	0
0	0
0	0
0	36
0	20
1	1
3	0
0	0
0	0
0	261
0	72
0	25
0	3
23	95
0	0
0	84
27	78
65	82
33	61
43	27
0	0
0	25
12	12
45	1
0	0
0	0
0	0
0	2
0	1
0	1
0	0
0	0
0	0
0	0
0	0
0	0
171	725
0	24
5	403
0	43
1	73
7	32
4	146
2	37
3	20
153	96
0	52
25	141
0	5
0	9
5	4
0	2
0	1
0	0
0	0
0	0
1	0
0	0
23	17
3	23
1	3
4	4
3	4
0	15
0	11
1	25
1	1
197	220
7	18
2	110
0	114
34	102
85	41
0	230
0	3269
0	172
52	737
23	1247
5	933
0	1461
21	50
9	0
0	0
84	0
0	0
1	0
0	0
4	1
0	0
40	25
11	0
0	0
0	0
0	0
0	0
0	0
0	0
0	0
0	0
0	0
0	0
0	0
19	7
0	0
0	0
2	2
6	69
183	325
43	1
0	1
37	97
14	43
0	11
6	5
29	71
11	58
0	0
4	1
0	16
3	6
0	0
0	1
0	1
0	0
0	0
0	0
11	107
12	106
0	0
0	0
0	1
0	0
0	0
0	1
0	3
0	4
0	2
0	0
0	0
0	1
0	1
6	0
0	7
10	11
0	4
0	4
0	4
0	4
0	0
3	0
0	0
0	9
0	0
0	0
0	12
112	34
4	4
0	1
0	0
170	8
0	26
0	0
0	11
0	0
0	16
0	500
0	1
0	1
0	1
0	0
0	0
0	0
0	0
0	0
1	0
0	0
4	1
3	1
0	0
0	0
0	0
0	2
0	2
1	0
7	18
0	4
0	16
0	18
0	1
0	25
0	133
2	2
0	0
0	0
0	0
0	0
0	0
0	0
0	1
0	0
0	0
0	0
0	0
13	14
193	71
10	29
60	19
9	18
99	1
0	0
0	0
0	0
0	0
0	2
0	4
29	47
0	415
0	0
0	20
0	1
83	47
0	0
0	0
0	0
0	0
0	0
0	0
0	0
0	0
13	0
101	16
5	13
0	0
0	1
0	0
0	0
3	0
0	0
0	0
0	0
0	0
0	0
0	0
0	0
0	0
1	17
0	1
17	3
0	31
6	3
0	3
28	0
0	0
0	0
0	0
0	0
0	0
0	0
5	5
0	6
4	2
1	4
0	0
0	4
28	29
0	23
2	66
0	3
28	1
0	10
0	2
13	67
0	3
0	2
0	3
10	55
12	35
0	3
0	2
0	98
0	35
10	351
0	105
32	89
17	153
61	99
14	107
61	81
0	3
0	2
0	0
0	0
0	0
0	0
0	0
0	0
7	0
0	0
0	0
0	0
0	1
0	0
0	0
0	0
0	0
0	9
0	0
44	0
7	0
1	0
0	0
18	39
100	44
12	4
49	23
4	4
17	10
500	325
47	2
0	290
8	42
0	0
0	0
0	0
64	7
46	171
12	150
20	126
194	114
8	2
0	0
0	0
0	0
0	0
0	0
0	5
0	0
0	0
0	0
0	0
0	0
0	0
86	175
62	175
1	167
0	75
13	55
17	71
137	295
0	282
1	94
31	14
0	14
0	0
0	0
0	0
0	8
0	8
0	8
0	9
0	0
0	0
0	0
0	0
0	1
4	0
0	1
0	1
0	0
0	0
25	167
12	184
34	184
0	7
0	22
0	0
0	1
24	21
0	0
5	2
0	1
0	1
23	33
0	0
27	69
0	0
0	0
19	132
0	0
843	51
0	50
28	53
13	21
5	13
0	7
0	7
0	7
5	1
3	0
0	0
9	0
0	0
0	7
0	1
1	67
0	60
0	51
0	28
77	83
5	4
0	415
1	229
0	229
0	81
156	0
0	0
0	0
0	0
0	0
0	0
24	23
0	15
0	12
0	0
0	0
37	27
41	21
60	81
8	94
17	25
28	31
0	36
0	20
0	1
0	46
0	0
0	53
0	0
0	415
130	144
16	122
0	0
5	104
3	109
0	109
4	29
5	17
0	18
46	24
0	0
0	0
0	0
3	62
66	71
763	144
0	0
0	0
0	1
0	0
0	0
0	0
0	3
0	0
0	1
0	0
0	1
0	0
38	6
0	0
0	0
0	0
0	0
2	33
0	0
13	23
0	6
0	0
0	0
0	0
0	0
0	0
0	2
0	0
0	1
0	1
0	0
0	0
11	15
4	15
0	0
0	17
0	0
0	0
0	0
18	2
37	71
0	31
7	28
6	52
5	31
14	31
0	0
0	0
0	0
0	0
0	0
0	161
32	306
604	161
5	12
25	152
10	78
10	25
1	5
0	20
0	38
0	0
0	1
0	0
0	0
0	0
0	0
0	0
0	0
8	36
0	0
0	0
15	11
203	29
85	68
110	73
5	0
0	0
0	0
0	0
0	0
4	2
0	0
0	0
7	1
13	4
10	4
2	21
0	0
0	0
0	0
11	22
1	2
1	0
0	0
0	1
1	0
13	10
9	9
0	5
33	9
18	5
0	0
0	0
0	0
0	3
0	10
6	3
0	0
0	0
0	0
0	17
0	84
0	17
0	0
0	80
0	114
0	171
0	25
0	30
0	20
0	278
0	52
0	272
0	4632
0	943
0	820
0	449
0	3156
0	1514
0	281
0	53
0	0
0	0
0	3547
0	1214
0	10
0	1044
0	853
0	816
0	18
0	3
0	0
0	1
0	4
0	4
0	1
0	1
0	2
0	0
0	25
0	0
0	0
0	0
0	52
0	84
0	31
0	6
0	41
0	145
0	16
0	5
0	36
0	93
0	18
0	29
0	16
2	4
5	0
0	10
0	13
0	4
0	2
0	0
0	0
0	0
0	0
0	0
0	25
0	21
0	21
0	116
0	19
0	56
0	49
0	18
0	100
0	37
0	0
0	0
0	0
0	22
0	22
0	0
0	0
0	0
0	0
0	2
0	2
0	2
0	1
0	0
0	1
0	0
0	0
0	0
0	0
0	1
0	0
0	0
0	0
0	0
0	0
0	0
0	0
0	0
0	0
0	0
0	0
0	0
0	0
0	0
0	47
0	37
0	5
0	9
4	10
0	0
0	8
0	7
0	7
0	36
0	33
0	47
0	5
0	0
0	0
0	0
0	0
0	0
0	0
0	0
0	0
0	0
0	0
0	0
0	0
1	0
0	18
0	0
0	3
0	2
0	0
0	0
0	0
0	0
0	0
0	0
5	0
0	0
31	16
0	0
0	0
1	0
3	0
0	0
14	0
0	0
0	0
1	39
0	0
0	0
7	0
0	0
4	0
0	1
0	0
2	0
54	0
1	176
0	0
0	0
0	113
0	0
0	0
0	0
1	1
0	0
0	0
0	0
0	0
2	0
6	3
0	0
0	0
6	0
0	0
1	8
1	19
2	0
6	0
0	0
0	0
0	0
0	0
0	0
0	1
1	0
7	0
2	6
0	11
0	0
0	0
0	0
0	44
0	0
5	0
0	0
0	0
0	0
0	0
0	69
0	0
0	0
1	0
0	0
0	0
29	0
3	5
0	0
0	0
0	1
0	0
0	0
0	0
0	0
0	1
0	0
0	1
0	0
0	0
0	0
1	0
0	0
0	0
10	0
0	0
0	0
0	0
0	0
0	0
0	0
0	0
0	0
0	1
0	0
0	0
0	0
3	0
7	0
0	0
4	0
0	0
0	3
0	0
0	0
0	0
0	0
0	0
0	0
0	0
0	0
5	0
0	0
0	0
6	0
0	0
0	0
1	0
1	0
0	12
0	0
0	0
0	0
0	0
0	0
0	0
0	0
0	0
0	0
3	0
0	0
4	0
0	0
0	1
0	0
0	1
0	6
0	0
0	0
0	0
0	0
0	0
0	0
1	1
0	0
0	0
0	0
0	0
0	0
0	0
0	0
0	0
0	0
0	1
0	0
0	50
0	0
5	0
0	9
18	1
4	0
21	6
14	0
0	0
6	0
5	0
1	0
0	0
0	0
0	3
0	0
0	0
0	0
30	19
4	0
0	0
0	0
0	2
0	0
0	3
0	0
0	0
0	0
0	0
1	0
0	0
0	1
0	0
0	0
22	2
0	0
0	0
3	0
1	0
2	0
0	0
3	0
0	0
5	24
0	0
2	0
0	1
0	0
2	0
0	0
0	0
0	0
0	0
1	0
0	0
10	28
0	0
0	0
0	0
0	0
0	0
0	0
0	0
7	0
21	7
0	0
0	0
0	0
0	0
0	26
0	0
0	22
0	7
0	0
0	32
0	4
0	0
17	0
0	1
0	23
0	0
0	0
0	0
0	0
6	0
0	0
0	0
0	0
1	0
0	5
1	0
1	14
2	0
0	0
0	0
0	2
0	1
0	0
9	3
0	0
0	0
0	0
0	0
3	0
0	0
0	0
1	0
0	0
2	0
0	0
0	0
0	0
0	0
0	2
0	3523
0	0
0	1
0	0
26	0
0	0
0	0
0	4
4	0
1	0
0	0
0	10
2	0
0	0
0	0
0	8
0	6
0	0
0	0
0	0
0	0
0	1
0	0
0	0
0	0
0	0
0	0
0	0
0	0
0	0
0	0
0	0
0	0
0	0
3	0
0	0
0	0
0	0
0	0
0	0
0	0
0	0
0	0
1	0
0	0
0	0
0	0
0	0
2	0
0	0
0	0
0	0
0	0
0	0
0	0
0	0
5	0
0	0
4	0
0	0
0	0
3	0
0	0
0	0
0	0
0	0
4	0
0	0
0	0
0	15
0	0
0	0
0	0
0	3
0	0
0	0
2	0
0	0
40	0
0	0
0	0
3	0
0	0
0	0
0	0
0	0
0	0
0	0
0	0
0	3
0	0
0	0
0	0
0	36
0	4
0	0
0	0
0	0
0	0
0	0
0	0
0	0
7	0
0	3
0	0
1	0
0	1
1	0
0	2
10	0
0	0
1	0
0	1
0	0
0	0
0	0
0	0
0	0
14	0
1	14
1	0
0	0
4	0
0	0
0	0
0	0
0	0
0	23
0	2
1	68
0	1
0	0
0	0
47	0
1	1
0	0
0	0
0	0
0	153
3	8
0	45
1	0
5	0
2	0
21	0
7	0
3	0
0	5
0	0
0	0
0	0
0	0
5	1
5	1
36	58
0	8
1	0
2	0
0	0
0	0
0	0
0	0
0	1
1	0
0	0
0	0
0	0
41	7
0	0
0	1
1	4
0	0
4	0
0	0
4	561
0	0
3	0
0	0
5	0
0	0
0	2
0	0
0	0
1	0
0	0
0	0
2	13
0	0
2	67
0	1
34	1
0	0
0	1
0	0
20	0
4	0
0	0
0	0
0	0
1	0
1	0
3	0
0	0
4	0
0	0
0	3
2	0
0	0
0	0
0	0
0	0
11	0
0	0
0	4
0	0
0	0
0	0
0	0
0	0
0	0
20	0
0	3
2	0
0	0
0	0
0	0
0	0
0	1
0	1
0	0
1	0
0	1
0	0
0	0
0	0
0	0
0	1
1	0
0	1
5	1
3	1
0	0
0	0
4	2
0	0
0	5
0	0
0	0
2	0
1	0
0	0
27	48
0	0
0	0
0	0
0	0
0	2
0	0
0	0
0	0
1	0
0	0
0	0
0	0
0	419
0	0
0	0
0	0
1	2
1	0
0	0
0	6
0	0
6	32
0	0
0	1
2	0
0	0
0	0
0	0
1	0
0	0
0	0
0	0
0	0
0	0
0	0
0	0
19	10
0	1
0	0
0	0
0	0
0	2
0	2
1	10
0	0
0	0
1	1
0	10
0	0
0	23
1	0
0	0
0	0
1	0
0	0
0	0
0	0
0	0
0	0
0	0
1	0
0	0
0	0
0	0
0	0
0	0
0	0
0	0
0	0
0	0
0	0
4	0
2	0
3	0
0	0
0	0
8	1
0	0
0	0
0	0
0	4
0	0
0	0
0	0
0	0
23	0
0	0
1	0
0	5
1	0
0	0
0	0
2	0
0	0
0	0
0	0
0	0
0	0
0	0
0	0
3	0
0	0
0	1
8	0
0	1
0	9
1	0
0	0
10	0
1	0
0	0
0	0
0	0
3	0
0	0
4	0
0	0
0	0
0	0
0	0
0	0
0	0
0	0
1	0
54	9
14	8
0	0
0	3
1	351
1	0
0	1
0	0
2	0
0	0
0	0
0	0
0	0
3	7070
2	0
0	0
2	0
0	0
0	0
0	1
0	0
2	0
2	0
0	0
0	0
0	0
0	0
0	0
0	0
0	0
0	0
0	2
0	0
0	1
0	14
0	0
5	2
2	0
4	3
0	0
15	20
0	1
0	0
2	0
0	0
0	0
5	0
1	0
0	0
0	1
0	0
1	0
0	0
5	0
0	0
3	0
0	0
1	5
0	0
1	0
0	0
0	0
0	0
1	0
0	0
0	7
0	0
3	0
1	1
0	0
1	0
0	0
5	0
12	28
0	2
0	0
4	0
0	0
7	0
0	0
6	0
0	0
0	0
0	0
0	0
0	0
0	0
0	1
0	0
0	0
8	0
0	0
0	0
0	0
0	0
0	0
0	0
0	21
0	0
0	41
0	0
0	0
0	0
0	1
2	2802
0	0
0	0
0	0
1	0
0	0
0	0
0	0
0	0
3	0
1	0
0	0
0	0
13	0
0	0
0	3
0	0
0	0
0	0
0	0
0	0
0	0
0	0
0	0
0	8
0	0
0	0
0	0
0	0
0	0
0	0
4	0
0	0
0	0
2	0
0	0
0	0
0	0
0	0
0	15
0	0
2	9
0	0
0	0
0	0
0	0
0	0
0	0
0	0
0	0
0	0
0	0
8	1
0	0
1	0
1	0
0	0
1	0
0	0
0	0
5	2
0	0
0	0
8	0
11	0
2	0
0	5
0	0
0	26
0	0
0	0
0	0
0	0
0	0
0	0
15	0
0	0
3	0
0	0
0	0
6	0
12	1
0	0
0	0
0	0
0	0
0	0
28	59
0	0
0	0
0	39
0	0
36	0
0	16
0	0
0	0
1	0
3	0
30	4
24	0
0	24
1	0
0	18
0	0
0	0
11	0
0	0
0	0
0	0
0	0
0	0
0	0
0	0
0	0
1	2
1	0
0	0
0	0
24	0
5	0
0	0
2	1
0	1
0	0
6	0
1	0
0	0
0	0
0	0
0	0
0	0
0	0
0	1
0	3
0	0
0	0
38	40
0	0
0	0
0	3
0	0
0	0
0	0
0	0
10	0
0	0
0	1
0	0
2	0
5	0
0	0
0	0
30	0
0	0
0	0
2	132
0	154
0	0
0	0
0	0
1	0
4	15
0	0
0	8
0	0
0	0
5	0
13	0
1	0
0	0
4	0
4	24
0	5
8	0
0	0
31	0
0	0
0	0
0	26
0	0
3	0
0	0
0	0
0	0
0	0
0	0
0	1
0	0
0	139
0	0
14	0
0	0
7	0
0	4
0	0
0	4
0	0
0	15
11	37
0	0
3	0
0	0
0	0
0	0
0	4
0	0
4	0
0	1
0	0
0	0
0	0
0	0
18	37
1	3
1	6
16	30
0	0
0	0
0	0
0	0
0	0
0	0
0	2
0	0
0	0
0	0
0	0
0	0
0	0
1	0
0	0
0	0
0	0
0	0
0	0
5	0
0	0
0	0
3	1
0	14
0	0
2	0
0	0
0	0
32	0
3	0
0	0
0	0
0	0
0	0
0	0
16	2
2	31
1	0
1	0
0	0
37	0
0	0
0	0
0	0
11	0
0	0
0	3
0	6
0	0
0	0
0	0
0	0
3	0
0	0
0	1
0	19
0	0
0	0
0	0
6	0
15	3
1	1
4	18
0	0
0	0
0	0
0	0
0	0
0	0
0	0
0	0
0	6
0	0
0	0
0	1
0	0
0	0
2	0
0	0
2	0
0	1
0	0
0	0
0	0
0	259
0	0
3	0
0	0
1	2
0	0
0	0
0	11
0	0
0	0
78	77
0	0
15	29
0	0
0	0
0	0
0	0
1	4
0	0
0	0
0	6
0	2
0	0
10	4193
1	0
2	0
0	0
1	0
4	0
0	0
7	0
0	0
7	10
0	0
1	3
0	0
0	0
2	0
0	0
12	0
0	1
0	0
0	0
0	0
0	0
0	0
0	0
0	0
0	0
0	0
4	0
0	2
0	0
3	0
0	0
0	0
0	0
0	0
0	0
0	0
0	0
0	60
0	0
13	0
1	5
2	0
0	0
0	0
0	0
0	0
0	4
0	41
0	0
0	0
0	0
1	0
0	0
0	0
0	2
0	0
0	3
0	0
0	0
0	0
1	5
0	0
0	0
6	0
0	0
0	0
0	0
0	0
0	0
0	0
0	0
644	1139
0	0
6	1
1	3
11	1
2	1
0	0
0	0
0	0
3	0
0	0
0	0
0	0
0	0
0	0
0	0
0	0
5	0
0	0
0	135
0	0
0	0
0	0
1	0
0	0
0	0
0	0
0	0
0	0
4	1
0	0
0	0
1	0
0	1
0	0
0	5
0	0
0	0
0	0
0	0
0	0
13	0
1	1
0	0
0	0
0	0
4	0
0	0
8	130
0	0
0	0
0	0
2	0
0	0
0	0
0	0
0	0
1	51
0	1
0	4
0	0
38	40327
0	0
0	0
0	0
1	3
0	0
0	15
0	0
0	0
2	0
0	14
0	0
0	0
1	0
0	0
0	1
0	0
0	0
0	0
0	1
5	0
2	1
2	0
0	0
0	0
8	0
0	0
0	1
0	0
0	1
0	0
0	0
0	90
1	37
0	0
0	0
0	1
0	0
0	0
9	0
3	0
0	0
0	0
0	0
0	0
2	1
0	0
0	1
0	0
0	0
0	18
0	44
0	0
0	0
0	1
0	0
0	0
0	0
7	2
0	21
2	169
1	0
0	0
0	0
0	0
0	0
0	1
0	0
0	1
0	0
1	0
0	0
0	0
0	0
8	0
0	0
2	0
0	0
0	0
2	0
4	0
0	0
0	0
0	0
16	0
0	0
0	0
0	0
0	8
0	0
0	0
0	0
1	1831
0	0
3	0
22	0
29	97
0	0
3	0
0	0
0	0
7	0
0	0
0	0
0	0
0	0
0	0
0	4
0	0
0	0
0	1
5	1
0	0
0	0
0	0
1	0
0	0
0	0
0	0
0	17
5	0
3	0
0	0
0	7
0	0
0	41
1	0
0	0
0	0
0	0
0	3
0	2
22	1
0	0
76	10
0	0
0	7
0	0
4	0
0	0
0	0
0	0
1	3
0	0
0	0
0	0
1	3
0	0
0	0
0	0
0	0
0	4
0	0
1	0
2	0
1	0
0	0
0	0
2	2
4	0
2	0
0	0
7	0
0	29
0	0
0	0
0	0
133	519
11	0
0	6
0	0
0	0
1	1
14	0
0	0
0	0
0	0
0	0
2	0
0	0
0	0
0	0
0	12
1	1
0	3
0	0
0	0
0	0
0	0
7	0
0	0
1	3
0	0
0	0
0	0
0	0
0	0
0	0
2	0
0	0
0	122
0	0
0	2
0	0
0	0
1	0
0	31
4	5
0	0
0	0
0	6
6	0
6	0
0	0
0	0
0	0
0	0
0	0
0	0
6	0
0	0
0	0
5	0
8	0
0	0
0	18
0	0
0	0
0	1
0	0
2	0
3	2
6	4
0	29
0	0
0	3
0	0
3	8
2	0
0	0
0	0
5	12
0	0
0	106
0	0
8	0
1	0
0	0
0	2
0	0
1	2
0	0
0	0
0	0
0	0
0	0
0	0
0	0
4	0
3	0
0	1
0	0
0	41
0	0
0	0
0	0
1	5
0	0
1	0
2	0
0	2
0	0
0	0
0	0
0	0
0	7
0	0
0	0
3	0
0	0
0	0
7	0
5	2
0	0
1	0
0	0
0	0
0	352
0	0
0	1
0	0
0	0
0	26
0	0
0	0
0	0
0	0
0	0
1	0
1	0
10	1
0	0
0	0
0	7
0	0
0	0
0	1
1	0
0	0
0	0
0	0
0	0
0	0
0	0
0	4
19	21
0	0
0	0
0	0
0	0
0	0
0	0
0	0
0	0
0	0
0	0
1	0
0	1
0	0
1	0
0	0
0	0
0	0
0	0
2	0
15	41
0	0
0	0
10	0
0	2
2	0
0	0
0	0
0	0
0	0
0	6
0	0
3	1
0	0
0	0
0	0
8	0
0	0
0	0
0	0
0	0
0	14
0	0
0	0
0	18
0	0
0	0
0	2
0	0
0	6
0	0
0	0
0	0
0	2
2	0
0	0
7	0
0	0
0	0
0	0
0	0
0	0
3	0
0	0
0	0
0	0
0	0
0	1
0	0
0	9
0	0
0	1
0	0
0	16
0	9
0	0
1	0
0	0
0	0
0	0
0	0
0	1
2	0
0	0
0	1
0	0
8	30
1	4
0	0
0	0
0	0
0	0
0	0
0	0
0	9
0	0
2	0
2	0
0	0
0	2
0	0
0	0
9	0
0	0
1	0
17	28
0	0
0	0
2	0
0	0
0	1
0	0
0	5
0	0
4	0
8	0
0	0
0	0
0	0
0	0
0	0
3	0
0	0
0	0
0	0
0	2
192	336
0	0
0	0
0	10
0	0
0	0
0	27
0	0
0	0
0	0
1	0
0	0
0	0
0	0
0	0
0	1
129	0
0	0
0	1
0	0
0	0
0	0
0	1
0	0
0	0
6	0
8	0
8	0
0	0
0	0
0	0
0	1
0	0
2	0
0	3
9	0
0	0
0	0
0	0
0	0
0	2
0	0
1	7
0	0
0	0
0	0
0	0
0	0
0	3
0	0
0	0
0	0
0	0
0	0
0	0
0	0
0	1
0	0
0	0
0	0
3	9
1	6
12	0
1	0
0	0
0	0
0	4
0	0
0	0
0	0
0	0
0	0
0	0
0	0
2	0
0	14
5	0
2	5
0	0
0	0
0	0
13	0
0	0
0	0
0	1
0	0
0	0
0	0
0	7
0	0
0	0
0	7
0	0
0	0
0	0
0	0
0	15
0	0
1	1
0	0
1	0
11	6
0	0
0	0
0	0
0	0
0	1
0	0
0	0
0	0
0	0
0	0
0	0
54	0
0	0
0	0
0	11
0	1
0	0
0	0
0	0
0	0
0	4289
2	5
0	0
3	0
0	0
0	0
0	0
0	0
0	0
0	0
5	0
0	0
0	0
0	0
2	0
0	0
0	0
0	0
0	0
0	0
0	0
0	0
0	0
0	0
2	124
0	0
0	0
0	0
1	0
0	0
0	0
8	0
0	0
1	0
0	2
3	0
0	20
0	0
0	0
2	202
0	0
0	0
0	0
0	0
1	0
0	0
0	0
27	18
0	0
0	0
0	0
0	0
0	5
0	0
0	0
7	5
8	0
2	0
0	0
4	0
1	0
0	15
3	0
1	0
0	140
0	0
0	0
0	0
0	0
90	71
0	0
0	0
0	1
0	1
0	0
0	0
0	0
1	0
0	0
0	3
0	0
0	0
1	0
0	0
0	0
0	0
0	0
0	0
0	0
0	0
0	16
25	0
0	0
0	0
0	0
0	0
0	0
0	0
0	0
0	0
0	0
0	0
0	0
0	0
0	6
0	0
0	0
3	0
0	0
0	0
0	0
0	0
0	0
3	0
2	0
0	0
0	0
0	0
1	0
1	0
0	0
0	2
0	0
0	0
0	0
3	0
0	0
0	14
0	0
0	0
0	0
0	0
0	0
0	0
0	0
3	3
0	0
0	1
0	2
0	0
0	0
0	6
0	0
0	0
0	0
14	1
6	1
0	3
0	0
0	0
1	0
0	0
4	0
0	0
1	0
0	0
0	0
0	0
0	0
0	0
0	0
0	0
0	0
3	0
12	0
0	0
0	0
0	1
0	2
0	0
0	0
1	0
3	1
0	0
0	0
0	0
0	0
0	0
1	0
0	0
3	26
0	0
0	0
0	0
9	50
0	3
0	0
0	0
0	0
0	0
0	0
1	0
1	0
1	0
0	0
2	0
0	0
0	5
99	0
0	0
3	11
0	2
0	0
0	0
0	0
0	0
0	3
7	0
4	4
0	2
0	0
0	0
2	0
0	0
0	0
0	0
0	0
1	0
3	0
38	0
0	0
1	7
1	9
0	0
0	0
0	0
1	0
26	0
2	1
0	0
0	0
5	0
0	0
0	0
19	0
7	0
0	0
0	6
0	0
3	41
1	0
2	0
0	0
0	0
0	0
0	0
3	0
3	0
7	0
0	15
0	0
0	0
0	0
0	0
0	0
0	0
0	0
1	0
0	0
0	0
0	0
0	3
0	0
0	0
1	10
0	1
0	0
0	0
5	0
0	0
0	0
0	0
0	0
0	13
0	0
0	0
0	0
6	0
0	0
0	0
0	1
0	0
0	0
15	0
0	0
0	0
0	0
1	2155
0	0
0	0
0	0
0	1
0	0
0	0
3	0
0	3
0	0
0	0
6	0
0	0
0	0
0	0
0	0
0	0
1	2
0	0
0	0
0	2
0	0
0	0
0	29
0	0
4	0
0	0
0	0
0	0
0	0
0	0
0	0
0	0
0	0
8	0
0	0
0	15
0	0
0	0
0	0
2	0
0	1
0	0
0	0
0	0
0	0
0	0
0	0
0	0
0	0
0	0
0	0
1	0
0	1
0	0
2	0
7	8
9	0
0	0
0	0
0	0
0	0
0	0
5	0
0	0
0	0
17	1
0	0
0	0
0	0
0	0
0	0
1	0
0	0
14	13
0	0
1	0
1	0
21	0
0	0
0	0
0	2
0	4
0	8
0	0
0	0
0	0
0	1
0	0
1	13
0	0
0	0
0	0
0	11
5	0
0	0
0	0
3	0
0	0
0	0
0	1
0	0
0	0
0	0
2	0
0	0
9	0
2	0
0	0
0	0
0	1
0	0
0	0
0	4
0	1
0	3
0	0
0	6
0	0
0	0
0	0
87	0
0	0
14	0
0	2
0	0
1	0
0	669
0	0
0	0
0	0
0	0
0	0
7	0
0	4
0	0
0	0
0	0
0	0
3	0
0	0
1	0
1	0
0	0
1	20
0	0
0	24
12	4
0	0
0	0
0	0
6	0
0	0
0	0
1	4
6	0
0	0
0	0
0	5
0	57
8	0
0	0
0	2
58	1
0	0
0	1
0	0
0	0
0	239
0	0
13	0
0	0
0	0
0	0
0	0
0	0
3	0
0	0
0	0
0	0
0	87
1	0
0	0
0	3
0	0
0	0
4	7
0	0
0	0
0	0
0	0
1	0
0	0
0	0
0	0
0	2
8	0
184	66
0	0
0	7
0	0
0	19
0	0
0	0
29	0
0	12
0	0
2	0
1	0
0	0
0	0
0	2
0	0
0	36
0	0
1	0
0	0
0	0
0	0
9	0
0	0
1	0
0	0
0	8
0	0
0	6
0	1
23	28
0	0
0	0
0	0
0	0
0	0
0	0
0	0
1	0
0	0
1	12
0	0
4	0
0	0
0	0
9	0
0	0
2	0
8	0
0	0
0	0
2	0
0	0
0	0
0	0
0	0
4	7
0	0
48	0
2	0
0	0
11	11
0	0
0	0
16	0
0	5
0	0
0	0
0	0
0	0
0	0
0	0
3	0
7	0
1	13
0	1
0	1
0	0
0	0
10	0
0	11
0	0
0	0
0	0
0	1
0	0
1	0
0	2
0	0
0	61
0	0
0	0
0	0
0	3
0	0
2	0
9	5
0	5
3	166
0	0
3	0
0	0
8	12
0	0
0	0
0	0
1	7
0	10
5	0
0	0
0	13
0	2
0	17
0	0
0	0
0	0
0	0
0	0
1	0
0	0
0	0
0	12
35	11
4	17
1	0
1	0
1	0
0	0
0	0
0	27
1	0
0	0
2	0
0	0
0	3
0	3
0	0
0	0
0	0
0	0
2	0
0	0
1	1
0	0
2	0
1	0
0	0
0	6
0	0
0	0
0	0
0	0
0	0
5	15
4	7
0	0
7	0
0	2
0	0
7	0
0	0
0	0
0	0
0	0
0	0
0	4
2	0
2	0
0	0
2	0
0	0
0	0
0	0
0	0
0	0
1	0
0	0
0	0
0	1
2	0
0	0
2	0
2	0
0	0
0	0
0	0
0	0
0	11
0	0
0	1
2	4
0	0
0	0
1	4
1	0
36	0
0	2
0	0
0	1
7	1
0	0
0	0
0	0
1	0
0	0
0	0
0	41
1	0
0	0
0	0
0	0
11	0
0	0
0	0
1	1
0	0
0	0
0	0
0	0
0	0
0	0
0	0
12	68
0	0
0	0
1	0
0	0
0	0
0	0
0	0
9	0
0	0
1	0
0	4
0	0
6	0
2	0
0	32
0	15
0	0
5	91
0	0
0	0
0	0
0	0
0	0
5	0
0	0
0	0
0	9
0	87
0	0
1	0
0	0
0	0
2	2
0	0
0	2
0	0
0	0
0	6
6	4
0	0
0	0
0	0
0	3
0	392
0	0
0	0
0	0
0	0
0	0
3	0
0	0
0	0
0	0
1	2
0	0
1	2625
1	0
0	1
0	0
0	0
0	0
0	0
0	4
0	0
0	0
0	9
18	0
0	0
0	0
0	0
0	0
11	0
0	0
4	21
0	0
0	0
1	0
0	0
4	6
0	0
4	6
0	0
0	0
12	9948
2	0
0	0
2	0
0	0
2	0
0	0
0	0
1	0
0	0
6	20
0	0
0	2
0	0
0	0
5	180
0	0
1	264
0	0
16	0
0	0
0	0
0	0
0	0
0	0
0	0
0	0
0	0
1	0
0	0
0	0
0	0
0	0
0	0
16	0
0	0
0	0
0	0
0	0
0	0
0	0
5	0
0	1
0	0
0	0
0	0
0	0
0	0
4	0
1	7
0	0
0	0
0	0
0	5
1	0
0	0
1	0
7	16
9	11
0	0
0	0
3	0
0	1
0	0
0	0
0	0
0	0
0	0
0	0
1	0
0	0
2	0
0	0
0	0
0	0
0	0
1	0
0	7
0	4
4	0
0	2
0	3
21	0
0	15
0	0
0	0
0	4
3	0
3	3
0	0
0	0
0	1
0	0
0	0
0	0
4	205
33	3
1	3
0	0
0	0
0	0
0	2
0	0
0	0
0	0
0	0
0	8
0	0
0	0
2	0
0	0
0	2
0	0
0	0
0	0
0	0
0	0
0	0
0	0
0	0
0	0
0	0
2	7
0	0
0	15
0	0
0	0
0	0
0	0
0	0
19	21
0	0
0	0
0	0
0	0
42	432
0	1
0	0
0	0
14	1
0	0
5	0
0	2
0	0
0	0
0	0
0	11
0	0
0	0
0	0
0	0
2	0
0	0
0	0
0	0
2	1
0	0
0	0
0	0
0	0
2	0
2	0
0	0
0	0
15	0
0	0
0	0
0	0
0	0
0	0
3	17
0	0
0	0
0	0
0	0
0	0
0	0
0	0
0	0
0	1
2	0
0	0
0	0
0	0
0	0
0	14
0	0
0	4
0	0
6	0
0	0
0	0
5	0
0	8
0	0
1	0
8	6
0	0
0	0
0	0
0	0
0	0
0	0
0	0
1	1
5	0
0	0
1	2
0	0
0	0
0	0
0	0
9	0
0	0
0	18
0	36
1	0
0	1
0	0
1	0
2	2
0	0
0	0
0	0
0	0
0	5
0	0
0	0
0	0
0	0
0	0
0	0
0	0
0	0
0	0
0	0
1	1
0	0
0	0
0	23
23	2
0	0
0	0
0	0
0	0
0	0
2	8
0	0
0	0
0	1
0	0
0	0
0	0
2	0
0	0
0	0
0	0
0	0
0	0
1	0
0	0
0	0
0	0
15	8193
0	0
0	0
0	0
0	0
0	0
0	0
0	0
0	0
7	1
0	0
0	0
0	0
0	0
0	0
0	0
0	5
0	1
0	0
0	0
0	0
0	0
0	0
2	0
4	0
3	0
4	0
0	0
0	0
0	0
0	0
3	0
0	1
14	0
0	0
0	0
0	0
0	0
9	0
0	0
0	2
0	0
3	51
0	0
0	0
0	1
0	0
180	11
18	0
0	0
0	15
0	0
0	0
0	0
0	0
0	0
0	0
0	0
0	0
0	0
0	0
0	4
0	0
0	0
0	0
0	0
0	0
0	1
0	0
0	0
0	0
39	0
0	0
1	0
0	0
0	0
0	0
0	0
0	0
0	0
0	0
0	0
0	0
0	1
2	0
0	1
2	0
0	0
0	0
0	0
0	2
1	0
0	0
0	0
2	1
0	0
0	0
0	0
22	15
23	0
0	0
0	0
0	0
0	0
0	0
0	2
0	0
0	0
0	0
5	0
0	0
0	0
0	0
0	0
0	0
0	0
0	0
2	0
0	0
0	0
0	0
0	0
2	4
2	0
0	0
4	0
0	0
0	0
0	19
0	11
0	0
0	0
4	0
7	18
18	0
0	0
0	16
0	0
0	0
1	1
0	5
1	0
2	265
0	0
0	0
0	0
2	0
0	0
5	11
0	0
1	0
0	0
0	0
0	0
0	0
2	0
0	0
0	2
0	0
0	0
0	0
0	0
0	0
0	0
0	5
0	0
0	0
0	0
0	0
0	0
0	0
0	5
0	0
0	1
0	4
0	0
0	0
0	0
0	0
0	0
0	0
2	0
0	0
0	0
0	0
0	0
0	0
10	0
0	0
0	0
0	0
125	0
0	0
0	0
0	0
0	0
3	2171
0	0
0	0
0	0
11	0
4	9
0	23
0	0
0	4
0	0
0	0
1	0
1	0
0	8
0	0
3	6
0	0
0	0
1	0
0	2
0	0
0	0
6	0
5	0
2	0
0	0
0	0
0	0
1	0
0	0
0	0
0	0
1	3
1	1
0	0
0	0
0	0
0	9
27	3
0	14
0	0
10	0
2	0
6	30
0	0
0	0
0	0
0	0
1	0
0	0
0	0
10	0
1	6
0	0
0	0
0	0
0	0
0	5
0	0
0	0
0	0
0	1
0	0
0	0
0	2
0	1
0	0
0	0
0	0
0	0
0	1
0	1
0	0
0	64
1	0
0	0
0	0
0	0
0	0
0	98
0	0
9	0
0	0
0	13
0	3
0	1
0	0
0	0
1	0
1534	329
0	0
1	0
0	11
10	5
0	0
0	0
5	0
0	0
2	0
5	0
0	0
9	0
3	0
13	21
0	0
0	0
0	0
0	0
0	3
0	0
0	0
1	0
0	0
0	1
0	0
0	0
1	11
3	0
5	0
0	0
0	0
9	0
0	0
0	0
0	0
0	1
0	1
0	0
2	0
0	0
1	0
0	0
0	1
0	0
0	0
0	0
7	0
0	0
0	0
0	0
0	0
0	0
0	1
0	0
1	0
0	0
0	0
0	0
0	0
2	0
2	0
0	0
0	0
6	0
12	0
0	0
0	0
0	148
0	1011
0	0
0	0
0	0
1	0
0	0
1	2
1	0
0	6
0	0
0	0
0	0
8	14
0	0
0	4
2	1
0	60
28	3
8	62
3	0
0	0
9	0
0	0
0	0
11	0
0	0
1	0
1	0
0	0
0	0
0	0
0	0
3	0
0	0
19	0
0	0
0	0
0	0
0	0
0	0
0	0
2	0
1	2
0	0
1	2
0	1
0	0
12	0
0	0
0	0
4	0
0	0
2	0
0	0
3	0
3	0
0	0
0	5
0	0
0	0
0	0
7	0
0	0
0	0
0	0
0	0
0	0
1	1
0	0
0	6
0	0
0	0
0	0
0	1
0	0
5	0
0	0
0	0
0	0
0	0
0	0
0	0
1	0
0	0
8	0
0	0
0	0
0	0
0	0
0	0
3	1
0	0
0	1
0	0
0	0
8	18
0	6
0	0
0	1
0	0
0	0
1	0
0	0
2	2
0	0
0	3
0	0
9	49
0	0
0	6
0	0
0	0
0	0
0	0
0	0
0	0
6	0
0	0
0	0
0	0
3	0
0	0
1	0
0	0
0	22
0	0
1	0
0	0
0	0
0	0
0	0
0	0
9	0
0	0
3	0
2	99
0	0
0	0
0	0
0	0
2	0
0	0
0	0
0	0
2	0
0	0
1	0
12	0
0	0
1	0
0	0
8	0
1	5
0	8
0	0
5	0
6	0
0	0
0	0
4	192
14	0
0	0
0	0
0	140
0	0
1	1
3	1
0	0
0	18
0	0
1	1
0	0
0	10
1	0
0	0
0	0
0	0
0	0
1	0
0	0
4	0
0	0
33	0
0	0
0	26
0	0
0	0
4	0
1	0
10	3
47	42
0	0
0	16
0	0
2	2
2	0
0	17
2	0
0	2
0	0
0	0
3	0
0	5
0	0
0	0
0	0
0	1
0	0
0	0
1	0
0	0
0	0
0	0
0	0
3	0
3	0
0	0
0	0
0	0
0	0
3	0
0	16
0	0
2	0
51	5
10	0
0	0
1	0
0	0
3	0
0	0
0	3
0	0
2	0
5	0
84	12
1	3
0	0
0	0
0	0
14	41
0	10
107	0
0	0
0	1
0	7
1	1531
11	0
1	0
0	3
0	0
0	0
0	0
0	0
1	0
0	0
0	0
0	0
0	0
0	0
8	0
0	0
2	0
0	0
0	0
0	0
0	0
5	0
0	0
0	0
0	0
2	0
0	1
15	16
0	0
0	0
1	0
0	0
0	0
0	0
0	1
0	0
0	12
9	0
0	25
0	0
0	0
0	0
0	0
0	0
36	0
0	0
0	0
5	0
1	0
0	0
0	1
0	0
0	0
0	0
0	21
0	0
0	0
0	1
3	26
0	0
0	0
0	0
0	0
0	0
3	0
0	0
2	0
0	0
0	0
0	212
0	0
0	0
0	1
0	0
0	0
0	0
0	0
0	0
0	0
0	0
0	0
0	0
0	0
0	0
0	0
10	0
10	0
0	0
0	0
0	0
0	0
12	0
0	0
1	1
2	0
9	0
0	0
0	0
0	0
0	0
19	1
0	0
1	0
0	0
0	0
0	0
21	0
0	0
0	0
0	0
0	0
0	0
0	0
0	0
0	0
0	0
0	0
0	0
1	0
0	0
1	0
0	0
0	0
0	0
0	0
5	0
0	0
0	0
2	0
0	0
0	0
1	79
0	0
0	0
0	1
0	0
0	0
0	1
0	0
9	0
2	0
0	5
0	0
0	0
0	0
0	1
0	9
5	0
0	10
0	0
0	6
6	0
0	3
0	0
0	0
2	1
1	0
1	0
0	0
0	2
0	7
0	0
0	34
0	0
0	9
0	0
11	0
2	4
0	0
5	28
0	0
2	0
10	0
2	0
0	0
0	2
0	0
6	3
0	0
4	0
2	0
0	10
0	0
0	0
0	0
0	0
0	0
21	20
1	0
0	0
13	0
0	0
0	0
0	0
0	0
0	1
5	4
0	0
0	0
0	0
0	0
0	0
0	0
0	0
5	0
0	0
2	0
0	0
0	0
3	12
0	0
0	0
0	0
0	0
1	0
0	0
0	0
0	1
2	0
0	0
0	0
0	0
1	10
0	0
0	0
0	0
0	1
0	0
0	0
0	0
0	395
1	0
0	1
0	1
0	0
8	0
0	0
0	0
0	0
0	0
0	0
0	7
0	0
0	0
0	5
0	0
0	0
0	0
0	0
0	0
0	0
0	0
0	0
0	0
0	0
7	0
4	11
0	0
0	0
0	0
0	0
0	0
0	0
1	0
25	53
0	12
0	0
0	0
3	3
0	0
0	0
0	0
0	0
0	0
1	0
0	0
1	1
0	0
0	0
0	0
0	0
0	0
0	0
0	0
0	0
7	0
1	1
1	0
0	0
0	0
0	0
0	0
0	0
3	0
0	0
0	0
0	0
0	0
0	0
0	0
13	0
1	0
1	9
0	0
1	0
0	0
0	0
0	0
0	37
0	1
0	0
0	0
2	4
0	0
0	0
0	16
0	0
0	0
0	0
1	19
0	0
7	1
10	34
3	0
0	52
0	2
0	0
0	0
0	1
0	0
0	1
0	0
0	0
0	0
0	0
0	0
0	0
0	0
0	0
0	0
0	0
0	0
2	1
0	0
0	0
0	1
5	0
0	0
0	0
0	0
12	0
0	0
0	0
0	0
0	33
0	0
1	0
0	0
0	0
1	0
1	6
7	0
2	0
0	0
2	6
0	0
0	0
0	0
0	0
8	0
1	0
0	0
0	0
1	0
6	0
3	0
0	0
0	0
1	0
6	0
16	0
0	3
32	0
0	0
0	0
6	0
0	0
3	0
0	0
0	0
0	0
2	0
9	3
0	0
0	0
0	1
0	0
4	0
0	0
6	26
1	0
0	0
0	0
0	0
0	0
0	0
0	0
1	0
0	0
0	0
0	0
0	29
6	4
0	0
0	0
0	0
0	1
1	0
0	6
0	0
0	0
0	1
0	0
0	0
4	0
0	0
0	0
0	0
0	0
8	8
2	0
0	0
0	0
0	0
0	3
0	0
0	0
2	1191
0	0
0	1
0	0
0	0
0	0
0	1
0	0
5	0
0	0
0	5
0	7
0	0
0	4
0	0
0	0
0	0
0	0
6	0
27	132
4	0
0	0
2	2
0	0
0	0
1	35
5	1
0	0
0	0
0	0
0	0
0	0
3	0
7	0
0	0
0	0
0	0
0	5
0	0
0	0
0	0
0	20
0	0
0	0
0	1
0	2
0	0
0	0
0	0
0	0
0	0
0	11
0	0
0	4
0	0
4	0
3	0
1	1
0	2
0	1
0	0
0	10
2	0
0	0
0	1
0	0
0	0
3	0
0	0
0	0
0	0
0	0
0	1
0	0
0	0
7	1
0	0
0	82
0	0
0	0
2	4
0	0
0	0
0	0
0	0
0	0
0	8
6	0
0	0
20	0
4	0
0	0
0	3
0	0
0	0
2	0
0	0
1	3
0	0
0	0
0	0
0	16
0	8
3	0
0	0
0	0
0	1
0	0
2	0
0	1
4	2
0	58
9	6
0	0
0	0
0	0
0	0
0	0
0	0
0	0
0	0
0	0
0	11
0	0
7	0
0	0
0	1
0	0
1	0
0	1
0	0
0	0
0	0
0	0
7	0
0	0
12	0
0	4
34	76
0	0
3	0
0	3
0	1
0	0
0	0
0	0
0	0
3	0
0	0
0	0
0	5
15	0
0	0
18	0
0	0
0	0
0	0
4	6
0	0
0	0
0	0
0	1
0	0
0	115
0	0
0	0
0	0
0	0
13	0
0	0
0	0
0	0
20	17
0	11
0	0
0	0
0	1
23	63
0	0
0	0
0	0
0	0
0	0
0	0
0	0
0	0
0	0
0	0
0	3
0	0
0	0
0	0
1	0
0	1
0	0
0	0
14	78
1	0
0	0
6	2
0	16
0	0
0	0
0	0
0	0
0	2
0	0
0	0
2	0
0	0
0	0
0	0
17	0
0	0
0	0
0	0
2	91
0	0
4	0
0	0
0	0
5	0
0	0
3	0
0	0
0	5
0	29
6	0
0	0
0	1
0	0
1	1
0	0
5	0
0	0
0	2
0	0
0	0
1	1
0	0
0	0
0	0
0	0
3	2
1	0
0	2
0	0
3	30
0	0
0	0
1	0
0	0
0	0
0	0
0	0
0	0
5	3
0	0
0	0
0	0
0	0
2	4
0	36
0	3
6	5
5	0
0	0
1	0
5	0
0	0
1	7
0	0
0	0
0	0
0	0
0	0
0	0
0	0
0	0
0	0
1	0
0	0
8	0
0	0
40	50
0	0
1	0
0	0
0	0
0	0
5	0
0	0
0	0
0	0
0	0
0	0
0	0
0	0
1	1
0	0
0	11
1	0
0	14
13	9
0	0
0	0
0	0
6	0
0	0
0	0
0	78
0	14
0	0
0	0
0	0
1	0
0	18
0	0
0	1
0	0
0	0
0	10
0	0
3	0
0	0
0	0
0	0
0	2
0	0
0	0
0	2
0	0
0	0
0	0
0	0
2	1
0	0
3	14
0	0
0	2
10	0
9	0
0	0
8	0
1	125
0	0
0	4
0	0
11	0
0	0
0	0
0	0
3	0
0	1
0	0
0	0
1	0
0	0
0	0
0	17
0	46
29	1
8	0
2	0
0	0
0	0
0	1
0	0
0	0
2	0
0	0
0	0
0	0
0	0
0	0
0	0
0	0
0	0
0	0
0	0
0	0
2	0
0	0
0	0
0	0
0	0
0	0
1	1
1	2
0	0
3	537
0	0
3	1
5	0
0	0
0	0
3	0
0	0
6	3
7	0
0	0
19	2
1	0
0	0
0	0
0	1
10	8
1	0
0	0
0	0
0	0
0	0
0	0
0	0
0	0
0	0
0	0
4	0
0	0
0	6
0	0
0	0
0	0
0	0
0	0
0	0
0	0
3	0
0	10
0	2
0	0
0	1
0	1
0	0
3	0
3	0
0	0
2	0
0	0
0	0
0	0
0	5
0	1
0	0
0	1
0	10
0	0
0	0
0	0
0	0
0	0
2	0
0	0
0	0
3	0
0	2
0	0
4	1
0	0
0	0
0	0
0	0
3	14
8	0
23	0
52	36
0	0
0	0
0	0
0	1
0	0
0	1
0	0
0	0
0	0
0	0
0	0
0	0
0	0
0	0
14	1
0	0
1	0
4	0
7	0
0	7
3	0
0	0
0	0
0	0
1	0
0	0
7	0
1	0
0	0
0	0
0	0
0	6
11	0
0	0
3	13
0	0
0	2
112	10
0	0
0	0
0	0
0	0
0	0
0	0
0	0
0	1
0	5
0	0
0	0
0	39
0	0
0	0
0	0
0	0
61	0
0	0
0	1
0	0
6	0
0	0
2	0
0	0
3	0
0	0
1	20
0	0
4	0
0	0
0	4
1	0
1	0
0	0
0	0
0	0
22	28
5	3
0	0
0	0
0	0
0	5
0	0
4	1
0	9
0	0
0	1
0	0
0	2
2	0
0	0
0	0
13	0
13	24
5	4
0	0
0	0
0	0
0	0
4	0
0	2
0	0
20	4
0	0
0	0
0	0
0	0
0	0
0	0
0	0
0	0
1	0
0	0
0	0
4	10
0	0
0	0
0	0
0	0
0	0
0	0
0	0
1	0
1	0
0	0
0	0
0	0
4	0
3	0
0	0
3	1
0	0
0	0
0	1
0	0
0	64
0	0
0	0
0	2386
0	0
0	0
31	4
0	0
1	0
0	0
0	0
0	1
1	0
2	0
0	0
0	0
0	1
0	0
0	0
4	0
0	0
0	0
0	0
0	0
0	0
0	0
0	0
2	0
0	1
0	0
0	0
0	15
0	0
0	0
0	0
1	0
1	1
1	0
0	0
0	12
0	2
0	0
0	0
0	0
0	1
0	0
0	4
0	1
0	0
9	81
9	0
0	2
0	0
1	1
0	1
0	66
0	0
0	4
0	0
0	0
0	0
1	0
0	0
0	0
0	0
0	0
0	0
0	0
0	2
0	0
0	0
0	3
0	0
0	0
0	0
0	2
0	1
0	0
0	0
0	0
1	0
0	3
2	0
0	13
0	0
1	0
0	0
0	0
1	0
0	0
0	0
0	0
0	0
0	0
0	0
0	0
0	0
1	0
0	0
0	0
4	1
0	1
5	0
0	0
2	0
0	0
0	0
0	0
0	1
0	0
0	0
0	0
0	0
0	0
0	1
0	0
0	0
0	0
4	0
0	0
0	0
0	2
0	0
0	0
0	0
0	0
0	0
0	0
0	0
0	1
0	0
0	0
0	0
4	1
0	0
0	1
0	0
8	11
0	0
0	0
2	0
2	0
0	0
0	0
0	0
0	0
0	0
84	0
0	3
0	0
0	0
0	0
0	0
2	1
1	0
0	0
0	0
0	0
0	0
6	18
0	0
18	18
0	0
2	22
0	1
1	13
0	0
0	0
0	0
0	0
0	0
0	0
5	0
0	0
0	0
2	5
0	0
0	0
2	0
0	5
17	7
0	14
0	0
0	10
27	0
11	21
0	0
0	0
0	0
0	0
0	0
10	0
0	0
0	0
9	0
0	0
0	0
0	0
0	0
12	1
0	0
0	0
2	1
0	0
0	0
0	0
2	0
32	0
0	0
4	0
0	22
1	0
0	0
0	0
0	0
0	0
0	0
0	0
2	1
0	0
0	0
0	0
0	0
0	0
0	0
0	0
0	0
47	0
0	0
0	10
0	0
9	1
0	0
0	0
0	0
0	0
0	0
0	13
0	0
0	0
0	0
0	0
1	0
0	0
0	4
0	0
13	0
0	0
0	4
0	0
0	0
0	0
0	0
0	0
0	0
4	1
0	0
15	0
0	0
0	1
0	1
4	0
0	0
0	0
0	0
0	0
0	0
0	0
0	0
21	0
11	0
0	1
1	0
0	0
0	1
5	0
0	0
0	3
0	6
0	0
5	0
0	0
0	0
0	0
0	0
1	0
5	0
4	0
3	0
0	0
0	0
19	0
0	0
0	0
0	0
0	0
0	0
0	0
161	60
0	0
0	0
0	1
0	0
0	0
3	0
0	0
0	0
0	0
3	3
9	19
0	0
0	0
0	0
0	0
0	0
13	0
0	0
0	0
0	0
0	0
0	0
3	0
4	0
0	0
0	0
0	2
5	1
0	0
32	3
0	0
125	9
0	4
13	0
0	0
0	0
11	2
2	15
0	0
23	0
0	7
0	0
1	0
7	0
0	0
0	0
0	0
0	0
0	0
0	0
0	2
0	0
0	64
0	0
4	0
0	0
4	0
0	0
2	0
4	0
0	0
0	0
5	0
6	0
0	0
12	0
2	0
0	0
0	0
11	0
0	0
0	0
0	0
2	0
0	41
0	0
0	0
0	0
1	0
0	0
0	0
0	0
0	0
0	0
0	0
1	0
0	0
4	0
0	0
2	0
0	0
0	0
0	0
0	0
0	0
0	0
1	0
0	0
0	0
0	0
0	10
0	0
0	0
0	1
0	0
3	0
0	4
0	0
0	0
0	0
0	1
0	0
0	0
0	0
0	0
0	0
0	0
0	0
0	0
4	0
0	0
0	0
0	0
2	0
0	20
0	0
1	0
0	0
0	0
0	0
0	0
0	0
0	0
1	20
3	0
2	0
0	0
0	0
0	0
0	0
0	0
0	0
0	0
14	5
0	0
0	0
0	0
0	0
0	0
3	12
0	0
0	2
1	2
2	10
3	7
4	0
3	0
2	0
0	0
0	4
0	0
4	0
0	0
0	0
0	0
0	8
0	0
7	0
0	0
2	0
1	105
0	0
3	1
5	0
0	0
0	0
0	0
0	0
0	120
0	165
0	0
0	0
0	0
4	0
0	0
1	0
0	0
14	0
0	0
0	0
0	0
0	0
0	0
0	0
0	0
0	0
0	0
2	0
0	1
5	0
0	0
9	2
0	0
8	1640
9	0
3	0
0	1
0	16
2	0
0	0
0	0
0	0
0	0
0	0
0	2
12	1
0	0
0	1
0	0
0	0
0	0
77	0
0	0
0	5
1	0
0	0
0	30
1	0
0	0
0	1
0	0
0	0
0	0
0	0
0	0
0	0
0	0
0	6
0	4
3	0
0	0
0	0
0	0
0	0
0	0
0	52
0	0
0	44
3	0
0	8
0	0
1	0
0	0
1	0
0	0
9	0
3	0
0	0
0	0
0	0
1	0
0	4
4	0
2	0
0	0
0	0
7	20
88	0
0	0
1	70
0	2
0	0
0	0
0	0
1	0
0	4
0	0
0	3
0	0
0	0
0	0
1	0
0	0
9	2
5	0
24	6
1	0
0	0
0	0
0	0
0	0
0	0
0	0
0	0
0	80
22	0
14	26
0	0
0	0
8	0
12	0
12	0
11	760
0	0
53	2
0	1
3	0
0	0
0	0
0	4
1	0
0	0
0	0
0	0
0	0
0	0
0	0
0	0
1	0
0	6
3	0
8	0
2	0
0	0
0	0
0	0
0	15
0	1
0	0
1	5
0	0
0	0
2	3
1	0
0	0
0	0
4	1
0	0
0	0
0	2
0	0
0	0
0	0
0	0
0	2
6	3
0	0
0	0
0	0
18	0
0	0
3	0
0	0
0	6
3	0
6	0
0	0
0	4
0	0
0	0
0	2
0	0
0	0
0	0
0	0
2	0
0	2
0	2
0	0
3	137
0	0
0	0
3	0
0	0
0	0
0	0
0	0
0	0
0	0
2	0
0	0
0	30
0	0
0	0
0	0
0	0
0	0
0	0
0	0
0	0
0	1
0	0
0	0
1	8
0	3
0	0
0	0
0	0
2	0
1	0
7	0
55	19
0	0
0	50
0	0
0	0
1	0
0	0
0	0
0	0
2	17
0	14
0	0
84	0
9	16
0	0
0	6
0	0
0	0
0	0
0	0
2	0
2	0
0	0
0	0
0	0
0	0
0	0
0	0
1	0
0	0
0	0
0	0
0	0
0	0
0	0
7	0
0	0
0	0
0	0
0	3
0	3
1	0
130	0
0	1
10	0
0	0
0	0
0	0
0	0
5	1
1	0
9	0
0	0
0	0
0	2
5	25
0	1
1	8
0	0
0	0
0	3
0	0
0	0
0	0
0	0
2	0
0	1
0	0
0	212
0	8
2	0
2	0
2	0
34	7
0	0
0	0
0	0
1	0
0	0
0	0
0	7
0	0
0	0
0	0
15	8
0	0
0	21
0	0
0	0
0	0
0	0
4	0
1	0
0	0
1	231
7	0
0	0
0	0
0	2
0	0
0	0
0	0
0	1
50	5
0	0
0	0
0	0
0	0
0	1
0	5
0	0
3	0
0	24
1	279
0	0
0	0
0	0
0	2
4	0
0	0
0	0
0	0
1	0
0	0
0	0
0	0
1	0
0	0
1	2
0	0
0	0
2	0
0	0
0	0
0	0
0	0
21	35
0	0
0	0
0	1
5	0
0	0
3	0
0	0
0	0
0	0
0	0
0	0
0	1
0	0
0	0
0	0
0	0
0	0
0	0
0	79
0	10
0	0
0	1
0	13
67	0
0	0
0	0
0	0
0	0
0	0
0	0
0	0
0	0
0	0
10	0
1	0
0	0
0	0
0	4
0	0
0	0
0	16
0	0
0	0
2	0
0	0
0	0
0	0
0	0
0	0
0	0
0	0
1	0
0	0
0	1
3	0
6	0
1	0
0	0
1	0
0	0
0	3
0	0
0	0
0	0
0	0
0	0
0	0
9	11
1	0
1	0
0	0
0	0
2	0
0	0
0	0
0	0
5	0
0	11
0	0
0	0
0	0
0	6
0	0
0	0
0	0
1	0
2	0
0	0
10	11
0	0
1	0
0	0
1	0
0	3
0	0
4	1
2	1
0	0
0	0
0	3
0	0
0	0
0	5
0	0
0	7
0	2
0	0
4	0
0	2
2	0
0	0
9	0
2	0
3	0
0	0
1	1
1	46
2	0
0	4
0	0
1	0
0	0
1	0
0	0
2	0
0	0
1	3
7	2
0	0
0	2
0	0
0	6
0	0
0	1
4	0
4	1
0	0
0	0
0	2
0	0
4	0
6	10
0	1
0	0
0	0
0	0
4	0
10	1
0	0
0	0
0	0
0	0
0	0
0	0
2	0
0	0
0	0
0	0
0	0
0	1
0	0
0	0
0	0
0	0
0	0
0	0
0	0
0	0
1	0
11	0
3	0
4	0
0	0
0	0
2	0
0	0
0	0
0	1
1	0
0	0
0	0
0	1
0	0
0	0
0	0
0	0
0	0
0	0
0	0
0	0
0	0
0	0
0	30
0	0
6	0
0	0
0	1
1	0
2	0
1	0
0	0
0	0
0	0
4	0
4	1
0	0
0	0
0	0
0	43
6	35
1	0
1	0
0	0
2	0
0	0
0	1
3	0
2	0
4	3
25	1
0	0
5	1
0	38
0	0
0	0
0	0
0	36
0	32
0	0
3	0
0	0
0	0
0	0
14	0
0	0
0	0
0	0
0	0
0	0
0	0
0	0
0	0
1	0
0	0
1	0
0	2
0	0
0	0
0	0
0	0
1	0
0	22
0	1
1	0
72	0
7	0
3	1
0	0
0	0
0	2
1	0
10	6062
0	0
0	0
3	1
1	0
1	5
0	0
0	0
0	0
0	0
0	0
4	0
0	0
0	0
0	0
0	0
0	0
0	0
0	1
0	0
0	2
5	0
3	0
0	0
0	0
0	0
5	0
0	0
0	0
0	0
1	0
0	0
0	0
0	0
0	0
0	0
0	0
0	1
0	41
1	0
0	0
0	7
0	1
0	11
0	9
0	0
0	2
0	0
0	0
1	1
0	0
21	133
0	79
0	0
0	1
0	0
0	0
0	0
0	0
0	5
0	0
0	0
0	3
0	0
1	0
0	0
0	0
0	0
0	0
2	0
0	0
16	2
0	0
0	0
0	0
1	3
0	0
0	0
1	0
0	0
0	0
0	0
17	34
0	0
0	3
10	5
0	0
0	200
3	0
3	0
1	0
0	0
6	0
0	0
0	0
0	0
0	0
0	0
0	0
0	4
1	1
0	0
9	0
0	0
0	0
0	0
0	0
0	0
0	0
0	3
0	0
1	0
0	1
0	1
0	0
0	0
0	0
0	0
0	0
0	0
0	0
0	0
0	0
0	0
0	0
0	0
8	4
0	0
0	0
0	0
0	2
0	0
2	717
0	0
0	0
0	0
0	0
0	0
0	1
0	0
0	0
44	0
0	0
0	15
0	0
12	0
0	0
0	0
2	0
3	0
0	0
20	1
0	0
5	0
0	0
12	2
0	0
1	0
0	0
1	0
4	0
0	0
2	0
0	0
0	7
0	0
0	0
0	0
1	0
0	2
1	16
0	0
0	0
0	0
0	1
0	0
0	0
2	0
0	0
0	0
0	0
4	0
0	0
0	31
0	0
0	0
0	0
4	0
0	0
0	0
0	0
7	0
0	0
0	0
0	1
0	0
0	2
0	0
0	0
0	0
0	0
0	0
11	1
0	0
0	0
2	7
0	0
0	0
0	0
0	0
0	0
0	0
1	0
0	0
0	0
0	0
2	23
4	0
0	0
0	0
0	0
0	0
0	0
0	0
0	0
0	0
0	0
6	0
0	0
0	0
0	0
2	0
0	3
1	0
0	0
0	0
0	0
0	0
0	3
0	0
0	0
1	0
0	0
3	0
10	0
1	0
0	0
0	0
0	0
0	0
0	1
0	48
0	1
0	0
0	0
0	0
1	0
0	0
0	0
0	0
0	0
0	0
0	0
0	0
30	0
3	0
1	0
24	0
0	1
0	0
0	0
0	0
0	2
3	0
0	0
0	0
0	0
0	1
0	0
0	11
3	0
1	0
0	0
0	9
0	48
0	0
0	1
0	0
0	1
0	2
0	0
0	0
0	162
0	0
0	0
0	0
0	0
0	0
0	0
0	0
0	0
0	0
0	0
0	0
0	0
0	0
4	4
0	1
0	0
13	35
1	7
0	0
0	31
0	1
0	116
0	0
0	0
2	21
0	0
0	0
0	0
1	0
0	0
5	0
0	0
0	0
0	0
9	0
0	0
2	0
2	1
0	0
1	0
0	0
0	0
1	0
0	0
6	0
25	76
0	0
0	0
0	0
4	5
0	3
0	0
0	1
0	0
0	0
0	0
7	4
0	0
0	0
0	0
0	0
21	0
0	0
0	0
0	1
0	0
0	26
5	1
2	0
2	0
0	2
4	0
13	9
0	0
0	0
14	0
0	0
1	0
0	14
0	0
0	0
0	0
2	5
0	0
80	0
2	1
8	0
0	0
0	0
0	0
0	0
1	0
0	0
0	0
0	0
0	0
0	0
0	0
0	2
0	0
0	0
0	0
0	0
199	0
0	71
0	0
1	3
0	0
0	0
3	9
1	0
0	0
0	0
0	0
0	0
1	0
221	0
0	0
0	0
0	0
0	0
0	0
0	0
3	0
0	24
0	2
2	1
0	3
0	0
1	1
0	0
5	0
0	0
0	0
0	2
1	0
0	0
0	0
5	1
4	0
2	72
1	7
0	0
0	0
0	0
0	0
0	2
0	0
0	0
0	3
0	0
0	0
0	0
0	0
0	0
0	0
0	0
0	0
0	0
0	0
0	0
0	0
0	0
0	1
0	0
0	0
0	0
0	0
0	0
0	0
0	0
0	39
0	0
0	0
0	0
0	0
0	0
3	0
0	0
0	0
0	0
6	0
0	0
0	0
0	0
0	0
0	0
0	20
0	0
1	0
5	0
3	0
0	0
109	0
0	0
1	0
2	0
3	1
1	1
0	0
0	0
0	0
9	0
18	0
0	0
3	0
14	0
1	0
1	0
1	0
0	0
0	0
0	0
0	0
15	36
2	2
0	0
0	2
9	0
0	0
0	0
9	0
0	0
0	2
1	0
0	0
0	6
0	0
0	0
0	0
8	0
0	0
0	0
0	6
0	0
5	0
1	0
0	0
0	1
0	0
1	0
0	0
3	1
2	0
0	0
1	100
0	10
0	0
4	0
0	0
0	0
0	0
0	0
0	0
0	0
0	7
0	0
1	18
59	0
0	0
0	0
0	0
0	0
0	1
0	0
0	6
0	0
0	0
0	25
0	0
0	0
0	0
3	0
0	0
0	0
0	0
0	1
0	0
0	0
0	10
0	3844
0	0
0	758
3	0
0	0
0	11
0	0
0	0
0	0
1	0
0	0
0	0
0	1
0	0
3	0
1	0
0	0
0	0
0	1
6	0
0	4
10	1
1	693
32	7
1	0
0	0
0	0
1	0
0	0
2	0
7	0
0	2
4	0
0	0
3	0
0	1
0	0
0	1
0	0
0	0
0	2
6	1
19	0
0	1
0	6
0	0
0	0
0	0
0	0
9	0
0	47
0	0
0	0
0	0
0	2
1	0
0	0
0	0
0	0
0	0
0	0
0	1
0	3
0	0
3	0
0	0
0	0
4	0
5	0
0	0
0	0
3	7
0	0
0	0
0	4
4	0
1	0
0	0
0	6
0	0
4	0
0	0
8	0
0	0
1	0
0	0
5	0
1	0
0	0
5	0
8	0
13	4
1	2
1	0
0	0
0	0
2	0
1	0
0	0
0	0
0	0
0	0
0	0
11	9
0	0
0	0
8	60
0	0
1	3
0	0
5	0
0	0
6	0
0	3
0	0
0	0
0	0
0	1
23	2
0	0
0	0
0	0
5	61
0	47
0	0
0	9
10	0
0	1
1	0
1	0
0	0
0	0
0	0
0	0
0	0
0	0
0	0
0	0
18	1
0	3
1	64
3	0
5	0
0	6
0	0
0	3
8	36
0	0
0	5
0	0
0	8
0	0
0	0
0	0
1	6
1	2
0	0
0	0
15	0
0	45
0	2
0	0
0	0
0	0
0	0
0	0
0	0
0	0
0	0
0	0
0	0
0	0
2	46
0	0
0	0
0	0
1	0
2	0
0	3
0	0
0	0
0	0
0	2
0	0
0	3
0	0
0	0
0	1
1	0
0	0
0	0
0	0
0	0
0	0
0	3
1	0
0	2
0	0
0	0
0	0
0	0
0	0
2	0
2	0
0	911
0	1
4	5
0	0
0	0
1	0
49	0
0	0
0	1
0	0
0	0
0	1
4	0
17	2
0	0
8	14
3	0
0	0
0	0
36	5
5	0
0	1
0	0
0	0
0	0
0	0
0	0
0	0
0	0
0	0
0	0
0	0
0	0
1	0
0	0
0	0
0	0
0	1
0	0
0	0
0	604
0	0
0	0
0	0
0	0
0	0
0	2
0	0
0	0
0	0
0	0
13	39
1	0
30	16
0	0
0	0
2	0
0	2
0	0
0	0
1	2
0	0
0	0
0	0
0	2
0	0
12	7
0	0
0	0
0	0
0	0
20	0
9	0
1	0
0	0
1	0
0	0
0	0
0	113
0	0
0	0
0	0
7	0
1	3
0	0
0	0
0	0
0	2
0	0
1	0
0	0
0	0
1	0
0	0
0	0
24	0
0	0
0	0
0	13
0	0
0	4
0	0
0	0
0	2
27	0
0	0
0	0
0	0
0	2
0	0
0	0
1	0
1	0
0	0
0	0
0	0
0	12
0	0
0	0
0	0
0	2
0	0
4	0
0	0
0	0
0	0
0	8
0	0
0	0
0	0
0	0
1	1
4	0
6	0
3	0
0	0
2	0
0	0
1	0
0	0
1	3
0	6
2	1
0	0
0	0
2	1295
1	9
0	19
0	0
0	0
0	0
0	0
0	0
0	0
1	5
35	0
0	0
6	0
0	0
0	0
3	0
0	6
0	1
0	0
0	0
0	0
1	0
4	0
0	0
0	0
0	0
0	0
0	91
0	0
0	0
0	0
0	0
0	0
0	0
0	0
2	0
0	0
0	0
0	0
0	0
0	2
0	2
2	6
0	0
0	0
0	0
1	0
0	0
0	0
0	0
2	0
0	0
0	0
0	0
0	4
0	0
0	0
0	0
0	0
0	0
2	0
0	0
0	0
0	0
0	0
0	0
3	0
3	0
0	0
0	0
1	0
0	0
0	0
1	4
0	6
0	0
0	0
0	0
0	0
0	0
6	0
2	0
0	0
0	0
0	0
2	0
0	0
1	0
0	0
0	0
0	9
0	0
0	0
0	0
0	0
10	0
0	0
0	2
0	0
0	0
0	0
0	14
0	0
0	0
89	0
2	0
10	8
0	4
0	0
0	0
0	0
0	0
5	3
0	32
0	0
0	0
1	12
0	0
5	0
0	0
0	1
0	0
17	3
0	1
0	1
0	0
2	0
10	0
6	3
0	0
0	0
0	6
0	1
0	0
1	0
0	0
0	0
23	1
0	0
0	0
0	19
1	0
2	0
3	0
0	0
0	0
1	0
0	0
0	0
30	0
0	0
0	0
0	0
0	0
0	0
0	0
0	3
0	0
0	0
18	0
0	0
0	0
0	0
0	0
0	0
0	0
0	0
2	0
0	0
0	0
0	0
0	0
0	0
0	0
8	0
0	0
0	0
4	12
0	0
0	0
0	5
0	0
2	0
0	0
0	0
1	0
0	0
0	0
2	0
0	0
0	0
1	2
0	0
0	0
1	22
3	0
0	0
0	0
0	0
0	0
0	18
1	0
12	1
0	0
0	0
0	0
8	0
2	0
0	0
0	0
0	0
1	0
0	0
0	19
0	3
0	0
0	23
34	0
9	1
0	0
2	0
0	2
0	0
1	0
0	0
0	0
7	9
0	0
0	0
0	0
0	0
0	1
0	0
0	0
0	0
0	0
0	0
0	0
0	0
0	0
3	0
0	0
0	10
0	0
0	0
0	0
0	0
0	0
0	0
40	0
0	0
0	0
0	0
0	0
0	0
0	0
0	0
0	0
0	0
1	1
0	0
0	0
0	0
0	0
0	0
6	22
7	0
0	1
15	0
0	0
1	0
1	2
0	5
0	2
3	0
0	0
4	50
0	0
0	0
0	0
0	0
0	0
0	1
0	0
2	0
38	0
1	0
0	0
0	0
0	0
6	1
0	0
0	0
0	0
0	0
0	0
0	0
0	0
0	0
0	9
0	0
0	0
0	0
0	0
0	72
0	0
0	0
0	3
2	6
0	0
0	0
0	1
0	0
0	2
0	0
0	0
0	1
3	0
2	0
0	2
0	0
0	0
0	0
0	2
1	1
1	0
0	0
12	1
0	0
1	4
0	0
0	64
0	2
0	15
0	0
0	0
0	0
0	0
0	0
0	0
0	0
0	0
18	55
0	0
6	6
0	0
0	1
0	0
0	3
0	0
0	14
0	3
0	0
1	31
0	0
0	0
0	19
0	0
0	0
0	0
0	0
0	0
0	18
0	0
1	0
0	4
0	0
0	0
0	0
0	0
0	2
0	0
0	12
0	0
3	8
8	3522
0	0
0	0
1	0
0	41
0	0
2	0
0	1
0	0
0	56
0	0
0	0
0	0
0	1
0	0
0	0
7	0
0	1
0	0
0	0
1	0
0	2
1	0
0	0
3	1
0	0
0	0
1	0
7	1
0	0
0	0
0	0
0	0
0	0
0	0
0	0
0	26
0	0
0	0
0	0
0	0
12	0
0	0
7	0
0	1
0	0
0	0
0	0
0	2
0	0
1	0
7	12
0	0
0	1
0	0
0	0
0	0
2	0
0	0
0	0
0	0
0	0
0	3
0	1
0	3433
1	0
0	0
0	0
0	0
0	0
0	0
0	0
0	2
0	0
0	0
1	0
0	0
0	0
0	0
0	0
0	1
0	0
2	0
0	6
0	1
0	0
0	0
1	0
0	0
2	0
2	0
0	0
0	0
0	198
0	0
8	2
0	0
0	0
5	0
3	0
0	0
0	0
0	0
0	0
0	3
7	0
0	0
0	0
0	0
0	0
1	0
0	0
0	0
0	0
12	0
3	0
0	0
0	0
24	6
0	4
0	0
0	0
0	0
0	1
0	0
0	0
0	0
0	0
0	1
0	0
0	0
2	0
227	7
3	4
0	0
1	0
0	0
0	75
2	0
0	1
0	0
0	0
0	0
0	0
7	0
0	0
0	0
0	0
0	0
2	8
0	0
0	0
0	1
1	2
0	0
0	0
0	1
0	0
0	0
0	0
0	0
0	0
0	0
5	3
0	0
0	0
0	0
0	0
0	2
7	1
0	3
5	0
6	0
0	0
0	0
0	0
1	4
0	0
7	0
0	0
0	0
0	0
0	0
0	3
0	0
0	0
0	0
0	0
0	0
4	1
5	1
0	0
0	0
0	0
0	0
6	153
0	0
0	9
0	0
0	0
0	0
3	0
4	0
0	0
0	0
0	0
0	1
6	0
0	0
0	0
8	0
0	0
0	0
0	0
0	2
0	1
2	0
0	2
0	0
4	63
0	2
0	0
0	0
0	11
20	60
10	16
0	0
0	0
0	0
1	0
0	0
7	0
0	0
0	0
0	0
5	0
0	0
0	3
0	0
0	0
0	0
0	0
0	0
0	0
0	3
0	0
0	0
0	0
8	0
0	5
0	0
22	0
5	0
0	0
0	0
0	0
0	0
0	0
0	1
6	3
0	0
0	43
3	226
0	0
1	0
0	1
0	0
0	0
0	0
0	0
3	4
0	0
0	0
0	0
0	0
1	0
0	0
0	0
0	0
0	0
1	3617
1	0
0	75
0	0
0	0
11	0
0	0
0	0
0	0
2	39
0	0
0	0
0	0
2	0
0	0
0	0
0	1
0	0
0	0
0	0
0	1
0	0
0	0
0	0
0	0
19	35
13	5939
7	0
2	0
0	0
0	14
0	0
0	1
0	0
0	0
8	0
0	0
0	0
0	0
1	4
6	0
5	0
0	0
0	0
0	0
0	0
0	0
0	0
0	3
5	0
0	0
0	2
3	0
0	0
0	0
0	0
0	0
0	0
14	0
0	1
0	0
0	0
0	0
0	181
0	0
0	0
1	0
0	0
1	0
2	0
0	0
0	0
3	0
3	0
0	0
1	0
2	0
0	0
0	0
0	0
0	0
0	0
1	0
0	0
0	0
37	0
0	0
0	0
19	0
0	0
0	0
0	0
0	0
0	1
0	0
0	6
0	0
0	0
0	0
0	0
0	0
0	0
6	0
0	0
0	36
1	0
0	0
0	0
0	0
0	0
0	0
0	0
0	0
0	0
18	24
0	0
0	0
1	168
1	3
0	0
0	0
0	1
0	0
0	0
0	29
1	0
0	0
0	0
0	0
18	17
0	0
2	0
4	0
0	0
0	0
0	0
0	0
0	0
0	15
0	15
0	1
0	0
0	0
3	5
16	0
0	0
1	0
0	0
0	0
2	0
0	0
0	0
1	0
0	0
0	0
0	0
0	0
0	0
0	0
0	5
0	0
0	0
0	0
0	0
0	5
0	0
0	0
0	0
0	0
7	1131
0	0
0	0
0	0
0	31
0	7
2	0
0	0
0	13
6	0
0	24
0	0
0	1
1	1188
0	0
0	0
0	5
0	0
0	0
0	0
0	6
0	41
0	0
0	0
0	0
0	0
0	0
0	0
0	0
0	0
0	0
0	0
0	0
8	0
5	0
0	0
18	10
0	0
0	0
12	0
0	0
0	0
0	0
7	0
0	0
0	0
0	0
0	0
3	0
0	0
0	0
0	0
0	0
3	0
0	0
0	0
5	1
0	0
1	0
0	0
0	0
0	0
0	0
2	0
0	0
0	86
1	0
2	0
59	15
1	0
0	0
9	4
0	0
0	0
0	2
2	0
1	0
0	0
0	0
1	4
2	0
0	0
0	0
1	0
0	0
0	0
1	14
0	0
0	0
0	0
0	0
0	2
0	0
0	0
0	0
0	0
0	51
0	0
0	0
6	17
0	0
0	0
0	0
0	0
27	0
0	0
0	0
1	0
0	1
0	0
0	0
0	0
0	0
0	1
0	0
1	3
0	0
1	0
0	0
10	0
3	2
0	0
0	2
0	0
0	0
0	0
0	15
0	6
0	0
0	0
0	8
0	0
0	4
0	18
0	0
0	0
0	0
8	0
0	0
0	0
8	1
0	3
1	0
0	0
0	0
0	0
0	0
0	2
0	0
0	0
0	0
0	0
0	0
0	0
0	0
0	0
0	0
0	0
0	0
0	0
0	0
0	0
0	0
2	0
3	800
0	0
0	0
1	0
0	0
0	0
2	0
9	0
0	0
0	0
0	0
0	0
0	0
0	0
3	0
0	2
0	0
0	40
7	33
6	0
0	0
0	0
0	0
0	0
41	0
0	0
0	0
0	4
0	0
0	0
0	0
0	0
1	0
3	0
1	0
0	0
0	0
3	0
0	0
0	7
0	0
0	0
0	0
0	3
0	0
0	0
0	0
2	0
0	0
2	0
9	6
0	1
6	0
0	0
0	0
0	0
1	0
0	0
0	0
0	0
0	2
0	0
16	0
0	0
0	0
1	1
0	0
0	0
0	0
16	14
0	0
0	0
0	0
6	0
0	0
0	0
0	0
0	0
1	0
0	0
0	1
0	3
0	0
0	0
12	16
0	0
0	21
0	0
0	0
0	0
0	0
0	0
0	0
0	0
0	0
0	1
0	0
14	0
0	0
0	0
0	12
0	0
2	2
0	0
0	0
2	0
0	0
0	0
0	0
24	22936
0	0
0	0
0	0
0	0
0	0
0	0
3	0
0	0
0	0
0	0
1	1
0	9
2	0
0	1
0	5
0	0
0	0
0	0
0	0
7	0
0	0
4	0
0	0
0	0
5	0
0	0
0	0
0	0
5	0
0	0
0	0
0	0
0	0
0	72
0	1
0	0
0	0
0	0
0	0
0	2
0	0
0	0
4	0
0	0
0	0
0	0
0	0
2	15
0	0
17	3
1	0
0	0
0	0
8	67
0	0
0	0
0	0
0	0
0	0
0	0
1	0
0	0
0	0
0	0
0	0
0	0
0	0
0	0
0	0
0	0
0	0
1	3
34	4
0	0
0	3
0	0
0	0
0	0
0	0
9	1
16	0
0	0
0	0
0	8
1	0
2	0
6	249
0	0
0	0
0	0
0	0
0	0
0	0
0	0
0	0
0	0
0	34
0	0
1	0
0	0
0	0
0	0
0	0
0	2
0	0
0	0
0	1
0	0
2	1
0	0
9	0
0	1
7	0
0	0
0	0
24	0
0	0
0	0
2	0
0	0
0	2
0	0
0	0
0	0
0	0
0	0
0	0
0	0
1	7
0	0
1	0
0	2
0	0
23	0
0	0
1	0
0	0
0	0
0	0
0	0
0	0
0	0
0	0
0	0
0	0
2	0
3	0
4	0
0	1
1	16
0	0
0	0
1	2118
0	3
0	0
0	0
0	0
0	0
0	1
2	0
0	0
5	0
1	28
0	0
0	1
1	6
0	0
0	0
2	0
0	0
0	0
0	0
0	5
0	0
0	0
0	0
41	18
1	0
7	0
0	0
0	0
2	0
0	3
0	0
1	0
0	0
0	0
11	0
0	0
0	0
9	0
0	0
0	0
1	0
0	0
8	1
0	1
0	36
0	3
0	1
0	0
0	0
0	0
0	0
2	1
0	0
1	0
9	0
0	3
0	0
0	0
0	0
0	0
0	1
0	0
6	0
0	0
0	0
0	0
0	0
1	0
0	0
0	0
0	0
0	0
0	0
0	0
0	0
0	0
4	27
0	0
0	2
0	0
0	0
0	0
0	0
1	0
0	0
0	0
0	0
0	0
5	0
0	0
0	0
0	0
0	1
34	0
0	0
0	0
0	36
2	0
0	0
0	0
0	0
0	11
3	0
0	0
0	0
0	0
1	0
0	8
5	0
0	0
0	0
0	0
0	0
0	0
0	0
0	0
0	0
0	0
0	25
0	0
0	0
0	0
0	0
0	5
4	0
3	0
0	2
0	0
0	0
0	1
0	113
1	0
0	0
0	0
0	0
5	0
1	2
10	0
0	0
0	0
2	0
0	0
0	0
0	0
0	1537
0	1
0	0
0	5
6	0
0	2
1	2
0	0
0	0
0	0
2	0
0	1
0	0
0	2
0	0
0	0
0	0
0	0
0	0
26	0
0	1
0	0
0	0
0	0
3	0
0	0
0	0
0	0
0	31
9	19
0	0
0	0
0	5
0	0
0	0
0	0
0	0
0	0
2	0
0	0
0	3
1	8
0	0
4	0
0	0
0	0
0	0
3	0
0	0
0	0
0	0
0	0
0	0
0	0
0	0
1	0
1	0
0	0
0	0
11	0
0	0
0	0
0	12
0	0
0	1
0	0
0	0
0	16
0	0
3	0
0	0
1	2
0	0
0	0
0	3
3	1
0	0
0	0
6	0
0	16
0	0
0	0
32	78
0	0
0	0
0	0
0	0
0	0
0	18
0	0
0	0
1	0
0	0
0	0
1	0
0	0
0	0
0	0
0	0
0	0
0	3
0	0
0	0
0	0
2	1
0	0
0	0
0	0
1	0
0	0
0	0
0	0
1	0
0	0
0	0
0	0
1	5
5	0
27	0
3	1
0	0
0	0
5	0
0	3
0	0
0	2
0	0
0	0
0	0
0	0
1	0
0	0
0	0
0	0
0	0
1	0
0	1
0	0
0	0
0	0
10	0
0	0
0	1
0	0
1	0
0	0
1	0
0	0
0	0
0	0
0	0
4	0
0	0
0	0
0	0
0	0
0	0
2	0
0	1
0	0
3	0
0	0
0	0
0	0
0	0
4	0
0	3
0	6
0	0
0	0
0	0
0	0
0	0
0	0
0	1
0	0
0	0
0	49
0	0
0	0
50	12
0	0
9	0
0	0
0	0
1	0
0	0
0	0
0	141
0	0
1	24
1	0
13	27
0	0
155	962
0	1
0	1
0	1
0	0
6	43
0	0
0	0
0	0
0	0
0	2
0	0
0	0
0	0
1	0
0	0
0	0
0	1
0	0
0	0
0	0
0	0
0	0
0	0
15	0
0	0
1	0
0	0
232	962
0	0
0	0
0	0
0	0
0	0
0	0
1	5
1	0
0	0
0	0
2	0
0	0
0	0
4	1
0	0
0	0
1	0
0	0
0	0
0	0
0	0
0	0
1	0
7	0
0	0
1	0
0	20
0	0
0	0
2	0
0	0
0	0
0	0
0	0
0	0
0	0
14	5
0	1
0	3
0	0
0	0
5	0
0	0
0	0
118	14
0	0
0	0
0	0
0	0
4	0
0	0
4	0
5	0
65	11
0	0
0	0
0	0
0	0
0	0
0	0
3	0
0	0
0	0
0	0
9	0
0	0
0	1
0	0
0	0
0	0
0	0
0	0
1	5
0	2894
0	0
1	17
0	0
0	0
0	0
2	0
0	0
0	0
0	0
0	3
1	1
18	6
0	0
3	0
4	3
0	3
2	58
0	5739
0	0
0	0
0	39
0	0
0	0
0	0
1	11
0	0
0	0
0	0
26	0
0	0
1	0
0	0
0	0
0	0
0	4
0	0
0	0
0	0
4	0
0	0
0	0
0	2
0	3
1	0
2	0
0	0
0	0
0	0
0	0
1	0
0	0
0	0
1	0
0	0
0	0
2	1
9	17
0	0
0	0
0	0
0	0
2	0
0	0
0	0
0	18
0	5
2	0
0	0
0	1
0	0
0	0
0	0
0	0
0	0
2	0
52069	1
5	0
0	11
0	0
0	2
7	1
0	0
0	0
0	0
0	0
0	0
0	0
0	4
0	0
0	1
2	0
0	0
13	0
0	0
1	1
4	5
0	7
0	0
0	0
0	0
0	0
0	0
0	0
0	0
4	0
1	201
0	6
0	0
0	0
0	3
0	0
0	375
0	0
0	0
0	0
1	0
0	0
0	7
0	0
0	0
0	0
0	0
0	0
0	0
0	0
6	17
0	0
0	0
1	5
0	2
0	0
0	0
0	3
0	0
2	0
0	2
0	1
0	0
0	0
3	0
67	0
0	0
3	0
0	0
4	0
0	0
0	0
5	0
0	0
0	0
0	0
0	0
0	0
1	2
0	0
10	0
0	0
0	0
0	0
0	0
8	0
0	0
0	0
0	0
0	4
3	34
33	1
0	0
0	1
0	1
0	25
0	0
0	0
3	2
0	3
0	3
0	5
0	0
0	0
11	0
0	0
0	0
0	0
0	6
0	0
0	0
0	0
0	0
0	0
0	0
0	0
0	0
0	0
0	0
2	58
0	4
0	1
2	0
0	0
0	0
0	0
1	2
3	2
0	0
0	0
2	1
0	0
0	2
195	18
0	0
6	0
0	5
1	5
0	0
0	0
3	2
0	0
0	0
0	0
0	0
0	0
0	0
0	0
0	0
10	0
36	0
2	0
0	0
0	0
2	0
1	0
0	0
3	0
0	0
0	0
0	0
0	0
13	5
0	1
0	0
0	0
0	0
0	2
0	1
0	0
9	10
0	0
0	0
0	0
0	0
0	0
0	0
0	0
0	0
0	9
0	0
1	0
3	6
0	0
12	0
0	0
0	0
0	0
0	2
0	0
0	1
5	0
0	0
0	0
0	0
0	1
0	0
0	0
0	0
0	2
0	0
0	0
18	0
0	0
0	1
1	0
1	0
0	0
0	0
0	219
0	0
0	0
0	0
1	0
16	0
1	4
1	0
0	3
0	0
2	1
0	0
0	0
3	0
0	0
0	6
0	112
0	0
0	0
0	0
0	52
1	0
0	0
0	0
0	0
0	0
0	0
0	10
4	0
0	0
0	0
0	5
0	0
0	0
0	0
0	0
0	0
55	2
0	0
0	0
7	1014
0	5
0	0
0	5
3	1
1	0
0	4
0	0
0	0
0	0
0	0
0	0
0	0
0	0
0	0
0	0
0	0
0	0
0	0
0	0
4	0
0	0
0	11
0	0
0	0
0	10
0	0
0	0
0	0
0	0
0	0
0	1
0	6
0	0
1	0
3	0
0	0
0	0
0	0
0	0
8	0
2	0
6	0
0	0
0	18
0	0
0	0
0	0
11	0
0	22
0	0
0	0
0	4
0	1
0	0
0	0
0	0
0	0
6	11
0	0
0	0
0	0
0	0
0	0
0	0
0	0
0	0
0	0
0	0
0	0
0	5
1	0
0	0
0	0
0	0
4	3
0	0
0	0
0	0
0	0
0	0
0	0
0	0
1	0
0	0
0	0
0	0
3	0
0	0
0	0
0	0
0	0
0	0
0	0
0	0
0	11
1	2
0	9
0	0
0	0
10	17
1	456
0	0
0	0
0	0
0	0
0	22
0	0
1	0
0	0
2	0
0	0
0	0
0	0
0	5
0	0
8	0
0	1
0	1
0	0
0	0
1	0
0	0
1	0
0	0
0	0
0	0
1	2
0	0
3	9
0	0
43	12
0	0
278	0
0	0
0	1
0	0
0	0
0	0
0	0
0	0
0	0
0	1
0	0
0	0
0	0
0	1
7	0
2	0
0	0
0	0
0	6
0	0
0	0
0	309
0	0
0	1
0	0
0	0
40	0
0	92
0	0
2	0
0	0
34	0
0	0
142	0
0	0
0	1
1	0
0	0
0	0
1	0
0	0
0	0
0	0
0	0
16	1
0	0
0	0
0	0
0	0
0	1
0	0
3	0
1	0
1	0
1	15
0	0
1	0
0	0
0	0
0	0
0	12
0	0
0	0
0	0
0	23
25	0
0	0
3	0
0	0
1	11
1	1
0	0
0	0
0	0
2	0
3	0
0	6
0	2
0	23
0	0
2	0
0	0
0	2
0	0
0	0
0	0
6	0
1	0
7	0
1	0
0	0
1	0
27	23
0	0
0	0
0	0
0	0
0	0
0	0
3	0
1	0
0	0
0	0
6	0
1	0
0	9
0	0
10	6
0	0
0	0
0	0
0	0
0	0
3	0
0	0
1	0
3	0
0	0
0	2
0	0
0	0
2	0
0	0
0	0
6	0
0	0
0	0
2	0
46	0
0	1
1	0
0	7
5	0
0	0
0	0
1	0
0	1
0	0
0	0
2	0
0	0
0	4
5	0
0	0
0	0
0	0
54	463
0	0
0	0
0	0
1	1988
0	0
0	0
0	0
0	0
0	0
5	0
0	0
0	0
0	0
0	0
2	0
0	2
0	1
1	0
0	0
0	0
0	0
0	0
23	19
0	0
0	0
0	0
18	0
0	0
0	0
0	1
0	0
0	0
0	0
0	0
0	0
0	0
0	0
5	0
0	0
5	0
0	0
0	23
0	3
0	0
0	2
0	1
1	0
0	0
0	0
0	0
2	0
1	0
0	0
11	20
0	17
0	1
0	0
0	0
0	0
0	2
1	14
0	0
1	1
0	0
0	0
1	0
0	0
0	0
0	0
0	0
3	0
0	0
0	0
1	11
0	0
2	0
0	0
0	0
0	0
0	0
0	0
0	0
0	0
0	0
0	3
0	0
0	0
0	0
1	0
0	0
0	2
0	0
0	0
4	0
6	0
0	1
3	0
0	5
0	0
0	0
0	0
0	0
0	0
2	29
0	0
0	0
0	0
0	0
0	0
0	0
0	0
0	0
0	3
1	0
0	0
0	0
0	3
0	0
2	0
0	0
0	1
0	1
0	0
0	0
0	0
0	1
0	0
3	0
0	0
0	1
0	2
0	0
0	0
1	0
0	0
1	0
0	7
0	0
1	0
0	2
0	0
0	16
0	0
0	0
0	0
0	0
0	0
0	0
0	0
2	0
1	1
0	0
1	0
0	0
1	0
0	0
3	0
0	0
0	0
0	0
0	4
1	0
0	0
0	0
0	0
0	8
0	0
0	0
0	0
0	0
0	0
35	141
0	0
1	0
0	0
0	4
0	0
0	0
0	0
0	0
0	3
0	0
1	0
0	0
0	0
0	0
0	0
0	0
9	2
0	0
0	0
0	1
0	0
0	1
3	0
0	0
0	0
0	2
4	0
2	0
5	2
0	0
7	0
0	0
0	0
0	0
0	1
0	4
2	0
0	0
30	16
0	0
0	0
0	0
0	0
0	0
11	3
0	1
25	0
0	0
0	1
0	0
3	2
3	5
0	1
0	0
0	0
0	0
0	0
0	0
0	0
1	0
0	0
0	2
13	0
0	0
0	0
0	0
51	67
3	0
0	0
0	94
4	0
0	0
5	0
0	0
0	0
0	0
0	0
1	4
0	0
0	0
0	0
0	0
0	0
0	0
0	0
0	0
0	0
1	0
0	0
0	0
0	0
0	0
0	0
0	0
1	0
0	0
0	0
9	25
0	0
0	0
26	0
2	1
0	0
28	0
0	0
0	0
0	0
0	0
2	0
0	0
0	0
0	0
0	2
4	0
0	0
0	0
0	0
6	46
0	0
0	0
10	0
0	0
1	0
1	0
0	0
0	0
4	0
2	6
6	0
0	0
0	0
0	0
0	0
3	0
3	0
0	0
0	110
0	0
0	0
0	0
1	0
0	0
0	0
0	0
0	2
0	12
0	2
10	0
0	0
12	7
0	1
14	0
8	0
5	1
3	1
0	0
0	1
0	3
0	0
0	0
0	0
0	0
0	0
0	5
0	0
1	20
0	13
0	0
2	0
0	2
0	0
0	0
0	0
0	0
1	0
0	0
0	0
0	0
0	0
0	0
2	1
0	0
0	0
1	0
0	0
0	0
0	0
0	0
0	0
0	0
0	2
0	0
1	0
0	0
10	0
0	0
0	0
0	1
0	0
0	0
4	0
2	10042
0	2
0	0
14	0
0	7
0	0
0	0
19	15
3	0
0	0
0	0
0	1
0	2
3	0
3	0
0	0
0	0
0	0
0	0
3	0
0	0
0	0
0	0
0	0
0	2
0	0
0	0
0	0
0	0
2	2
0	1
0	0
0	0
0	0
0	0
0	0
0	3
0	0
0	0
3	1
0	0
0	0
9	95
1	0
3	0
7	0
0	49
5	0
0	0
0	0
0	8
0	0
24	0
7	0
9	0
0	1
0	0
0	0
0	0
0	0
0	4
0	1
0	0
0	0
0	0
0	0
0	3
0	0
0	0
0	0
0	0
0	0
5	0
0	0
0	0
2	0
0	3
0	0
0	0
0	0
0	0
0	0
0	0
0	0
0	0
0	0
0	3
0	0
0	0
0	0
0	0
0	1
1	0
0	0
0	0
0	0
0	0
0	0
0	0
0	0
3	0
6	798
5	59
5	0
0	0
0	0
0	39
7	0
0	0
14	39
0	0
0	0
15	0
0	0
0	0
0	0
11	0
0	0
0	0
0	0
0	0
0	0
0	0
0	0
0	0
0	0
1	0
0	246
2	0
0	0
0	0
0	0
4	1
0	0
1	0
0	0
0	0
3	0
0	0
0	0
0	0
0	0
3	0
0	1
1	0
2	0
0	0
0	61
2	5
4	0
5	25
0	1
0	0
0	2
3	0
0	0
0	58
0	0
0	0
0	0
0	0
0	0
0	1
0	0
0	0
2	0
0	0
0	1
0	0
0	0
0	0
0	0
0	1
0	0
0	0
0	0
0	0
0	0
0	0
0	0
0	0
0	9
0	0
0	0
0	0
0	0
0	0
0	0
0	14
0	0
0	0
0	0
0	1
0	0
0	2
0	10
8	0
1	13
0	0
0	0
8	0
0	0
0	0
2	0
2	3350
0	30
0	0
0	0
1	0
0	0
2	0
0	0
0	0
4	7
0	0
0	8
8	0
0	0
0	0
1	1277
1	24
0	0
0	0
0	0
2	35
1	0
1	0
0	0
0	1
0	9
1	0
0	0
0	0
0	0
0	0
0	0
0	1
0	0
0	0
2	0
0	0
1	9
0	0
0	25
0	0
0	64
0	0
0	0
0	0
1	0
10	0
0	0
18	0
0	0
0	0
0	0
15	0
44	0
0	0
0	0
0	0
0	0
0	0
12	0
0	0
0	0
0	0
0	0
0	0
0	0
0	0
0	0
0	1
0	0
0	0
6	0
0	0
0	0
2	0
0	0
0	0
0	2
0	0
0	0
0	0
0	0
0	0
4	0
2	0
0	0
8	0
0	2
0	5
0	0
10	0
0	1
2	1
0	0
0	0
0	0
0	0
0	3
0	0
0	0
0	4
2	0
0	0
0	9
0	0
0	0
0	3
0	0
2	0
0	0
0	0
0	0
0	6
20	649
5	0
0	0
0	13
0	0
0	0
0	1
0	0
0	0
0	0
0	0
1	7
0	0
0	0
0	0
1	0
0	0
0	1
0	0
0	0
0	0
5	0
0	3
0	0
0	0
0	0
0	2
10	40
0	0
2	0
9	0
3	0
0	0
9	0
5	0
1	0
0	0
0	0
0	0
0	8
2	0
0	0
2	0
0	0
22	0
25	0
0	0
0	0
0	0
3	5
0	2
0	0
0	0
0	0
0	0
0	0
0	0
0	0
0	0
2	18
0	0
1	0
0	0
14	2
0	0
0	0
0	0
0	4
1	576
0	0
0	0
0	0
0	0
0	0
1	0
1	0
0	0
3	4
0	0
0	0
0	0
0	0
5	0
0	0
13	27
0	0
0	3
1	0
0	3
0	3
2	0
2	2
0	14
0	0
0	0
0	0
0	0
0	0
0	0
0	0
4	0
0	0
0	8
10	0
6	0
0	1
0	1
0	1
0	2
0	0
0	0
0	0
0	0
0	0
0	0
0	0
0	0
0	0
0	0
10	0
0	0
0	0
12	1
0	116
0	0
0	0
0	0
0	0
0	0
0	0
0	0
11	1
0	0
0	0
0	0
0	0
0	0
2	0
7	0
0	0
1	0
0	0
0	0
2	171
0	0
0	0
0	0
0	0
2	4
3	0
5	0
1	0
0	0
0	1
0	0
0	0
0	0
0	0
0	0
0	0
0	0
0	0
0	0
5	2
0	0
0	0
0	1
0	0
0	0
0	0
0	0
1	0
0	0
2	0
0	0
2	0
0	0
0	0
0	0
10	0
7	0
0	0
1	0
0	0
0	0
0	0
0	4
0	4
0	0
0	0
0	0
0	0
0	0
0	0
0	0
0	0
3	0
0	0
0	0
0	0
0	1
0	0
0	0
0	5
0	0
0	0
0	0
0	0
2	0
30	0
0	0
1	0
0	1
0	0
1	0
13	1
0	0
0	0
0	0
0	0
8	7
0	0
0	0
1	0
73	0
0	0
0	5
0	8
0	0
0	0
0	0
0	1
0	0
0	0
0	0
0	0
0	0
0	43
0	0
0	9
0	18
1	643
0	0
0	0
2	96
1	0
0	0
3	0
0	0
0	11
18	0
0	0
0	0
0	0
0	0
0	0
0	0
0	0
0	0
7	0
0	0
0	0
0	0
3	0
1	1
5	0
0	0
0	0
0	0
0	0
0	0
0	0
0	0
14	0
0	1
1	0
2	8
0	0
0	0
0	1
0	0
0	0
55	0
0	0
0	0
0	0
0	0
0	0
0	0
0	12
0	0
0	0
3	0
0	0
0	0
0	0
0	0
0	0
0	0
0	4622
0	0
0	1
0	0
0	0
2	0
0	0
32	0
0	0
0	0
0	0
0	4
0	0
0	0
0	0
10	93
0	1
8	0
0	0
0	0
1	0
0	0
1	0
0	0
2	1
0	0
0	2
2	1
0	0
0	0
1	0
0	0
4	0
0	0
0	0
0	4
0	0
0	0
4	0
0	2
0	0
5	0
0	2
1	0
0	1
1	14
2	1
0	0
0	0
0	0
11	0
0	0
2	0
10	0
1	1
0	0
0	0
0	0
0	0
0	0
0	0
5	0
0	18
0	0
0	0
0	0
0	0
0	0
0	0
0	0
0	0
0	0
2	0
23	7
1	0
2	0
0	0
0	0
0	0
10	0
0	0
0	0
0	0
0	0
0	0
0	0
0	1
0	58
13	14
0	32
0	0
0	0
2	1
11	15
7	11
0	0
1	0
2	0
0	0
0	0
0	0
0	4
40	58
0	4
0	0
0	0
0	0
0	0
0	0
0	1
1	0
0	0
1	0
5	2
0	0
0	0
0	1
0	0
3	0
16	38
0	0
3	0
0	0
0	0
0	0
0	0
0	0
0	1
0	0
0	0
1	0
0	0
7	0
30	0
0	0
0	0
0	0
0	0
0	0
1	2
0	0
0	7
0	0
2	0
0	0
0	0
0	0
0	0
0	0
0	0
0	0
2	0
0	2
0	0
0	0
0	0
0	0
14	21
9	31
2	0
0	0
0	0
0	7
4	1
1	0
0	0
0	0
0	0
0	7
0	0
0	0
0	0
0	0
13	6
0	0
0	1
2	1
0	2
0	0
0	2
2	0
0	1
0	0
0	0
0	0
0	0
2	5
0	15
0	0
0	0
0	0
0	0
9	0
0	0
15	0
0	0
0	0
1	4
0	1
19	28
0	0
0	0
0	0
0	2
0	0
0	0
0	9
0	0
0	18
0	0
0	0
0	0
0	0
0	0
0	2
0	0
0	0
0	0
0	3
0	0
3	0
0	0
0	0
14	0
0	2
0	0
0	0
0	0
0	5
0	0
4	0
0	36
0	2
0	0
0	0
0	0
0	0
0	0
0	2
0	0
0	0
45	0
0	0
0	8
0	0
0	0
0	0
0	0
0	0
0	0
2	0
0	2
0	0
4	0
0	0
0	0
1	1
0	0
0	2
5	0
7	0
0	0
0	0
0	0
20	0
0	0
0	0
0	0
0	0
0	0
0	0
0	0
0	0
0	0
0	0
0	0
0	8828
0	0
0	0
0	0
0	0
5	0
0	0
4	0
0	43
0	0
0	0
0	0
0	0
0	0
0	1
0	0
0	0
0	0
0	1
0	0
0	1
1	19
0	0
0	0
0	0
13	10
0	0
5	0
2	2
0	0
0	0
0	0
0	0
0	0
0	0
0	0
0	0
0	0
0	0
0	0
0	2
0	0
0	0
0	0
0	0
0	0
0	0
0	0
1	2
0	1
2	0
0	0
0	0
0	0
4	0
0	0
0	87
0	0
0	0
0	0
0	0
5	0
0	14
0	3
0	4
0	0
0	0
0	1
0	0
0	0
0	0
7	2
0	0
0	0
0	0
0	0
0	2
0	0
0	19
0	0
0	0
0	0
0	1
0	0
11	0
0	0
0	0
0	0
5	1
0	0
0	0
1	0
0	0
27	0
0	0
0	0
0	0
0	0
0	0
0	0
0	0
0	0
0	0
0	0
1	0
0	0
0	0
0	2
0	0
0	0
0	0
0	0
0	0
0	0
0	0
0	14
0	1
0	0
0	0
0	0
3	0
0	0
3	0
22	0
0	75
0	0
0	0
62	0
0	0
0	7
19	1
0	0
3	0
0	1
0	0
6	35
0	0
0	0
0	0
0	0
0	1
0	0
0	0
4	0
0	0
0	0
0	0
0	0
0	0
28	5
1	0
10	0
0	0
0	0
1	0
0	0
14	0
49	152
67	139
0	0
1	1
0	0
0	0
0	0
0	0
0	0
7	0
0	1
0	52
0	0
0	0
0	0
0	0
1	0
0	0
0	0
0	0
4	1
0	0
0	0
0	0
0	2
0	0
0	0
12	1
0	0
0	0
0	2
0	0
0	0
0	10
0	0
0	0
4	5
0	3
0	3
0	0
0	0
0	0
0	0
0	0
0	0
0	0
3	0
0	0
0	0
3	0
0	0
10	0
0	0
0	0
0	0
0	0
0	0
148	4
1	0
22	43
0	68
0	0
2	0
0	0
7	1
0	0
0	0
0	0
0	0
0	0
0	0
0	0
0	0
0	0
0	0
0	0
0	9
0	0
0	0
9	4
0	0
0	0
2	0
0	0
0	0
0	0
0	0
3	0
0	0
0	0
0	2
0	0
0	0
0	0
1	0
0	0
0	0
0	0
0	0
0	9
0	0
0	0
0	0
0	0
0	18
0	0
1	1
0	4
6	0
4	0
0	0
0	7
43	17066
0	0
0	0
11	26
0	0
0	0
0	0
0	1
13	0
0	0
0	0
3	0
12	0
0	0
2	0
0	1
0	0
0	1
1	0
1	0
0	1
0	0
32	0
0	35
0	0
0	0
0	0
0	0
0	20
2	0
0	0
0	0
0	0
0	0
0	0
54	3
15	0
0	0
0	0
4	1
0	0
0	0
0	0
0	0
0	0
0	0
0	0
0	0
0	0
0	0
0	0
0	0
0	0
0	0
0	0
0	0
0	0
0	0
0	0
0	0
0	0
0	735
0	0
0	0
0	0
0	0
1	1
0	0
0	0
0	0
0	0
0	0
0	0
0	0
8	0
0	1
0	0
6	0
0	0
0	0
9	0
0	0
0	0
0	0
0	0
0	0
0	0
1	0
0	21
0	0
0	0
0	36
0	0
0	0
0	0
0	0
1	0
0	0
1	27
2	1
0	0
0	0
0	0
0	0
0	0
0	1
0	0
4	0
16	0
3	0
0	0
1	0
6	36
3	0
0	0
0	0
1	0
0	0
0	0
1	0
0	0
0	0
0	0
0	0
3	0
0	1
0	1
1	401
0	0
0	0
0	0
0	0
0	0
0	0
0	0
0	0
0	0
0	0
1	0
0	0
0	0
0	0
0	3
0	0
0	0
0	0
0	0
0	0
1	391
0	3
3	0
0	0
0	0
0	5
0	0
0	0
0	0
4	0
0	0
0	0
0	0
0	0
0	3
0	0
29	1
0	0
3	0
0	0
0	0
0	0
0	0
0	0
8	0
0	3
7	0
0	0
0	0
0	0
0	0
2	0
0	131
0	0
9	0
0	0
0	1
1	0
0	0
0	2
0	0
0	0
0	0
1	0
0	0
0	0
0	0
0	0
0	0
0	0
0	0
1	1
1	0
0	0
0	0
8	0
22	0
0	1
0	0
0	2
0	0
0	0
0	0
0	0
0	0
0	0
0	0
0	0
0	0
0	0
0	0
1	0
0	1
0	0
0	0
0	0
9	0
0	0
17	0
0	0
0	0
0	0
0	0
18	0
0	1
0	0
0	0
8	0
0	0
0	1
0	0
4	4
0	0
0	7
0	0
0	0
0	0
0	0
1	0
60	0
3	0
0	0
0	0
0	0
0	0
0	0
0	0
0	0
0	0
0	0
0	0
0	0
0	0
1	0
0	0
0	1
0	0
0	6
0	0
0	0
3	0
1	0
0	0
0	238
0	0
0	0
0	0
0	1
2	0
0	0
0	0
0	0
0	0
0	4
0	44
0	0
0	0
0	0
0	0
0	1
0	0
1	0
0	0
0	10
0	0
0	0
0	0
0	0
0	0
0	0
0	3
0	0
0	0
0	0
2	0
0	0
3	0
16	0
0	0
0	0
0	0
0	0
0	6
2	0
12	0
0	14
3	0
0	0
0	0
0	0
0	0
0	0
0	0
0	0
0	0
2	0
0	4
0	0
0	0
0	0
0	0
0	0
0	1
0	0
0	0
0	0
2	0
0	0
7	0
0	1
1	0
0	0
0	0
0	1
0	0
0	0
7	0
6	0
1	44
0	17
0	0
0	0
0	0
0	0
0	1
0	0
0	2
0	0
0	44
0	0
0	3
0	4
0	6
0	16
0	0
0	0
0	165
0	14
0	0
0	14
0	15
0	18
0	0
0	29
0	0
0	0
0	0
0	0
0	0
0	15
0	0
0	9
0	0
0	0
0	3
0	4
0	0
0	1
0	0
0	1
0	16
0	3
0	0
0	6
0	0
0	0
0	44
0	18
0	2
0	1
0	0
0	0
0	0
0	0
0	0
0	0
0	0
0	0
0	1
0	0
0	0
0	1
0	0
0	0
0	0
1	4
0	0
0	0
0	0
0	0
0	2
0	0
0	0
0	0
0	0
0	0
0	45
0	9
0	0
0	1
0	0
0	0
0	0
0	0
0	4
0	2
0	1
0	0
0	0
0	0
0	1
0	2
0	0
0	2
0	0
0	1
0	5
1	0
0	3
0	0
0	0
0	3
0	27
0	9
0	0
0	4
0	5
0	2
0	0
0	47
0	0
0	0
0	0
0	0
0	0
0	0
0	1
0	5
0	5
0	2
0	0
0	2
0	26
0	0
0	2
0	10
0	19
0	32
0	20
0	5
0	0
0	0
0	3
0	0
0	0
0	2
0	0
0	0
0	3
0	0
0	0
0	0
0	0
0	10
0	0
0	0
0	0
0	36
0	41
0	0
0	0
0	0
0	0
0	0
0	0
0	0
0	0
0	0
0	0
0	0
0	0
0	17
14	0
0	0
0	2
2	0
0	0
23	0
0	0
0	0
0	0
0	0
0	0
0	0
9	10
106	0
0	0
0	0
1	0
4	0
1	0
0	0
0	0
0	0
0	0
0	0
140	0
0	0
0	0
0	0
0	0
0	0
0	0
0	0
0	0
0	88
0	0
0	0
0	0
0	0
0	0
0	0
0	0
0	0
0	0
0	0
0	0
0	0
0	0
66	0
7	0
0	0
0	0
0	0
0	0
0	0
0	2
0	0
2	0
2	0
0	0
0	0
0	0
0	0
0	0
11	33
0	0
0	0
0	0
0	0
0	0
0	0
3	0
0	0
0	0
2	0
1	0
0	0
0	0
0	0
0	0
0	0
2	0
0	0
12	0
0	0
0	0
0	0
0	0
37	0
0	0
0	0
14	3
0	0
0	2
0	0
0	17
0	0
0	0
0	0
0	0
0	0
0	0
0	0
9	0
9	0
0	0
0	0
20	2
28	3
1	1
0	0
0	0
3	46
0	0
0	40
0	0
0	0
1	0
1	0
0	0
0	0
0	0
4	3
0	3
1	4
82	14
29	14
0	6
0	5
2	1
17	8
0	0
0	1
0	1
0	0
0	0
14	15
0	0
20	0
0	0
0	0
0	4
0	0
0	0
15	9
3	3
0	3
0	0
2	0
0	0
2	3
0	3
0	0
0	0
0	0
0	0
0	0
0	0
3	0
6	0
18	45
0	0
0	0
0	0
0	0
16	1
0	1
0	1
0	0
0	0
0	1
0	1
9	0
0	0
2	0
0	4
0	1
0	0
0	0
0	0
0	0
1	0
0	0
0	0
1	0
0	0
0	0
6	0
0	0
0	0
0	0
0	0
0	0
0	0
0	0
0	0
46	57
0	0
0	570
0	412
2	0
0	2
0	2
54	157
15	149
27	8
19	1
0	0
0	0
0	35
8	0
33	2
0	2
7	22
0	1
0	44
1	9
12	4
1	0
6	2
0	0
0	0
0	0
41	2
0	0
0	0
0	0
0	9
0	8
14	29
0	3
0	3
1	0
2	1
16	0
0	0
1	0
1	0
0	0
0	19
0	14
5	0
18	0
3	2
0	1
32	11
0	0
0	1
0	0
0	0
0	2
0	1
0	4
2	1
143	228
13	227
120	14
0	3
39	58
3	11
3	7
23	23
0	32
0	1
0	1
1	14
0	0
0	0
0	0
0	0
0	0
2	0
0	1
0	1
1	15
0	0
0	0
0	0
0	0
15	5
0	0
0	14
0	0
0	2
0	0
0	14
16	22
0	1
2	1
3	1
0	1
0	0
0	21
0	1
0	2
0	2
12	0
0	0
5	14
0	1
0	0
0	0
10	0
25	18
0	0
0	0
0	0
85	63
114	68
4	1
0	1
1	0
0	21
0	0
419	228
0	92
13	95
81	105
0	0
0	0
0	0
0	0
0	0
0	0
36	55
0	0
1	0
0	0
0	0
1	0
7	2
9	14
102	124
0	25
0	0
0	2103
1	15
13	3
0	2
43	34
0	596
0	293
11	589
6	936
0	169
0	83
47	523
545	93
0	49
9	0
0	0
0	0
1	0
0	0
1	0
0	0
13	141
126	342
50	88
11	40
0	9
0	23
1	43
0	42
0	1
0	0
0	2
1	2
0	3
1	1
0	1
0	1
17	16
0	0
0	0
0	0
1	0
12	3
2	0
0	0
0	0
0	6
0	2
14	42
0	0
0	0
1	48
0	14
0	3
3	3
1	0
104	48
0	6
0	0
0	0
0	0
1	0
0	4
0	0
13	131
0	61
0	0
0	0
0	0
0	0
0	0
0	0
0	0
3	61
0	53
0	1
6	0
0	6
31	0
0	0
4	14
1	5
0	0
0	5
21	9
0	9
0	0
0	0
0	0
7	0
0	0
9	49
0	0
0	0
21	13
0	0
0	2
0	0
1	0
0	0
0	22
0	22
1	0
0	0
0	0
0	2
0	1
0	1
13	1
44	3
0	4
0	0
3	0
22	130
65	65
22	371
3	0
0	0
0	0
0	0
0	0
0	0
0	3
0	3
0	3
0	0
6	2
0	2
2	0
1	3
0	1
0	1
17	15
0	15
1	0
0	0
0	3
0	0
2	1
4	0
2	1
0	0
0	1
0	0
10	1
0	1
0	0
0	0
0	1
0	1
0	5
0	5
0	1
0	26
1	1
0	27
0	1
16	1
4	2
2	1
0	2
0	1
0	2
0	28
0	1
0	0
13	5
5	5
8	0
4	1
0	0
0	0
0	0
1	3
0	0
0	0
1	1
2	1
0	0
0	0
0	0
32	0
1	0
45	0
6	5
0	0
0	0
32	49
5	0
3	0
0	0
0	9
0	9
0	4
0	0
0	5
4	6
0	16
454	4
430	545
1	589
8	33
0	4
741	4
3572	445
0	113
0	1
0	38
8	29
29	337
0	3
1	5
161	3
10	0
31	25
0	5
1	0
0	0
0	25
3	1
0	0
0	0
0	1
3	16
0	0
0	10
0	29
1681	22440
0	6550
0	14582
0	237
21	5
0	5
62	757
9	293
281	307
44	896
0	49
0	83
2217	736
0	290
247	86
78	14
0	596
73	58
0	58
1	0
27	1
0	0
0	2
0	25
0	2
0	1
2	4
0	0
0	23
0	0
0	0
80	94
2	93
0	0
0	3
0	3
0	5
0	12
0	2
45	54
0	0
2	1
6	0
0	1
22	0
0	0
3	16
0	2
0	2
129	10
1	5
0	11
25	5
16	46
27	24
0	39
0	24
0	44
8	3
0	15
12	12
5	5
14	34
8	0
0	9
0	0
0	0
0	0
0	0
0	0
89	132
0	0
0	26
0	2
0	0
0	1
0	4
0	3
19	7
2	1
0	1
0	1
0	4
2	14
19	3
9	3
4	0
18	0
1	2
0	0
3	15
0	0
156	141
0	0
0	0
0	0
0	0
0	0
0	0
0	0
0	0
2	0
0	0
0	1
0	5
0	5
2	1
3	177
18	0
42	1
0	2
0	5
12	1
0	0
0	0
0	0
0	0
357	14
0	13
0	0
0	0
0	0
0	2
0	0
0	0
0	0
24	16
3	34
0	17
0	0
13	0
0	15
5	29
0	22
0	24
0	7
105	20
0	0
0	0
0	0
0	0
148	0
2	6
0	0
1	3
18	52
3	20
1	26
0	24
8	3
0	0
0	6
0	2
0	0
1	20
0	14
40	21
3	8
0	1
375	4
0	1
0	0
1	0
3	0
0	0
0	0
0	12
0	12
0	0
0	0
9	3
0	2
0	0
0	0
0	0
0	0
0	0
0	0
0	0
0	0
0	0
139	19
19	1
0	0
0	0
0	0
0	0
0	0
0	3
0	0
0	0
2	0
19	0
3	0
0	1
0	0
4	42
9	65
9	42
501	169
0	13
0	14
0	12
0	12
2	1
2	1
1	5
0	0
0	0
0	0
0	0
0	34
0	3
13	9
1	0
0	1
4	5
12	2
17	57
1	35
0	32
0	26
0	24
0	20
11	8
1	4
11	19
0	0
5	1
1	0
0	7
1	9
43	0
0	0
0	0
18	12
0	0
0	0
0	0
8	5
0	0
0	0
0	36
0	5
0	25
0	36
0	0
0	0
0	0
232	74
0	45
0	0
0	0
0	0
0	0
1	26
0	10
0	4
2	0
0	0
0	4
0	4
0	0
0	0
0	0
14	1
0	1
0	0
0	0
0	0
56	39
212	130
10	34
0	0
1	0
0	0
0	0
0	0
0	6
1	31
0	0
4	1
0	1
16	8
17	7
0	1
0	38
2	0
0	0
0	0
0	0
0	0
0	5
15	4
0	2
0	0
0	0
0	0
0	7
0	7
0	0
0	0
3	0
0	0
0	7
0	0
0	0
0	0
0	0
0	0
0	0
0	0
0	0
0	0
21	21
0	4
8	5
15	12
165	146
1	65
0	22
0	2
0	2
0	0
4	0
0	0
0	0
2	10
0	1
0	1
0	20
0	20
0	2
0	0
0	0
0	2
0	1
0	5
4	0
0	71
0	0
0	0
3	5
0	0
9	24
1	4
0	0
0	0
0	0
0	4
0	0
2	0
0	0
54	5
119	5
0	0
0	8
0	0
0	0
2	0
0	1
1	2
7	1
1	0
0	0
0	0
29	17
0	17
0	0
15	20
3	9
2	13
2	1
1	13
0	8
0	2
0	1
0	0
0	0
0	0
7	74
0	2
33	2
2	0
0	0
0	2
0	2
0	0
0	14
0	0
47	31
0	10
104	9631
0	14582
3	8
0	0
0	4
0	7
3	16
4	0
0	0
0	0
8	22
0	0
0	0
0	0
7	20
0	0
0	0
0	0
0	0
0	0
2	0
0	0
0	0
0	0
2	2181
0	1816
2	0
0	0
0	0
0	0
0	0
0	1
0	0
4	0
2	17
0	0
0	0
0	0
368	21
1	18
0	0
0	0
0	0
0	0
4	0
0	25
4	24
69	5
0	0
2	1
5	1
2	0
0	0
0	0
0	0
0	0
0	0
0	0
0	5
34	5
88	0
0	0
0	1
41	0
3	0
0	349
0	216
0	0
0	0
43	33
0	7
0	0
0	0
0	0
0	0
0	0
1	6
0	3
582	1118
11	1078
0	0
0	0
0	0
0	1
0	0
49	37
0	22
3	0
0	0
3	0
0	0
0	0
12	1
73	3
0	0
0	0
0	19
0	0
0	0
0	0
0	0
0	0
0	0
0	0
0	0
0	0
0	3
0	25
0	0
2	3
5	3
0	3
0	0
2	0
0	0
0	0
1	0
2	0
5	0
8	0
27	29
19	24
0	17
3	0
196	57
0	1
2	0
7	0
1	1
0	2
0	2
0	1
0	0
11	9
0	0
0	2
0	1
0	0
0	1
2	75
0	35
22	66
0	32
0	37
5	34
0	32
0	2
0	0
0	0
0	0
0	0
0	0
0	122
0	94
16	39
0	39
0	0
0	0
0	1
0	1
0	0
0	0
0	0
0	2
0	0
35	13
0	7
4	21
0	0
2	46
0	45
0	0
0	0
0	119
0	116
0	0
0	0
17	42
0	4
0	0
0	0
0	2
0	0
0	0
0	0
0	0
9	0
62	8501
0	4662
0	0
0	0
0	0
0	0
0	0
0	0
0	0
0	0
2	18
0	0
0	4
0	2
0	1
1	22
0	0
0	0
0	0
0	0
0	0
0	0
24	54
1	5
0	0
0	0
0	0
9	0
0	0
0	6
0	1
29	19
1	0
0	0
0	0
0	0
3	0
0	0
0	0
0	0
5	0
0	0
0	2
5	22
2	0
0	0
0	0
0	0
0	4
0	0
0	0
0	0
0	0
0	1
0	0
0	0
0	0
0	5
2	19
0	0
0	0
0	0
0	0
0	0
2	2
0	0
0	0
0	0
2	0
0	0
0	0
75	12
0	12
0	0
21	16
0	1
0	7
0	4
0	1
34	16
0	2
0	0
0	0
0	0
0	0
0	0
0	0
15	18
0	0
0	0
0	6
0	6
0	0
0	44
0	9
171	214
0	3
0	0
0	0
0	0
0	0
0	0
0	0
0	0
0	0
0	0
0	0
0	0
0	0
0	0
0	0
0	0
0	0
0	0
0	0
0	0
0	0
0	0
0	0
0	0
0	0
0	0
0	0
0	0
0	0
0	0
0	0
0	0
0	0
0	0
0	0
0	0
0	0
0	0
0	0
0	453
0	0
0	0
0	1
0	0
0	0
0	0
0	3
0	0
0	0
2	3
0	0
0	0
0	0
0	0
0	0
0	0
0	0
0	0
1	4
0	0
0	0
0	0
0	0
0	0
0	0
0	0
0	0
0	7
0	0
0	0
0	0
0	10
0	0
17	148
0	0
0	0
0	0
0	0
0	0
0	0
0	0
0	0
0	0
0	0
1	0
0	0
0	0
0	0
0	0
0	0
78	1
1	0
0	0
0	2
0	3
0	0
41	33
1	0
0	1
0	0
0	0
0	0
0	0
0	0
0	0
0	0
15	52
0	0
0	0
0	0
0	0
0	4
0	0
0	1
1	0
0	0
0	0
0	0
0	0
0	0
0	0
0	0
0	2
0	0
0	3
0	0
8	0
0	0
0	0
0	0
0	1
0	0
0	0
0	4
0	0
0	0
0	0
0	0
0	0
0	1
0	0
0	0
1	0
0	0
0	0
0	0
51	1809
0	0
0	0
0	0
0	0
0	0
0	0
0	0
10	11
0	0
0	22
0	3
0	0
0	0
1	0
0	0
2	0
0	0
0	0
1	0
0	0
0	0
0	0
0	0
0	0
0	0
0	0
0	1
0	0
0	28
0	0
3	125
0	0
0	0
0	1
0	0
0	0
0	0
1	0
0	3
0	0
3	17
0	0
0	0
0	0
17	0
0	9
0	0
0	0
11	0
0	0
1	0
0	0
4	1
0	0
1	0
0	0
0	0
0	0
0	0
0	0
0	0
2	0
0	0
0	0
5	0
0	0
0	0
0	0
4	0
0	0
1	0
0	0
0	0
0	0
0	0
0	0
2	0
0	0
0	0
0	0
0	0
0	0
11	0
0	0
0	0
0	0
0	0
0	0
0	0
0	0
0	0
0	0
0	0
0	0
0	0
0	0
0	0
0	0
0	0
0	0
0	0
1	0
0	0
0	0
0	0
0	0
0	0
0	0
0	0
0	1
6	53
0	0
0	0
0	0
0	0
0	0
0	0
0	0
0	3
0	15
0	0
0	0
0	0
0	0
0	0
0	2
0	0
0	0
0	0
1	0
0	0
0	0
0	0
2	0
9	24
0	0
0	0
1	0
0	0
0	0
0	0
0	0
0	0
0	0
0	1
0	0
16	25
0	0
0	0
0	0
0	0
0	0
0	0
0	0
6	8
4	0
0	0
0	0
0	0
0	0
0	0
0	0
1	1
0	0
0	0
0	0
0	0
0	0
0	33
0	0
0	8
0	0
0	0
0	0
0	0
0	0
2	0
0	0
0	0
0	0
0	0
0	0
0	0
0	0
6	0
0	0
0	0
0	0
0	1
0	0
0	3
0	0
0	0
0	1
0	0
0	0
0	0
0	0
5	0
0	0
0	0
0	0
0	0
0	0
0	0
0	0
0	0
0	0
1	0
0	0
174	41
0	0
24	0
0	0
0	0
0	0
0	0
0	0
0	0
0	0
0	0
0	0
0	0
0	0
0	0
0	2
0	0
0	0
0	0
0	0
0	0
75	18
3	0
0	0
0	1
1	0
0	0
0	0
0	0
0	0
0	0
0	0
0	0
0	0
0	4
0	0
0	2
0	12
0	0
0	0
0	0
0	0
0	0
0	0
0	0
0	0
0	0
0	6
0	0
0	0
0	0
0	0
0	0
0	0
0	0
0	2
0	0
0	0
0	0
0	0
0	0
0	0
0	0
8	0
0	0
0	0
0	2
1	1
28	3
18	4
506	310
0	0
0	0
0	0
0	0
0	0
0	0
0	0
0	0
0	0
0	0
9	107
28	1
0	0
0	0
0	0
0	0
0	0
0	0
0	0
0	3
0	0
0	0
0	0
0	0
0	0
0	0
0	3
0	0
0	0
0	15
0	0
0	0
0	0
0	0
0	0
0	0
0	0
0	0
0	0
0	0
0	0
0	0
0	0
1	0
0	0
0	26
47	29
0	0
0	0
1	0
4	2
0	0
0	0
0	0
0	0
0	0
0	0
0	695
6	0
0	0
0	0
1	0
5	1
0	0
0	0
0	0
0	0
0	0
18	0
0	0
0	0
0	0
0	0
0	0
0	0
0	0
0	0
0	0
0	0
0	0
0	0
0	0
0	0
0	0
0	0
0	0
0	0
0	0
0	0
0	0
0	0
0	0
0	0
0	0
0	0
0	0
0	0
0	0
0	0
0	0
0	0
0	0
2	0
6	0
0	0
0	0
0	0
5	0
0	0
0	0
0	1
0	0
0	0
0	5
0	0
0	0
0	0
2	0
0	0
0	0
0	0
13	1
2	0
0	0
0	0
1	0
0	0
0	0
1	0
12	5
22	9
6	170
0	1
1	13
0	0
0	0
0	0
0	0
0	0
0	0
0	0
30	26
0	0
1	0
0	0
4	0
0	0
5	9
0	0
0	0
0	0
0	0
0	0
0	0
0	0
0	0
0	0
0	0
0	0
0	0
0	0
0	7
0	0
140	1
0	0
0	0
24	0
0	0
1	0
0	0
0	0
0	0
0	0
3	0
0	0
0	0
90	0
0	0
0	0
0	0
0	0
0	0
0	0
0	0
0	0
0	0
0	0
0	0
0	3
0	4
0	0
0	14
0	1
0	12
0	0
19	0
0	0
0	0
0	0
0	0
0	0
0	0
0	0
3	0
73	0
24	1
12	0
0	0
0	0
0	0
0	0
0	0
0	0
0	0
0	0
0	0
0	0
0	0
0	0
0	0
0	14
16	0
0	0
0	0
0	0
0	0
0	0
0	0
0	0
0	0
0	0
0	0
0	0
0	0
0	0
0	0
1	0
0	0
0	0
0	0
0	0
2	0
0	0
0	0
0	54
0	0
0	0
0	0
0	0
0	0
1	0
0	0
0	1
0	0
0	1
0	1
0	0
0	0
2	0
0	4
0	0
0	0
0	10
0	12
0	1
0	42
0	0
13	14
0	0
0	0
0	0
0	0
0	0
0	0
0	0
0	0
0	0
0	0
0	0
0	0
0	0
0	0
0	0
0	0
0	0
0	0
0	0
0	0
0	0
0	0
6	0
0	0
0	0
1	13
0	0
1	0
0	0
0	4
0	0
0	0
0	0
0	7
0	0
3	4
0	0
0	0
1	7
0	0
0	0
0	0
0	0
0	0
0	0
2	0
0	0
0	0
0	0
0	0
0	0
0	0
0	0
0	0
0	0
10	9
0	0
0	0
0	0
0	0
0	2
1	0
0	0
0	0
0	0
0	0
0	0
0	0
13	0
7	0
40	8
0	0
0	0
3	21
0	0
0	0
0	0
0	0
0	0
0	0
0	0
0	0
10	0
0	0
0	0
0	0
0	0
0	0
0	0
0	0
0	0
0	0
0	0
0	0
0	0
0	0
0	3
0	0
0	0
0	0
2	0
0	0
0	0
2	1
77	0
0	0
0	0
0	0
8	24
6	35
0	0
0	0
0	4
0	0
0	0
0	0
0	0
38	2
0	0
0	0
0	0
0	0
0	0
0	0
119	678
0	75
0	0
0	0
0	0
0	0
0	0
0	0
0	0
0	0
0	0
0	0
0	0
1	0
0	3
0	0
0	0
0	0
0	0
0	0
0	0
0	0
0	0
1	0
0	0
0	0
0	0
0	1
0	1
0	25
0	1
0	0
0	0
0	0
0	0
0	0
0	0
0	0
0	0
2	0
0	0
0	0
0	0
0	0
0	0
0	0
0	0
0	0
0	0
0	0
0	0
0	0
0	0
0	0
0	0
0	0
0	4
0	0
0	0
0	0
0	0
0	3
14	0
0	0
0	0
0	0
0	0
0	9
0	0
0	0
485	378
0	0
0	0
0	0
0	0
0	0
0	0
0	0
0	0
0	0
0	0
0	0
0	0
8	7
0	0
0	11
0	0
0	2
14	47
0	0
0	0
0	0
2	0
0	0
0	0
0	0
0	0
0	0
0	0
0	0
0	0
0	0
0	0
0	0
5	0
0	0
0	0
0	0
0	0
0	0
0	0
0	0
0	0
0	0
0	0
0	0
0	0
0	0
0	0
0	0
0	0
0	0
0	0
0	0
0	0
0	0
0	0
0	0
0	0
0	0
0	0
2	13
0	0
0	0
0	0
0	0
0	0
0	0
0	1
0	0
0	0
1	0
0	0
0	0
0	6
0	0
0	0
0	0
0	0
0	0
0	0
0	0
0	0
0	0
0	0
0	0
0	0
2	8
44	0
1	0
0	0
0	0
2	0
1	0
6	0
3	0
0	0
0	0
0	0
0	0
0	0
0	0
0	0
5	0
0	0
0	0
0	0
0	0
1	7
0	0
0	1
0	0
0	0
0	0
0	0
2	0
0	0
2	0
0	0
1	4
0	0
0	0
0	0
0	0
0	0
0	0
0	0
0	1
0	264
0	0
0	0
0	16
0	0
0	27
0	1
0	117
1	0
1	9
0	0
0	0
0	6
0	0
0	0
0	15
7	0
0	0
0	0
0	0
21	4
0	0
0	0
0	0
0	0
0	1
0	0
0	0
0	0
0	0
0	0
0	0
0	0
0	3
0	0
0	0
0	0
0	0
0	0
0	0
1	1
0	0
0	0
0	0
1	0
0	0
0	0
0	0
0	0
0	0
0	0
3	4
0	0
0	0
2	0
0	2
0	5
0	0
0	0
0	4
2	0
11	1
0	0
0	0
0	0
0	0
0	0
1	1
0	0
5	1
0	9
0	0
0	0
0	0
0	0
0	0
0	7
0	0
0	0
0	15
0	0
0	0
0	0
0	0
0	0
0	0
0	2
0	0
92	384
0	0
0	0
0	0
0	0
0	0
1	2
0	0
0	0
0	0
0	0
0	0
0	0
0	0
0	0
0	0
0	0
1	0
0	0
0	0
0	0
0	0
0	0
0	0
0	0
0	0
0	0
0	0
0	15
0	0
0	0
6	0
0	0
0	0
4	16
0	0
0	0
0	3
0	0
0	0
0	0
0	0
0	0
0	0
0	1
0	0
0	0
0	0
0	0
0	0
0	1
0	0
0	20
0	0
0	0
0	0
0	0
0	0
0	0
0	0
6	14
0	0
0	0
0	0
0	0
0	0
0	0
16	38
0	0
0	0
0	0
0	0
0	14
0	0
0	8
0	0
0	0
0	0
0	0
0	0
0	0
0	0
0	1
0	0
5	1
0	0
0	0
0	0
0	0
0	0
1	0
0	0
0	0
0	0
0	0
0	0
0	1
0	20
0	0
0	4
0	0
0	0
0	0
0	0
0	0
0	1
0	0
0	0
0	0
0	0
0	0
0	0
1	0
0	0
0	4
0	0
0	0
0	0
0	0
113	5
0	0
10	0
0	0
0	0
0	1
0	0
0	0
0	0
0	0
0	0
0	0
0	0
2	0
0	0
0	0
0	0
0	0
0	0
0	0
0	0
0	0
4	0
0	0
0	0
0	0
0	0
0	0
0	0
0	0
2	0
0	0
0	0
0	0
0	0
0	0
0	1
0	0
5	0
0	0
0	0
0	0
0	0
8	9
0	0
0	1
0	0
0	0
0	0
0	0
0	0
0	0
0	0
7	1
0	2
0	0
0	0
0	0
18	1
0	0
0	0
0	0
0	0
0	0
0	0
0	0
0	0
0	0
0	0
0	0
0	0
0	0
0	0
0	0
0	0
0	0
0	0
0	0
0	0
0	0
0	0
0	1
0	0
246	22
0	0
2	0
0	3
0	0
0	0
0	0
0	0
0	0
0	0
0	0
0	0
0	35
0	0
0	0
0	25
0	4
0	0
0	0
2	34
0	0
0	0
1	3
0	310
0	0
0	0
0	4
0	366
0	0
0	12
0	0
0	0
0	0
0	0
0	0
0	0
0	0
0	0
0	0
0	0
0	0
0	1
0	0
62	180
0	0
0	0
0	0
0	0
0	0
0	0
0	0
0	0
0	0
0	26
2	41
0	0
0	0
0	0
0	0
0	0
0	0
0	0
0	0
0	0
0	0
1	0
0	0
0	0
0	0
0	0
0	0
0	0
0	0
0	16
0	0
0	0
0	0
0	0
7	7
0	0
99	11
0	0
0	0
0	0
16	86
1	3
0	1
0	0
0	0
2	0
0	0
0	0
7	0
0	0
0	0
33	6
0	0
6	0
0	0
0	0
0	0
2	3
0	43
0	0
0	0
0	0
0	0
0	0
0	0
0	0
12	1
0	0
0	0
0	0
0	0
0	0
0	1
0	0
0	0
0	0
0	0
0	5
0	0
1	0
1	0
21	0
0	0
0	0
0	0
0	0
0	110
0	0
0	0
0	0
0	0
4	7
0	0
0	0
0	0
0	0
13	0
0	0
0	0
0	0
0	0
0	0
0	0
0	0
0	0
0	0
0	0
0	4
0	0
0	0
0	0
0	1
0	0
0	0
0	0
0	0
0	0
0	0
10	0
1	0
0	0
0	0
0	0
0	2
0	0
0	0
0	0
0	0
0	0
0	0
0	46
0	0
0	0
0	0
0	0
0	14
0	1
0	0
0	0
0	0
7	1
0	0
0	0
0	0
0	0
7	13
0	0
0	0
5	0
0	0
1	15
0	0
0	0
0	0
0	0
0	0
1	1
0	0
0	0
0	0
0	0
0	0
0	8
0	0
0	1
0	0
0	0
2	0
0	0
0	0
0	0
0	0
0	0
0	0
0	0
0	0
0	0
0	0
0	15
0	0
0	0
0	0
0	1
0	0
0	0
0	5
0	0
0	1
0	0
0	0
0	0
0	0
0	0
8	0
0	17
0	0
0	0
0	0
0	0
0	3
0	8
0	0
0	0
0	0
0	0
0	0
0	0
0	0
0	0
0	20
0	2
0	0
0	0
0	0
0	0
0	0
0	0
0	0
0	0
0	0
0	0
0	0
0	0
0	0
0	0
0	0
0	0
2	0
0	1
0	0
0	0
0	0
0	0
0	0
0	0
0	0
1	0
0	0
0	0
0	0
0	0
0	0
0	0
0	0
0	0
0	14
0	0
0	0
0	0
0	0
0	0
0	0
0	0
0	0
0	0
0	0
0	0
0	0
0	0
0	0
0	0
0	0
2	2
0	0
0	0
0	0
0	0
0	0
0	3
1	18
0	0
0	0
0	0
0	0
0	0
0	0
1	0
0	0
0	0
2	2
0	0
1	19
0	0
57	0
0	0
0	0
0	0
0	0
0	0
0	0
0	0
0	0
0	0
0	0
0	0
0	1
0	0
45	0
0	3
0	0
5	0
0	0
0	110
0	0
0	0
0	0
0	0
0	0
0	0
13	0
0	0
0	0
0	0
0	0
0	0
0	0
0	0
0	0
0	0
0	0
0	0
0	0
0	0
0	0
0	0
0	0
2027	2388
0	0
0	0
0	0
0	0
0	0
0	0
95	1108
0	3
0	0
0	0
0	0
0	0
0	0
0	0
0	2
0	0
0	20
0	14
0	0
0	0
0	0
0	0
0	0
0	0
0	3
0	0
0	0
37	0
0	10
0	0
0	0
3	19
0	0
0	0
0	0
0	0
0	0
0	0
0	0
0	0
0	0
0	0
0	0
0	0
0	0
0	0
0	0
0	0
0	0
0	0
6	0
8	0
0	0
0	0
0	0
0	0
5	0
0	26
0	0
0	0
0	0
0	0
0	0
0	0
0	11
0	0
0	0
4	0
4	0
0	0
0	0
0	0
0	0
0	3
0	0
0	0
0	0
0	0
0	0
8	0
0	0
0	0
0	0
0	1
0	0
0	0
1	3
0	0
0	0
0	0
0	0
0	0
0	0
0	0
5	0
1	0
0	0
28	0
0	2
0	0
0	0
0	0
0	0
0	0
0	0
0	0
0	0
0	0
0	0
0	0
0	0
0	0
0	0
36	0
0	0
0	0
0	0
0	0
1	0
0	0
0	0
0	0
0	0
0	0
0	0
0	0
0	0
0	0
0	0
0	0
0	0
0	0
0	0
0	62
0	0
0	0
0	0
0	0
0	0
0	0
0	0
0	0
0	0
0	0
0	0
0	0
0	0
0	0
0	0
0	0
1	0
23	5
0	0
0	0
21	11
0	0
0	0
0	0
0	0
0	0
0	0
0	0
0	0
0	0
0	0
0	2
0	0
0	0
0	0
0	0
0	0
1	11
0	0
0	0
0	0
0	0
0	1
0	0
1	0
0	0
0	0
28	6
0	0
0	0
0	0
0	0
0	0
0	0
0	0
0	0
0	0
0	0
0	0
0	0
0	0
0	0
0	0
0	0
0	0
0	0
49	8
0	0
0	0
0	0
0	0
0	0
0	0
0	0
0	0
0	0
0	0
0	0
3	45
0	0
0	0
0	0
0	0
0	5
0	0
0	0
0	0
0	0
0	4
0	0
0	14
0	0
0	1
0	0
2	19
1	0
0	0
2	8
0	25
0	0
0	0
0	3
0	0
0	0
0	0
0	0
3	0
0	0
0	0
0	0
0	0
0	0
0	0
47	0
0	0
0	0
0	0
0	0
0	0
0	0
0	10
3	0
0	0
0	0
0	0
0	0
0	0
47	10
0	1
2	0
0	0
0	0
0	3
0	0
0	0
0	3
0	12
0	0
0	0
0	2
0	0
0	0
0	3
0	0
0	1
0	4
0	0
1	0
0	0
0	0
0	0
17	2
0	0
0	0
0	0
0	0
0	0
0	0
0	0
0	0
0	0
0	0
0	0
0	262
0	7
0	14
1	0
0	0
0	0
0	0
0	0
15	5
0	0
0	0
0	0
0	2
0	0
0	0
33	629
0	0
0	0
0	0
8	0
3	20
0	0
0	0
0	0
83	304
0	0
0	0
0	0
0	0
0	1
0	0
0	0
0	0
0	0
0	0
0	1
0	0
0	0
0	0
0	0
0	0
0	0
0	0
1	0
0	4
0	1
0	0
30	2
0	0
0	0
0	0
0	0
2	141
82	674
0	0
0	0
0	0
5	25
0	0
1	3
0	0
0	0
0	0
0	0
0	0
0	0
0	9
0	0
0	0
0	0
0	0
0	0
0	1
0	0
1	0
0	0
0	0
1	0
0	0
0	0
0	0
0	4
0	0
0	0
0	0
3	25
0	0
0	0
102	324
3	0
0	0
0	0
0	0
0	0
0	0
0	0
0	0
0	0
0	0
0	0
0	0
0	0
0	4
4	2
0	0
0	72
0	0
0	0
0	0
0	0
0	1
0	0
0	0
0	0
0	0
1	5
9	3
0	0
0	0
0	0
4	0
0	0
0	0
0	0
55	0
0	0
39	5306
0	0
0	0
0	0
0	0
0	0
0	0
0	0
0	0
0	1
1	0
0	0
0	0
0	0
0	0
34	0
0	0
0	0
0	0
0	0
0	0
0	0
0	0
0	0
0	1
0	0
0	0
0	0
0	0
0	0
2	0
0	0
0	0
0	0
0	0
0	10
0	0
1	1
0	0
0	8
0	0
0	0
2	0
99	0
0	0
56	549
0	0
1	0
13	0
0	0
0	0
0	0
0	0
0	0
0	1
0	4
0	0
0	0
0	0
0	0
0	0
0	0
0	0
0	0
0	0
0	0
0	0
0	0
0	0
0	0
0	0
0	0
0	0
5	0
0	0
0	1
0	0
0	0
0	0
1	3
0	1
0	82
0	0
0	0
0	0
0	0
0	9
0	0
0	0
0	0
0	0
0	0
0	0
0	0
0	0
0	0
0	0
0	0
0	0
0	0
0	0
44	129
0	0
0	0
0	0
0	0
0	0
0	0
0	0
0	0
0	0
0	0
0	0
0	0
0	0
0	0
0	13
0	62
0	0
0	0
0	0
14	282
85	41
0	501
0	0
0	0
0	0
0	0
0	0
0	0
0	0
0	2
0	0
0	0
4	1
0	0
0	0
3	0
6	1
0	0
0	0
0	0
1	0
0	0
0	0
0	0
0	0
0	0
0	0
0	14
139	2
0	0
0	0
0	0
0	0
0	0
0	7
57	326
1	3
0	0
0	0
4	46
0	2
0	0
0	9
0	3
2	0
0	0
0	0
0	0
0	0
0	0
0	0
0	0
0	1
0	0
0	1
0	0
0	0
0	0
4	0
0	0
0	9
30	0
0	0
0	13
0	0
2	0
0	0
13	631
1	0
0	0
0	0
0	13
0	1
0	0
2	0
6	0
0	0
0	0
0	5
0	0
1	0
0	0
0	0
1	0
0	0
0	0
0	0
0	0
0	0
0	0
0	0
0	0
0	0
0	6
0	1
0	1
0	0
0	0
0	0
0	0
0	9
0	0
0	0
0	0
0	0
0	0
0	0
0	0
0	1
0	138
6	0
0	19
0	0
0	0
0	1
0	0
0	0
0	0
0	0
0	0
19	1
0	0
0	0
0	0
0	0
1	0
0	0
0	0
0	0
0	0
0	0
0	0
0	0
0	0
0	0
0	0
4	0
0	0
120	61
0	0
0	0
14	3
0	0
1	1
2	0
0	0
0	0
0	0
0	0
0	0
0	0
9	1
0	0
0	0
0	0
0	0
0	0
0	0
0	0
0	0
14	17
4	26
0	55
0	0
3	1
0	1
2	15
184	28
0	0
0	0
0	0
0	0
0	0
0	0
0	0
0	0
0	0
1	0
0	1
0	0
0	0
0	7
0	0
0	0
0	0
0	0
0	0
0	0
0	0
0	0
0	0
0	0
1	4
3	0
0	0
0	0
0	0
0	0
0	0
0	0
0	0
1	0
2	1
0	2
16	7
0	0
0	0
0	0
0	0
0	0
0	0
0	0
0	0
0	0
0	0
0	0
0	0
0	1
0	0
4	2
0	0
3	0
0	0
0	272
0	0
0	0
0	0
0	0
0	0
5	4
0	0
0	0
0	0
0	0
2	48
0	0
0	1
0	0
0	0
0	0
0	0
6	0
0	0
0	0
0	0
1	1
4	0
0	3
0	5
0	0
0	1
7	1
0	0
0	0
22	17
6	0
0	0
0	0
0	0
0	0
0	0
0	0
0	0
0	0
0	0
0	8
0	0
0	1
0	0
0	0
26	0
0	0
0	0
0	0
0	0
7	0
0	0
0	0
0	0
0	0
0	0
0	0
1	0
0	0
0	0
0	0
0	0
10	691
0	0
0	0
0	0
0	1
0	1
0	0
0	0
0	0
0	0
0	0
0	0
2	0
0	0
0	0
0	0
0	0
0	0
0	0
0	0
0	0
0	0
0	0
0	16
0	0
0	0
0	0
0	15
0	0
0	0
0	0
0	0
0	0
0	0
0	2
0	0
0	0
0	0
0	6
3	1
0	0
0	0
3	0
39	7
0	0
0	0
0	0
1	1
0	0
0	0
0	0
0	0
0	0
0	0
0	118
0	0
0	0
0	0
0	0
9	0
0	0
0	0
0	0
0	0
0	1
0	0
0	0
0	0
36	0
0	0
0	0
21	1
0	0
0	0
0	0
0	22
0	0
0	0
0	0
0	0
0	0
0	0
0	0
0	0
5	0
0	0
0	0
0	695
1	0
0	0
0	0
0	0
0	0
1	0
0	0
0	0
0	0
0	0
0	0
0	0
0	0
2	0
0	0
0	0
0	4
0	0
0	0
0	0
0	0
0	0
0	0
0	0
0	0
0	0
13	47
0	0
0	0
0	13
0	0
2	5
0	0
0	0
0	0
1	1
0	0
0	0
0	0
0	0
0	0
0	0
0	0
0	0
0	0
0	565
0	0
0	0
0	0
0	0
17	33
0	0
0	0
0	0
1	0
0	0
0	0
0	0
0	0
0	0
0	0
0	0
0	14
0	0
10	0
0	0
0	0
0	0
0	0
0	1
0	0
0	0
0	0
0	0
0	0
0	0
0	0
0	0
0	0
0	0
0	0
0	0
0	0
0	0
0	695
0	16
0	0
0	0
3	270
0	0
0	0
0	4
0	0
0	0
0	0
0	0
0	0
0	0
0	0
0	0
1	0
0	0
0	0
0	0
0	0
0	0
0	0
0	0
0	0
0	0
0	0
0	0
0	0
0	0
0	0
0	0
0	252
3	0
0	0
4	2
0	0
5	11
0	0
0	0
1	0
0	0
25	4
0	0
0	0
0	0
0	1
0	0
0	0
0	0
1	0
15	0
0	0
0	0
0	0
0	0
0	0
0	0
0	0
3	291
0	0
22	0
0	0
0	0
0	0
0	0
3	4
17	1
0	0
0	0
0	0
0	0
0	0
0	0
0	0
0	0
0	0
0	0
0	0
0	0
0	0
0	0
0	0
0	0
0	0
0	2
0	1
0	0
0	0
0	0
0	0
0	0
0	0
0	0
0	0
0	0
0	0
0	0
0	0
0	0
5	0
0	0
0	0
0	0
0	0
0	61
0	10
5	0
0	0
0	0
0	0
0	0
0	0
5	438
1	0
0	5
0	0
2	0
0	0
2	0
0	0
0	0
0	0
2	6
0	0
0	0
0	0
0	0
0	0
0	0
0	0
0	0
0	0
0	0
0	0
0	54
0	42
0	0
0	0
0	0
2	0
1	6
0	0
0	0
0	0
0	0
4	0
1	0
0	30
15	0
0	0
0	0
0	0
0	0
0	0
0	0
5	1
0	0
0	3
0	16
0	0
0	911
27	11
0	0
0	0
0	0
0	0
0	0
0	0
0	0
0	0
0	0
0	0
0	0
0	0
0	0
0	0
0	1
0	0
0	0
0	0
0	0
0	0
0	0
1	0
0	0
0	0
0	0
0	0
0	0
0	0
0	0
0	0
0	0
0	0
0	0
0	0
0	0
0	0
0	0
0	7
0	0
0	0
0	0
0	0
0	0
0	0
0	310
0	0
0	0
0	51
0	0
0	1
0	0
0	5
0	0
0	0
0	0
0	0
8	0
0	1
0	0
0	1
0	0
0	0
0	0
0	7
1	0
0	0
0	0
0	3
0	569
0	0
0	0
19	255
0	16
0	6
0	0
0	0
0	0
0	0
23	65
0	0
0	0
0	0
0	0
0	10
0	0
0	9
0	0
1	0
0	0
0	0
0	0
0	0
0	0
0	0
0	0
0	0
0	0
1	0
0	0
0	0
0	1
0	0
0	0
0	0
1	0
0	0
0	0
0	0
0	0
2	45
0	0
0	0
0	0
0	0
0	0
0	0
0	0
0	0
0	0
0	0
0	0
0	0
0	0
0	0
4	1
0	0
0	0
0	0
0	0
0	0
0	0
0	0
0	0
0	0
0	0
0	0
1	0
0	0
0	0
0	0
0	0
5	0
0	0
1	0
1	0
0	14
0	44
0	0
0	0
0	0
0	0
0	0
0	11
136	5
0	0
0	0
0	1
0	0
0	0
0	0
0	0
0	0
0	0
0	0
0	0
0	0
0	0
0	0
0	0
1	43
52	1
3	2
0	0
0	0
0	0
3	0
0	0
0	0
0	0
0	0
2	19
34	26
0	0
0	25
1	6
0	0
0	0
0	0
0	0
0	0
0	0
0	0
2	5
0	0
0	0
0	0
0	0
0	0
0	0
0	0
0	0
0	0
0	0
0	1
0	0
0	0
0	0
0	0
0	0
0	1
0	0
0	0
12	1
0	0
0	0
0	0
0	0
0	0
0	0
0	0
0	0
0	0
0	0
0	0
0	0
9	0
2	0
0	0
0	0
0	19
0	0
0	0
0	0
0	0
0	0
0	1
0	0
0	0
0	0
0	0
0	0
82	0
0	7
0	0
0	0
0	0
0	0
0	0
0	0
0	0
0	0
0	0
29	2
1	11
0	0
0	0
0	0
0	0
4	1
13	0
0	0
0	0
0	0
1	0
0	0
0	0
0	0
0	0
0	0
0	0
2	0
0	0
0	0
0	0
0	0
0	0
11	6
1	0
0	0
0	0
0	0
0	0
0	0
0	0
0	0
0	4
0	0
39	0
0	2
14	0
0	0
0	0
0	0
0	0
0	1
0	0
0	0
134	1470
0	2
0	0
0	0
0	1
0	0
0	0
0	0
0	0
0	0
0	0
0	0
0	0
0	0
0	0
0	0
1	50
0	0
1	13
0	1
0	0
0	2
0	0
0	0
0	1
0	0
0	0
0	0
0	0
11	6
0	0
0	0
0	0
3	11
1	0
0	2
0	0
20	2
0	0
0	0
0	0
0	0
0	0
0	0
0	0
0	0
0	0
0	0
0	7
0	0
0	0
0	0
1	0
0	0
0	0
0	0
0	14
0	7
0	0
0	0
0	0
0	0
0	0
0	0
0	0
0	0
0	0
0	0
0	0
0	4
0	82
5	149
0	0
0	0
0	5
0	0
0	0
0	0
0	0
0	0
0	0
0	14
0	453
0	0
1	1
8	188
0	0
0	0
2	0
0	15
0	0
0	8
0	0
0	0
0	2
0	15
0	0
0	0
0	0
0	10
0	0
0	0
0	0
4	0
9	0
0	0
0	0
0	0
0	0
20	0
0	0
0	0
0	0
0	1
0	0
0	0
0	0
0	0
0	0
1	0
6	0
0	0
0	0
0	0
1	0
0	0
0	1
0	0
0	0
0	0
0	0
0	9
0	0
0	7
0	0
0	0
45	15
0	0
1	0
0	0
0	0
0	0
0	0
0	0
0	0
0	0
0	0
0	2
0	0
0	0
0	0
0	1
0	0
0	0
0	0
0	35
0	0
0	1
0	0
0	0
0	0
0	10
0	0
0	0
0	0
0	0
0	0
0	0
0	0
0	0
0	0
0	0
0	3
0	0
0	0
0	0
0	0
0	0
0	0
0	0
0	0
0	0
0	0
0	0
0	55
0	0
0	0
0	0
0	0
0	0
0	9
0	0
0	0
0	15
0	0
0	0
0	0
0	0
0	0
0	0
0	0
0	0
0	0
0	0
0	0
0	0
0	0
0	0
0	20
2	0
0	19
2	29
0	0
0	0
0	0
0	0
0	0
0	19
0	19
0	0
0	0
0	0
0	0
0	0
0	0
0	0
0	0
0	27
0	0
0	0
0	0
0	0
0	0
0	0
0	0
0	0
0	0
0	0
0	0
0	0
0	0
0	0
0	0
0	0
0	0
0	0
0	0
0	0
0	0
0	0
0	0
0	0
0	0
0	0
0	0
0	0
0	0
0	0
0	0
0	0
0	0
0	0
0	0
0	0
0	0
0	0
0	0
0	0
0	0
